file	merge	types	tokens	TTR	H	Hcross	R
amp-x-bible.txt.clean.txt	0	60	163764	0.0003663808895727999	4.658089533845558	9.376805843983355	0.21141428667925255
amp-x-bible.txt.clean.txt	1	61	159885	0.00038152422053350845	4.750786197482157	9.293599705303567	0.19895521803122151
amp-x-bible.txt.clean.txt	2	62	157019	0.0003948566733962132	4.814463826373784	9.22724652571773	0.191416679027675
amp-x-bible.txt.clean.txt	3	63	154690	0.00040726614519361303	4.866040556285664	9.1711298213274	0.18591054483584935
amp-x-bible.txt.clean.txt	4	64	152659	0.00041923502708651305	4.907622885966655	9.122175644935673	0.18206285233889086
amp-x-bible.txt.clean.txt	5	65	151056	0.0004303039932210571	4.947679214899283	9.08078250213255	0.1784495121344548
amp-x-bible.txt.clean.txt	6	66	149507	0.0004414509019644565	4.986489306966935	9.040152823705194	0.175022473965315
amp-x-bible.txt.clean.txt	7	67	148009	0.0004526751751582674	5.032351264445973	8.998390516251394	0.17041258272923432
amp-x-bible.txt.clean.txt	8	68	146581	0.0004639073276891275	5.082235509970137	8.957392924442532	0.16513075438727975
amp-x-bible.txt.clean.txt	9	69	145178	0.00047527862348289686	5.127377243253243	8.918845307686507	0.16061934767834496
amp-x-bible.txt.clean.txt	10	70	143888	0.00048648949182697655	5.169718551829423	8.883317296501497	0.15655411284855658
amp-x-bible.txt.clean.txt	11	71	142619	0.0004978298824139841	5.174417975468449	8.884357865698734	0.1585966260210694
amp-x-bible.txt.clean.txt	12	72	141382	0.0005092586043485026	5.217325236128019	8.85036199711774	0.1543940590998446
amp-x-bible.txt.clean.txt	13	73	140167	0.000520807322693644	5.264072611677042	8.81646493029542	0.14956028856664083
amp-x-bible.txt.clean.txt	14	73	139011	0.0005251382984080397	5.274709527748625	8.80711062149298	0.14784183661854433
amp-x-bible.txt.clean.txt	15	74	137908	0.0005365896104649477	5.28776389926513	8.793104420986676	0.14843326974088045
amp-x-bible.txt.clean.txt	16	75	136853	0.0005480332911956625	5.315143620319259	8.769545679316291	0.14668512852537097
amp-x-bible.txt.clean.txt	17	76	135823	0.0005595517695824714	5.317922494360449	8.76923931177291	0.14885016144666474
amp-x-bible.txt.clean.txt	18	77	134799	0.0005712208547541154	5.355579919383928	8.74215368708289	0.1454025305304133
amp-x-bible.txt.clean.txt	19	78	133785	0.0005830250028030048	5.380363756362364	8.721442872374038	0.1439905404595906
amp-x-bible.txt.clean.txt	20	79	132827	0.0005947585957674268	5.41229934446198	8.698147272999044	0.14142011585236647
amp-x-bible.txt.clean.txt	21	80	131898	0.0006065292877829838	5.439775830605071	8.677596913389262	0.13953848431077553
amp-x-bible.txt.clean.txt	22	81	130977	0.0006184291898577613	5.463876747746291	8.659251519249551	0.1381693974999041
amp-x-bible.txt.clean.txt	23	82	130079	0.0006303861499550274	5.4924596746768355	8.639144032686385	0.13607318183364459
amp-x-bible.txt.clean.txt	24	83	129234	0.0006422458486156894	5.503868938059665	8.644098403342431	0.13665334978221422
amp-x-bible.txt.clean.txt	25	84	128417	0.0006541190029357484	5.539058272230692	8.623593173098207	0.13348197439437448
amp-x-bible.txt.clean.txt	26	85	127636	0.0006659563132658498	5.5472945086991325	8.634403772136652	0.1345052027608209
amp-x-bible.txt.clean.txt	27	86	126874	0.0006778378548796443	5.567932203451728	8.620230415920652	0.13356632258612244
amp-x-bible.txt.clean.txt	28	87	126133	0.00068974812301301	5.599718600468172	8.602529602029149	0.13087572410403048
amp-x-bible.txt.clean.txt	29	88	125393	0.0007017935610440774	5.60358009853204	8.604413391354015	0.13249641309552407
amp-x-bible.txt.clean.txt	30	89	124656	0.000713964831215505	5.632719642784138	8.58792758248703	0.13018043394915557
amp-x-bible.txt.clean.txt	31	90	123928	0.0007262281324640113	5.656325174104881	8.574182492166674	0.1287040710605698
amp-x-bible.txt.clean.txt	32	91	123217	0.0007385344554728649	5.684085952145425	8.558799470515023	0.126572630759615
amp-x-bible.txt.clean.txt	33	92	122542	0.0007507630037048522	5.7119605705024155	8.544372639867007	0.12441077298285486
amp-x-bible.txt.clean.txt	34	93	121880	0.0007630456186412865	5.718716246880739	8.550479244419803	0.1254660710844966
amp-x-bible.txt.clean.txt	35	94	121238	0.0007753344660914894	5.719789065608623	8.562048650569874	0.12736112133949462
amp-x-bible.txt.clean.txt	36	95	120599	0.000787734558329671	5.740739680534638	8.55294659590386	0.1262000228353488
amp-x-bible.txt.clean.txt	37	96	119965	0.0008002334014087443	5.7397416149442435	8.606212200459014	0.12835621853341572
amp-x-bible.txt.clean.txt	38	97	119334	0.000812844620979771	5.768718811290091	8.591828952035634	0.12594015266140846
amp-x-bible.txt.clean.txt	39	98	118712	0.0008255273266392614	5.777993977217642	8.590320685978362	0.12649320780743722
amp-x-bible.txt.clean.txt	40	99	118112	0.0008381874830669196	5.794479371431452	8.582004062147194	0.12593639119057254
amp-x-bible.txt.clean.txt	41	100	117536	0.0008508031581813232	5.815666690677888	8.571666230807349	0.12465494066103766
amp-x-bible.txt.clean.txt	42	101	116961	0.0008635357084840246	5.84164242507454	8.559707962438566	0.12264090135805839
amp-x-bible.txt.clean.txt	43	102	116397	0.0008763112451351839	5.8572096314773106	8.554796352590628	0.12217682007863628
amp-x-bible.txt.clean.txt	44	103	115834	0.0008892035153754511	5.863223764963809	8.557544691724065	0.12312520710534158
amp-x-bible.txt.clean.txt	45	104	115277	0.0009021747616610426	5.885600731957567	8.548126033614384	0.12160977793403482
amp-x-bible.txt.clean.txt	46	105	114723	0.0009152480322167307	5.906399103383729	8.538592515193038	0.12031827137640949
amp-x-bible.txt.clean.txt	47	106	114172	0.0009284237816627544	5.911287699291186	8.541667870466185	0.12137966861931815
amp-x-bible.txt.clean.txt	48	107	113630	0.000941652732553023	5.911849092826274	8.586475127706905	0.12306192335412658
amp-x-bible.txt.clean.txt	49	108	113106	0.0009548565062861387	5.933094874389947	8.577713020922902	0.12165896582442215
amp-x-bible.txt.clean.txt	50	109	112588	0.0009681315948413685	5.950209695208995	8.570101898410554	0.12085584409595562
amp-x-bible.txt.clean.txt	51	110	112088	0.0009813717793162515	5.958574798789405	8.579093021201837	0.12133037465838936
amp-x-bible.txt.clean.txt	52	111	111589	0.0009947217019598705	5.959201076143658	8.599919535724187	0.12292665133185576
amp-x-bible.txt.clean.txt	53	112	111097	0.001008128032260097	5.976518618208026	8.593108280049492	0.12204979957155637
amp-x-bible.txt.clean.txt	54	113	110607	0.0010216351587150905	6.001572745688467	8.583062999230519	0.1200270874471061
amp-x-bible.txt.clean.txt	55	114	110132	0.0010351214905749465	6.015070898648169	8.580282575866349	0.1196886110886044
amp-x-bible.txt.clean.txt	56	115	109657	0.0010487246596204529	6.038205364760003	8.57127561029155	0.1179294221708791
amp-x-bible.txt.clean.txt	57	116	109204	0.0010622321526684005	6.045359027181817	8.582682666276776	0.11849288712277017
amp-x-bible.txt.clean.txt	58	117	108752	0.001075842283360306	6.067034945687995	8.574557879513502	0.11692680180508974
amp-x-bible.txt.clean.txt	59	118	108309	0.0010894754821852294	6.073496162197699	8.611157814466756	0.11756339553874817
amp-x-bible.txt.clean.txt	60	119	107870	0.0011031797534068787	6.0909179710605725	8.605884971719922	0.11659478464035311
amp-x-bible.txt.clean.txt	61	120	107446	0.0011168400871135267	6.113750661166405	8.597880081303941	0.11483313995829059
amp-x-bible.txt.clean.txt	62	121	107025	0.0011305769679981312	6.126042031457289	8.598116179176383	0.11458836208035894
amp-x-bible.txt.clean.txt	63	122	106606	0.001144400877999362	6.1343784175932115	8.597385687834134	0.11490248168165407
amp-x-bible.txt.clean.txt	64	123	106189	0.0011583120662215483	6.150439655511916	8.591857186657634	0.11409048540239519
amp-x-bible.txt.clean.txt	65	124	105775	0.0011722996927440322	6.173053439218696	8.584203108870776	0.11232683638818963
amp-x-bible.txt.clean.txt	66	125	105369	0.0011863071681424329	6.189300462588012	8.579504717504555	0.11147112663017855
amp-x-bible.txt.clean.txt	67	126	104967	0.0012003772614250193	6.186865717584648	8.609767566507374	0.11328400387851778
amp-x-bible.txt.clean.txt	68	127	104568	0.0012145206946675847	6.2046283473197175	8.60413160657232	0.11218939966435615
amp-x-bible.txt.clean.txt	69	128	104175	0.0012287017038636909	6.215551843948621	8.603968740768941	0.11206402229305412
amp-x-bible.txt.clean.txt	70	129	103789	0.0012429062810124388	6.229146047558432	8.601205318542085	0.11154697735120112
amp-x-bible.txt.clean.txt	71	130	103409	0.0012571439623243624	6.245410085254876	8.5966123199121	0.11064042050490508
amp-x-bible.txt.clean.txt	72	131	103034	0.0012714249665159074	6.2571782607885105	8.596725753854566	0.11036514376844087
amp-x-bible.txt.clean.txt	73	132	102659	0.001285810304016209	6.277372753402832	8.590565313243582	0.10888393706533206
amp-x-bible.txt.clean.txt	74	133	102285	0.0013002884098352642	6.293995636537682	8.586424420718014	0.10790309330960579
amp-x-bible.txt.clean.txt	75	134	101911	0.0013148727811521817	6.290082941847978	8.614893893937491	0.10982117939548974
amp-x-bible.txt.clean.txt	76	135	101544	0.0013294729378397542	6.31001391536115	8.608848084980053	0.1083540571566165
amp-x-bible.txt.clean.txt	77	136	101181	0.0013441258734347358	6.317656302859348	8.609144218826419	0.10861524859228544
amp-x-bible.txt.clean.txt	78	137	100820	0.00135885736956953	6.331528311029782	8.606435131548476	0.10798820898130435
amp-x-bible.txt.clean.txt	79	138	100465	0.001373612700940626	6.351669219790956	8.600598404825337	0.10647149652351984
amp-x-bible.txt.clean.txt	80	139	100111	0.0013884588107201006	6.362680901534982	8.601744880297957	0.10623211562828705
amp-x-bible.txt.clean.txt	81	140	99763	0.0014033258823411485	6.374409473133689	8.599800260216366	0.10588351479624036
amp-x-bible.txt.clean.txt	82	141	99416	0.0014182827713848877	6.391440204280339	8.59522596141332	0.1047840559150961
amp-x-bible.txt.clean.txt	83	142	99071	0.0014333155010043301	6.409419361650878	8.590264056291192	0.10354600596071051
amp-x-bible.txt.clean.txt	84	143	98728	0.001448423952678065	6.421020221290904	8.589278181807828	0.10319335093246718
amp-x-bible.txt.clean.txt	85	144	98398	0.0014634443789507917	6.429624680590157	8.595300156862564	0.10325077608248834
amp-x-bible.txt.clean.txt	86	145	98071	0.0014785206636008606	6.44734649430455	8.590830249453273	0.10202950852527592
amp-x-bible.txt.clean.txt	87	146	97744	0.0014936978228842692	6.4656563725549	8.586203053631326	0.10072125966282597
amp-x-bible.txt.clean.txt	88	147	97422	0.001508899427234095	6.485396066876109	8.581337469281632	0.0992095534003763
amp-x-bible.txt.clean.txt	89	148	97101	0.0015241861566822174	6.499532010006556	8.578394572497672	0.09847089919562313
amp-x-bible.txt.clean.txt	90	149	96780	0.0015395742922091342	6.508177137317523	8.57848390074954	0.09848660287253164
amp-x-bible.txt.clean.txt	91	150	96464	0.0015549842428263393	6.521992705182173	8.57567181056511	0.09777890628838293
amp-x-bible.txt.clean.txt	92	151	96152	0.0015704301522589234	6.538700515739459	8.572140587861252	0.09666552904733838
amp-x-bible.txt.clean.txt	93	152	95849	0.0015858277081659694	6.5557314379532485	8.568546284346851	0.09550262115707409
amp-x-bible.txt.clean.txt	94	153	95551	0.001601239128842189	6.573768696952568	8.564760512571027	0.09419630872124463
amp-x-bible.txt.clean.txt	95	154	95254	0.001616730006088983	6.579000192587351	8.568500763793207	0.09464793609332844
amp-x-bible.txt.clean.txt	96	155	94959	0.0016322834065228152	6.584498387533078	8.571939740142234	0.09505417708908626
amp-x-bible.txt.clean.txt	97	156	94665	0.0016479163365552211	6.597180011428927	8.570737953643441	0.09446591783930369
amp-x-bible.txt.clean.txt	98	157	94386	0.0016633822812705274	6.604049312255586	8.574342843022615	0.09466858667614342
amp-x-bible.txt.clean.txt	99	158	94119	0.001678725868315643	6.620505620040477	8.57169790312152	0.09355088161801128
amp-x-bible.txt.clean.txt	100	159	93855	0.0016941026050823079	6.633739351527796	8.570362535627497	0.09286947540515533
amp-x-bible.txt.clean.txt	101	160	93595	0.0017094930284737432	6.638398918858101	8.576422522737598	0.09335371328032371
amp-x-bible.txt.clean.txt	102	161	93337	0.0017249322348050612	6.641238924821178	8.591056596275234	0.09407799389355664
amp-x-bible.txt.clean.txt	103	162	93081	0.0017404196345118768	6.656588282050155	8.588837097385182	0.09308933024052835
amp-x-bible.txt.clean.txt	104	163	92827	0.0017559546252706648	6.669417277834459	8.587649029531562	0.09243924419839922
amp-x-bible.txt.clean.txt	105	164	92574	0.0017715557283902608	6.677118173213882	8.589081839530799	0.09248100876176168
amp-x-bible.txt.clean.txt	106	165	92322	0.0017872229804380322	6.685480087718217	8.591410758645246	0.09242632981909349
amp-x-bible.txt.clean.txt	107	166	92071	0.001802956414071749	6.6964356420512745	8.590889734284325	0.09201358116287583
amp-x-bible.txt.clean.txt	108	167	91821	0.0018187560579823788	6.708035986492044	8.590061638317978	0.09150803976138266
amp-x-bible.txt.clean.txt	109	168	91578	0.0018345017362248574	6.71974968413816	8.590035327449538	0.09098198848552475
amp-x-bible.txt.clean.txt	110	169	91338	0.0018502704241389126	6.731523682391748	8.58960041879582	0.0904427317933294
amp-x-bible.txt.clean.txt	111	170	91104	0.0018659992975061468	6.745689653062054	8.588218277542875	0.08957568696214802
amp-x-bible.txt.clean.txt	112	171	90875	0.0018817056396148557	6.755469921108452	8.589981229751519	0.08929573518052547
amp-x-bible.txt.clean.txt	113	172	90652	0.001897365750341967	6.765037587353259	8.59129555222148	0.08903899728731979
amp-x-bible.txt.clean.txt	114	173	90433	0.0019130184777680715	6.77877615581453	8.590391411131161	0.08821585313226521
amp-x-bible.txt.clean.txt	115	174	90214	0.0019287472010996076	6.788184947280693	8.592175130993299	0.08797037743645697
amp-x-bible.txt.clean.txt	116	175	90000	0.0019444444444444444	6.797342350275918	8.594330433397033	0.08775335334655654
amp-x-bible.txt.clean.txt	117	176	89790	0.001960129190332999	6.804191109584902	8.597846003895043	0.08784054101592464
amp-x-bible.txt.clean.txt	118	177	89580	0.0019758874748827863	6.814058187623357	8.598715509542163	0.08751765985448667
amp-x-bible.txt.clean.txt	119	178	89372	0.00199167524504319	6.817439464873485	8.605689781851442	0.088057442413087
amp-x-bible.txt.clean.txt	120	179	89164	0.0020075366739939885	6.828555796350812	8.606656795949894	0.08755693624956895
amp-x-bible.txt.clean.txt	121	180	88962	0.0020233358062993188	6.842127110386677	8.606170394462382	0.08672433610067765
amp-x-bible.txt.clean.txt	122	181	88762	0.0020391609021878734	6.8517974702540085	8.608197719001542	0.08640823112716411
amp-x-bible.txt.clean.txt	123	182	88563	0.0020550342693901515	6.859234087212526	8.61464843976444	0.08638496177207722
amp-x-bible.txt.clean.txt	124	183	88365	0.0020709556951281614	6.8668575133983065	8.618312800635485	0.08633159104899502
amp-x-bible.txt.clean.txt	125	184	88170	0.0020868776227741864	6.873918955575603	8.622739909124665	0.08634779699772388
amp-x-bible.txt.clean.txt	126	185	87978	0.002102798426879447	6.8836384526675545	8.623576244531483	0.08600586907522689
amp-x-bible.txt.clean.txt	127	186	87788	0.0021187406023602316	6.893215201293658	8.624922626281721	0.08567847235989434
amp-x-bible.txt.clean.txt	128	187	87599	0.0021347275653831664	6.905011968676942	8.625052921951053	0.08505253314755523
amp-x-bible.txt.clean.txt	129	188	87412	0.002150734452935524	6.915273975463111	8.62619469457254	0.08462603177571404
amp-x-bible.txt.clean.txt	130	189	87225	0.002166809974204643	6.9275317580654034	8.62620151748705	0.08393154180336215
amp-x-bible.txt.clean.txt	131	190	87041	0.0021828793327282547	6.9326569356323695	8.630665196112451	0.08417580277189363
amp-x-bible.txt.clean.txt	132	191	86858	0.002198991457321145	6.941682862241622	8.632252893685743	0.0838999587092033
amp-x-bible.txt.clean.txt	133	192	86676	0.00221514606119341	6.952277893535882	8.633055740111494	0.08341301715402283
amp-x-bible.txt.clean.txt	134	193	86495	0.0022313428521879876	6.965371367937767	8.632939252297948	0.08259324567162152
amp-x-bible.txt.clean.txt	135	194	86314	0.0022476075723521097	6.9756592012838885	8.633816057675796	0.08213957894859092
amp-x-bible.txt.clean.txt	136	195	86134	0.0022639143659878794	6.988112917375742	8.633783436836096	0.08139746413464988
amp-x-bible.txt.clean.txt	137	196	85954	0.0022802894571515	6.9902626801650225	8.641037266989256	0.08200537863340529
amp-x-bible.txt.clean.txt	138	197	85774	0.002296733275817847	7.003765177049105	8.640687644602128	0.08111813682885316
amp-x-bible.txt.clean.txt	139	198	85597	0.0023131651810226993	7.011881318567703	8.644325485255099	0.08093412488895602
amp-x-bible.txt.clean.txt	140	199	85420	0.0023296651837977056	7.02573865161267	8.643934524220374	0.07999423819885099
amp-x-bible.txt.clean.txt	141	200	85244	0.0023462061845995028	7.036515795528154	8.644534477214966	0.07945471227716405
amp-x-bible.txt.clean.txt	142	201	85069	0.0023627878545651178	7.046163991040027	8.645637354432793	0.07905941882947809
amp-x-bible.txt.clean.txt	143	202	84903	0.0023791856589284242	7.053911166418439	8.64783361758619	0.07890880497285702
amp-x-bible.txt.clean.txt	144	203	84737	0.002395647709973211	7.063791125074037	8.649248768158769	0.07847598573762649
amp-x-bible.txt.clean.txt	145	204	84572	0.002412145863879298	7.074724832238283	8.65007368179256	0.07790242108496392
amp-x-bible.txt.clean.txt	146	205	84409	0.0024286509732374508	7.085228345886163	8.650946950720966	0.07738176880718173
amp-x-bible.txt.clean.txt	147	206	84248	0.0024451619029531857	7.089764371275052	8.655713877131403	0.07763430885066824
amp-x-bible.txt.clean.txt	148	207	84087	0.0024617360590816653	7.0949108218530395	8.659487734665106	0.07780297009054082
amp-x-bible.txt.clean.txt	149	208	83927	0.0024783442753821775	7.100275012592878	8.666226606357535	0.07793901744783682
amp-x-bible.txt.clean.txt	150	208	83767	0.002483078061766567	7.102718704606549	8.664222146609466	0.0776216729710123
amp-x-bible.txt.clean.txt	151	209	83610	0.002499700992704222	7.1111864691585085	8.666109371146995	0.07735109428609377
amp-x-bible.txt.clean.txt	152	210	83456	0.0025162960122699384	7.120826621483445	8.667321944158607	0.07692507255877579
amp-x-bible.txt.clean.txt	153	211	83302	0.002532952390098677	7.1287870779611655	8.669922273895653	0.0767134440666597
amp-x-bible.txt.clean.txt	154	212	83149	0.0025496398032447774	7.134254228330631	8.675993575808787	0.07682095457931615
amp-x-bible.txt.clean.txt	155	213	82998	0.00256632689944336	7.1422970531118395	8.678051239342922	0.07659144249770833
amp-x-bible.txt.clean.txt	156	214	82848	0.0025830436461954424	7.148193455427801	8.685459095728927	0.07663580197596975
amp-x-bible.txt.clean.txt	157	215	82701	0.0025997267263999225	7.152902767513705	8.696870638781803	0.07682953865910769
amp-x-bible.txt.clean.txt	158	216	82555	0.0026164375264974863	7.161616263198582	8.69887051648237	0.07650288141502704
amp-x-bible.txt.clean.txt	159	217	82411	0.0026331436337382144	7.166161159404956	8.703001472850817	0.07671019042568472
amp-x-bible.txt.clean.txt	160	218	82271	0.0026497793876335525	7.172291239042178	8.707013912589506	0.07670944210658392
amp-x-bible.txt.clean.txt	161	219	82132	0.0026664393902498416	7.177487033491191	8.714346721296785	0.07682525856092348
amp-x-bible.txt.clean.txt	162	220	81993	0.0026831558791604163	7.178475408157786	8.723265059575644	0.07747801509792818
amp-x-bible.txt.clean.txt	163	221	81855	0.0026998961578400833	7.188400819467478	8.724576739414054	0.0769785876687702
amp-x-bible.txt.clean.txt	164	222	81717	0.002716692976981534	7.192657568906991	8.734144283647097	0.07720377097673392
amp-x-bible.txt.clean.txt	165	223	81580	0.002733513115959794	7.1990408604604035	8.737604053890305	0.07715251409213053
amp-x-bible.txt.clean.txt	166	224	81444	0.002750356072884436	7.207157707329823	8.739424392502684	0.07687587162613596
amp-x-bible.txt.clean.txt	167	225	81310	0.0027671873078342147	7.2142407509197595	8.742823636563587	0.07672859344604921
amp-x-bible.txt.clean.txt	168	226	81177	0.0027840398142330957	7.216400106107304	8.762623058930025	0.0772078055003248
amp-x-bible.txt.clean.txt	169	227	81045	0.0028009130729841447	7.223527611327237	8.765952642157542	0.07704812369627423
amp-x-bible.txt.clean.txt	170	228	80914	0.0028178065600514128	7.232644871227457	8.767343995307117	0.07663137639515183
amp-x-bible.txt.clean.txt	171	229	80784	0.0028347197464844522	7.23896874055448	8.769893970842018	0.07656836890168128
amp-x-bible.txt.clean.txt	172	230	80654	0.002851687455054926	7.245291556049257	8.773372237140684	0.0765023588071303
amp-x-bible.txt.clean.txt	173	231	80525	0.0028686743247438684	7.250117490607199	8.776994541650371	0.07662388948441923
amp-x-bible.txt.clean.txt	174	232	80397	0.002885679813923405	7.258612844735271	8.77873069881404	0.07627508271704209
amp-x-bible.txt.clean.txt	175	233	80269	0.002902739538302458	7.267818527827529	8.780032514118695	0.07583335463544871
amp-x-bible.txt.clean.txt	176	234	80141	0.0029198537577519623	7.269531141348624	8.787501592354678	0.0763412623991565
amp-x-bible.txt.clean.txt	177	235	80013	0.0029370227338057567	7.276432640927518	8.790773956143838	0.07618650600366983
amp-x-bible.txt.clean.txt	178	236	79886	0.0029542097488921715	7.283200637809978	8.793248144707363	0.07604586530153645
amp-x-bible.txt.clean.txt	179	237	79760	0.0029714142427281847	7.285516766014212	8.80293019451999	0.07646674049992608
amp-x-bible.txt.clean.txt	180	238	79636	0.0029885981214526096	7.287197881837235	8.809954090317715	0.07696439609976691
amp-x-bible.txt.clean.txt	181	239	79513	0.00300579779407141	7.296332177852378	8.81120311566655	0.07651497548569275
amp-x-bible.txt.clean.txt	182	240	79390	0.003023050762060713	7.303867490004793	8.81333790678043	0.07626551781792001
amp-x-bible.txt.clean.txt	183	241	79268	0.003040318918100621	7.30455039094924	8.832955777835217	0.07687949615261025
amp-x-bible.txt.clean.txt	184	242	79147	0.0030576016778905077	7.308772619420374	8.836793844659882	0.07704270165728899
amp-x-bible.txt.clean.txt	185	243	79026	0.0030749373623870624	7.313619588974581	8.839943197187466	0.07712395900257674
amp-x-bible.txt.clean.txt	186	244	78906	0.003092287025067802	7.318834111800616	8.843964867552344	0.07715590615567014
amp-x-bible.txt.clean.txt	187	245	78786	0.0031096895387505395	7.322917340812808	8.849846989202602	0.07732752872268378
amp-x-bible.txt.clean.txt	188	246	78667	0.0031271053936212136	7.326597152969725	8.854086099662862	0.07754689676115456
amp-x-bible.txt.clean.txt	189	247	78549	0.0031445339851557627	7.330430254746018	8.858308416535468	0.07774388862949666
amp-x-bible.txt.clean.txt	190	248	78432	0.0031619747042023662	7.3370243298917694	8.860398991079379	0.07759074033528446
amp-x-bible.txt.clean.txt	191	249	78315	0.0031794675349549897	7.345970964785941	8.861643443601302	0.07713955003056239
amp-x-bible.txt.clean.txt	192	250	78198	0.0031970127113225403	7.343679722205858	8.887574524392582	0.07809708877681709
amp-x-bible.txt.clean.txt	193	250	78081	0.0032018032555935503	7.343569975859218	8.88689500194717	0.0781108659948182
amp-x-bible.txt.clean.txt	194	251	77965	0.0032193933175142693	7.351171652130406	8.888379040417172	0.0778233095788462
amp-x-bible.txt.clean.txt	195	252	77849	0.0032370358000745033	7.3561040204287025	8.891575903025043	0.07786813412944427
amp-x-bible.txt.clean.txt	196	253	77733	0.0032547309379542793	7.364238405678369	8.89280459419455	0.07750916535588404
amp-x-bible.txt.clean.txt	197	254	77617	0.003272478967236559	7.370489504527996	8.894795587704635	0.07738385059405206
amp-x-bible.txt.clean.txt	198	255	77501	0.0032902801254177366	7.377974486080155	8.896625467836719	0.07710178886222607
amp-x-bible.txt.clean.txt	199	256	77386	0.0033080919029281784	7.377295888881445	8.907708624541138	0.07783801388981937
amp-x-bible.txt.clean.txt	200	257	77272	0.0033259136556579357	7.377857978055947	8.926587592472067	0.07841568977914959
amp-x-bible.txt.clean.txt	201	258	77159	0.003343744734898068	7.388247479359144	8.927160170975926	0.0777633384001658
amp-x-bible.txt.clean.txt	202	259	77048	0.003361540857647181	7.3923286703452185	8.932791576180678	0.07789628926271164
amp-x-bible.txt.clean.txt	203	260	76937	0.003379388330712141	7.396653641499865	8.935936925454046	0.07799619590022022
amp-x-bible.txt.clean.txt	204	261	76826	0.003397287376669357	7.398925356775203	8.941541027091311	0.07834927813846204
amp-x-bible.txt.clean.txt	205	262	76716	0.003415193701444288	7.403612382229976	8.944291573154068	0.07839878706585468
amp-x-bible.txt.clean.txt	206	263	76606	0.003433151450278046	7.409976982490737	8.94640602489055	0.07823713706274493
amp-x-bible.txt.clean.txt	207	264	76497	0.0034511157300286285	7.414197695776844	8.949767859344394	0.07833982450773669
amp-x-bible.txt.clean.txt	208	265	76388	0.0034691312771639522	7.4215752044929495	8.951285601807024	0.07804784662693998
amp-x-bible.txt.clean.txt	209	266	76280	0.0034871525957000525	7.424647827160451	8.971096661402916	0.0782883298494178
amp-x-bible.txt.clean.txt	210	267	76172	0.0035052250170666387	7.426942816244221	8.976164875938931	0.0786226302064037
amp-x-bible.txt.clean.txt	211	268	76066	0.0035232561196855364	7.433096007965569	8.97863999800353	0.07847584716036093
amp-x-bible.txt.clean.txt	212	269	75960	0.0035413375460768824	7.442506453401171	8.979362577323268	0.07792341473004549
amp-x-bible.txt.clean.txt	213	270	75854	0.0035594695072112214	7.449665492467947	8.980854255115965	0.07764818907242133
amp-x-bible.txt.clean.txt	214	271	75749	0.003577604984884289	7.452978732647846	8.984553633279955	0.0778469074854663
amp-x-bible.txt.clean.txt	215	272	75647	0.0035956482081245787	7.456080677831484	8.988529280565178	0.07806925061818792
amp-x-bible.txt.clean.txt	216	273	75546	0.0036136923199110477	7.465889136169338	8.989318317199082	0.07746037522624372
amp-x-bible.txt.clean.txt	217	274	75447	0.0036316884700518244	7.468686927177846	8.993968297004926	0.07771581408116635
amp-x-bible.txt.clean.txt	218	275	75348	0.003649731910601476	7.4743271028760425	8.996981625486082	0.07761796451102909
amp-x-bible.txt.clean.txt	219	276	75250	0.0036677740863787374	7.483551259094723	8.99795256699635	0.07707606988359161
amp-x-bible.txt.clean.txt	220	277	75152	0.003685863317010858	7.489938264253024	8.999851945679662	0.07688239150689113
amp-x-bible.txt.clean.txt	221	278	75054	0.0037039997868201563	7.495362318767319	9.002464887212195	0.07680542922662292
amp-x-bible.txt.clean.txt	222	279	74956	0.0037221836810929078	7.499902439644767	9.006544192687063	0.07683524755785232
amp-x-bible.txt.clean.txt	223	280	74859	0.0037403652199468336	7.503168417774275	9.015039574244597	0.07701965817472423
amp-x-bible.txt.clean.txt	224	281	74762	0.003758593938096894	7.507615987409132	9.017734766560194	0.07705648906716889
amp-x-bible.txt.clean.txt	225	282	74667	0.0037767688537104745	7.514504223161052	9.019447810676798	0.07679134907767804
amp-x-bible.txt.clean.txt	226	283	74572	0.003794990076704393	7.520524097180454	9.022169279271438	0.07663110311604904
amp-x-bible.txt.clean.txt	227	284	74477	0.003813257784282396	7.526086886125792	9.024538041494257	0.07652510246438105
amp-x-bible.txt.clean.txt	228	285	74383	0.003831520643157711	7.528380635657818	9.030222487926737	0.07681808043013505
amp-x-bible.txt.clean.txt	229	286	74289	0.003849829719070118	7.534070016430087	9.032717159881708	0.07669254753168386
amp-x-bible.txt.clean.txt	230	287	74195	0.0038681851876811108	7.534329903175313	9.041748041196954	0.07723015450919679
amp-x-bible.txt.clean.txt	231	288	74102	0.003886534776389301	7.541633492553139	9.043075775161682	0.07690297141996472
amp-x-bible.txt.clean.txt	232	289	74009	0.0039049304814279344	7.546351552281277	9.046119468827097	0.0768905008598344
amp-x-bible.txt.clean.txt	233	290	73916	0.003923372476865632	7.553437775640502	9.047495488863097	0.07658658641318583
amp-x-bible.txt.clean.txt	234	291	73825	0.003941754148323738	7.562493182408229	9.048461131468919	0.07604051795844535
amp-x-bible.txt.clean.txt	235	292	73734	0.0039601811918517915	7.569686064240541	9.04999099173953	0.07572060795454727
amp-x-bible.txt.clean.txt	236	293	73644	0.003978599750149367	7.572117815135825	9.060157609612085	0.07598017248680422
amp-x-bible.txt.clean.txt	237	294	73555	0.003997009040853783	7.577924577906927	9.062096962016977	0.0758259282544349
amp-x-bible.txt.clean.txt	238	295	73466	0.004015462935235347	7.579221950934959	9.06791151166632	0.0762196076211209
amp-x-bible.txt.clean.txt	239	296	73378	0.00403390662051296	7.582834884035961	9.073729252935284	0.07632889227637163
amp-x-bible.txt.clean.txt	240	297	73291	0.00405233930496241	7.588556759578952	9.075877659510613	0.0761794559012473
amp-x-bible.txt.clean.txt	241	298	73204	0.004070815802415168	7.591766114333635	9.081192448049556	0.07633404821504364
amp-x-bible.txt.clean.txt	242	299	73117	0.004089336269267065	7.596736635708809	9.084483721534664	0.07627248428915945
amp-x-bible.txt.clean.txt	243	300	73031	0.00410784461393107	7.604078717932646	9.08582770550684	0.07592097919046359
amp-x-bible.txt.clean.txt	244	301	72946	0.0041263400323526996	7.608730335466431	9.08941625000436	0.07589485133216556
amp-x-bible.txt.clean.txt	245	302	72862	0.004144821717767835	7.612338911637391	9.092515466646795	0.07599357490889402
amp-x-bible.txt.clean.txt	246	303	72778	0.004163346066118882	7.616128928382254	9.09548161805467	0.07606839990856473
amp-x-bible.txt.clean.txt	247	304	72694	0.004181913225300575	7.617077460271346	9.103403308250998	0.07648588716910942
amp-x-bible.txt.clean.txt	248	305	72611	0.004200465494208866	7.62411060216091	9.104840840011345	0.07616385705129913
amp-x-bible.txt.clean.txt	249	306	72528	0.0042190602250165455	7.631063601617635	9.106287127761295	0.07585016630038521
amp-x-bible.txt.clean.txt	250	307	72446	0.004237639069099743	7.634265099183091	9.114012169337299	0.07598917198813127
amp-x-bible.txt.clean.txt	251	308	72364	0.004256260018793876	7.63555140191288	9.121443818082254	0.07635798211005462
amp-x-bible.txt.clean.txt	252	309	72282	0.004274923217398523	7.6391291790180365	9.12456414274105	0.076447642545595
amp-x-bible.txt.clean.txt	253	310	72201	0.0042935693411448594	7.6471968829106745	9.1257311465292	0.07599300005238674
amp-x-bible.txt.clean.txt	254	311	72120	0.004312257348863006	7.651705541761183	9.128087269824833	0.07596698976845351
amp-x-bible.txt.clean.txt	255	312	72039	0.0043309873818348395	7.657219081380313	9.130128099040064	0.07581806180173567
amp-x-bible.txt.clean.txt	256	313	71959	0.004349699134229214	7.663986375962487	9.131619235175481	0.07551641106362117
amp-x-bible.txt.clean.txt	257	314	71879	0.004368452538293521	7.668178525515629	9.135754431938825	0.07552391391248447
amp-x-bible.txt.clean.txt	258	315	71799	0.004387247733255338	7.6735417118752505	9.137876799993979	0.07538867625993184
amp-x-bible.txt.clean.txt	259	316	71719	0.004406084858963454	7.67732150073123	9.140989646954818	0.07544265274385964
amp-x-bible.txt.clean.txt	260	317	71640	0.004424902289223897	7.683870335559091	9.14248935407083	0.07516167699885479
amp-x-bible.txt.clean.txt	261	318	71561	0.0044437612666117015	7.688186744193215	9.146659953074217	0.07514796183844163
amp-x-bible.txt.clean.txt	262	319	71482	0.0044626619288772	7.695710735992557	9.147872231369355	0.07474702851021597
amp-x-bible.txt.clean.txt	263	320	71403	0.004481604414380348	7.693681489028234	9.1660172915661	0.07549291446595119
amp-x-bible.txt.clean.txt	264	321	71324	0.004500588862094106	7.698694002936357	9.16855819275975	0.075390716411735
amp-x-bible.txt.clean.txt	265	322	71246	0.0045195519748477105	7.704291188541578	9.170590265404268	0.0752168937394142
amp-x-bible.txt.clean.txt	266	323	71169	0.004538492883137321	7.705988618924188	9.18407316948236	0.0755095693167267
amp-x-bible.txt.clean.txt	267	324	71092	0.00455747482135824	7.712915508730269	9.185354785629126	0.07517335370989986
amp-x-bible.txt.clean.txt	268	325	71016	0.004576433479779205	7.716379084666062	9.188495566851543	0.07525102539257766
amp-x-bible.txt.clean.txt	269	326	70940	0.00459543276007894	7.7209208255916595	9.19148919284331	0.07519796034097115
amp-x-bible.txt.clean.txt	270	327	70866	0.004614342562018457	7.7252049755191505	9.194695827954975	0.0751742861818413
amp-x-bible.txt.clean.txt	271	328	70792	0.004633291897389535	7.729424260887078	9.197381327365822	0.075156905201897
amp-x-bible.txt.clean.txt	272	329	70718	0.004652280890296671	7.736492951907437	9.198670676694888	0.07479730057410072
amp-x-bible.txt.clean.txt	273	330	70645	0.0046712435416519215	7.739633263018732	9.201788997268917	0.07490614575661281
amp-x-bible.txt.clean.txt	274	331	70572	0.004690245423113983	7.744934727918384	9.203713948490545	0.0747552319753284
amp-x-bible.txt.clean.txt	275	332	70500	0.004709219858156029	7.749938988495895	9.205745963242869	0.07463850743333134
amp-x-bible.txt.clean.txt	276	333	70428	0.0047282330891122845	7.751817897280622	9.210057492261042	0.07489343985906949
amp-x-bible.txt.clean.txt	277	334	70356	0.004747285235090114	7.756195869215418	9.21242253782795	0.07484858737466926
amp-x-bible.txt.clean.txt	278	335	70284	0.004766376415684935	7.759529471526408	9.217250794133097	0.07492686202695009
amp-x-bible.txt.clean.txt	279	336	70212	0.004785506750982738	7.765596729009437	9.218779742133808	0.0746779062560542
amp-x-bible.txt.clean.txt	280	337	70140	0.004804676361562589	7.76906613696273	9.221616210446083	0.07473718968237542
amp-x-bible.txt.clean.txt	281	338	70069	0.004823816523712341	7.773339496260508	9.224634324829243	0.07469931508734917
amp-x-bible.txt.clean.txt	282	339	69998	0.004842995514157547	7.7730171423273795	9.236753300338805	0.0752068627971777
amp-x-bible.txt.clean.txt	283	340	69927	0.004862213451170506	7.775575278435518	9.240186184484028	0.07536998369031533
amp-x-bible.txt.clean.txt	284	341	69857	0.004881400575461299	7.777661852912106	9.245880808905238	0.07558761588662588
amp-x-bible.txt.clean.txt	285	342	69787	0.004900626191124422	7.777254992767148	9.258376833839197	0.07609987475854851
amp-x-bible.txt.clean.txt	286	343	69717	0.004919890414102729	7.7767436009388184	9.272907866292808	0.07662267901642417
amp-x-bible.txt.clean.txt	287	344	69647	0.004939193360805203	7.7800342858085205	9.276124516187535	0.07669240021599866
amp-x-bible.txt.clean.txt	288	345	69578	0.004958463882261634	7.782600770053797	9.279819310112812	0.07684661975634322
amp-x-bible.txt.clean.txt	289	346	69509	0.00497777266253291	7.786423646179799	9.282103785350476	0.07685040335660953
amp-x-bible.txt.clean.txt	290	347	69440	0.004997119815668203	7.789833352268366	9.286064689592784	0.07690182571710447
amp-x-bible.txt.clean.txt	291	348	69372	0.005016433143054835	7.792873771101532	9.289264285381906	0.07699562659241133
amp-x-bible.txt.clean.txt	292	349	69304	0.005035784370310516	7.792809237152657	9.29657873827035	0.07745561059785844
amp-x-bible.txt.clean.txt	293	350	69236	0.00505517360910509	7.795929322780347	9.299287274010041	0.07753702757875003
amp-x-bible.txt.clean.txt	294	351	69169	0.0050745276062976186	7.800487444841963	9.301239448810655	0.07744700570429386
amp-x-bible.txt.clean.txt	295	352	69102	0.005093919134033747	7.805323291228745	9.303052750425021	0.0773229641064136
amp-x-bible.txt.clean.txt	296	353	69035	0.005113348301586152	7.808172835791552	9.307183141962271	0.07743246295234962
amp-x-bible.txt.clean.txt	297	354	68968	0.005132815218652128	7.812883951913224	9.309377229455805	0.07732074838598912
amp-x-bible.txt.clean.txt	298	355	68901	0.005152319995355655	7.81663557717847	9.311836916791322	0.0773211461294887
amp-x-bible.txt.clean.txt	299	356	68835	0.005171787608048231	7.820015137534958	9.314754122909239	0.07736419494220403
amp-x-bible.txt.clean.txt	300	357	68769	0.005191292588230162	7.826602065902969	9.3159413946791	0.07702772687364168
amp-x-bible.txt.clean.txt	301	358	68704	0.005210759198882161	7.829356721990321	9.320140066110998	0.07714206348372366
amp-x-bible.txt.clean.txt	302	359	68639	0.005230262678652078	7.834190111264718	9.321989637731296	0.07701016041226216
amp-x-bible.txt.clean.txt	303	360	68574	0.005249803132382535	7.8371156578485035	9.325269801808195	0.0771018329043115
amp-x-bible.txt.clean.txt	304	361	68509	0.005269380665314047	7.8358529263057966	9.336702371286385	0.07768518865877994
amp-x-bible.txt.clean.txt	305	362	68445	0.00528891810943093	7.840608138747546	9.338516753747422	0.0775587883702068
amp-x-bible.txt.clean.txt	306	363	68381	0.005308492125005484	7.844672253131046	9.34063737017058	0.07751258141609796
amp-x-bible.txt.clean.txt	307	364	68318	0.005328024825082702	7.846531769764376	9.344652372615856	0.07772435729817717
amp-x-bible.txt.clean.txt	308	365	68255	0.0053475935828877	7.852236067427534	9.34606264253306	0.07748305351048201
amp-x-bible.txt.clean.txt	309	366	68192	0.005367198498357578	7.851075152108825	9.357311610042746	0.07804698366507279
amp-x-bible.txt.clean.txt	310	367	68129	0.005386839671799087	7.8569630915741895	9.358608184131835	0.07778186082156657
amp-x-bible.txt.clean.txt	311	368	68066	0.005406517203890342	7.863444593986502	9.359759868940571	0.07744618569956163
amp-x-bible.txt.clean.txt	312	369	68003	0.005426231195682543	7.864919200722366	9.364183231378275	0.07769681523235494
amp-x-bible.txt.clean.txt	313	370	67941	0.005445901591086383	7.8700377054977535	9.365702673816946	0.0775189525962815
amp-x-bible.txt.clean.txt	314	371	67879	0.00546560791997525	7.873736419162697	9.368775912979661	0.07750645740969819
amp-x-bible.txt.clean.txt	315	372	67817	0.005485350280903019	7.879482360123517	9.370087211257644	0.07725309548364223
amp-x-bible.txt.clean.txt	316	373	67756	0.0055050475234665565	7.884254845356286	9.371786365660578	0.0771127848707076
amp-x-bible.txt.clean.txt	317	374	67695	0.005524780264421302	7.887790499143222	9.374315394289287	0.07711619276893245
amp-x-bible.txt.clean.txt	318	375	67634	0.005544548599816661	7.893365329699226	9.37571366907208	0.0768800050081887
amp-x-bible.txt.clean.txt	319	376	67573	0.005564352626048865	7.894482015807508	9.381344328698122	0.0771640633249927
amp-x-bible.txt.clean.txt	320	377	67512	0.005584192439862543	7.898100703679355	9.38348097168696	0.0771544227272647
amp-x-bible.txt.clean.txt	321	378	67452	0.00560398505603985	7.900988116304561	9.386312922576295	0.07722910368035585
amp-x-bible.txt.clean.txt	322	379	67392	0.0056238129154795825	7.902660829163012	9.390289670618667	0.07744443428116865
amp-x-bible.txt.clean.txt	323	380	67332	0.005643676112398265	7.9054950325114355	9.392884983987848	0.07752296026711014
amp-x-bible.txt.clean.txt	324	381	67272	0.005663574741348555	7.910986668432623	9.394246628171333	0.07729038815911904
amp-x-bible.txt.clean.txt	325	382	67213	0.005683424337553747	7.912325876517196	9.400209543820441	0.07754106327815047
amp-x-bible.txt.clean.txt	326	383	67154	0.0057033088125800395	7.912590547686416	9.412128955082519	0.07791567483539197
amp-x-bible.txt.clean.txt	327	384	67095	0.005723228258439526	7.915276687706658	9.416839113419314	0.0780068419586274
amp-x-bible.txt.clean.txt	328	385	67036	0.0057431827674682264	7.917529608504669	9.419834436014158	0.07814731954149878
amp-x-bible.txt.clean.txt	329	386	66978	0.0057630863865746965	7.921060674380637	9.423317184049928	0.07813787837115671
amp-x-bible.txt.clean.txt	330	387	66920	0.005783024506873879	7.922873817656875	9.426750709802779	0.078327254003003
amp-x-bible.txt.clean.txt	331	388	66862	0.005802997218150818	7.924158691478239	9.434465997962059	0.07857686038327683
amp-x-bible.txt.clean.txt	332	389	66804	0.005823004610502365	7.926431094438987	9.437829971007998	0.07871044410730887
amp-x-bible.txt.clean.txt	333	390	66746	0.005843046774338537	7.930107612163805	9.439756701961667	0.07867976212136174
amp-x-bible.txt.clean.txt	334	391	66689	0.005863035882979202	7.93181023975381	9.443409324128027	0.07887731989413516
amp-x-bible.txt.clean.txt	335	392	66632	0.005883059190779205	7.933669346457338	9.448390169445403	0.07905553523930875
amp-x-bible.txt.clean.txt	336	393	66576	0.005903028118240807	7.936540887719326	9.451334657354218	0.07911512131368337
amp-x-bible.txt.clean.txt	337	394	66521	0.005922941627455991	7.938308208823814	9.45712417224964	0.07930172828347393
amp-x-bible.txt.clean.txt	338	395	66466	0.005942888093160413	7.941214869800117	9.460618750097893	0.07935509831342369
amp-x-bible.txt.clean.txt	339	396	66411	0.005962867597235398	7.942281429793484	9.465213289344051	0.079620674001046
amp-x-bible.txt.clean.txt	340	397	66356	0.005982880221833745	7.943353146180382	9.470513740189126	0.07988444742686862
amp-x-bible.txt.clean.txt	341	398	66302	0.0060028355102410185	7.946487026401357	9.472745081642222	0.0799082540302476
amp-x-bible.txt.clean.txt	342	399	66248	0.006022823330515638	7.951457426016956	9.474215659692781	0.07971851669595575
amp-x-bible.txt.clean.txt	343	400	66194	0.0060428437622745265	7.955687601066126	9.476032553779275	0.07961360920403449
amp-x-bible.txt.clean.txt	344	401	66140	0.006062896885394618	7.960190133231949	9.477600314813836	0.07947633389256092
amp-x-bible.txt.clean.txt	345	402	66087	0.006082890734940306	7.964668987737442	9.47921865342554	0.0793409550588351
amp-x-bible.txt.clean.txt	346	403	66034	0.006102916679286428	7.9698463581559995	9.480624010853571	0.07912402879967684
amp-x-bible.txt.clean.txt	347	404	65981	0.0061229747957745415	7.973270162385871	9.482693074922537	0.07910886927749572
amp-x-bible.txt.clean.txt	348	405	65928	0.006143065161994903	7.977124021959364	9.484737924426831	0.07904313272453067
amp-x-bible.txt.clean.txt	349	406	65875	0.006163187855787476	7.9818826378297025	9.486219562638361	0.0788721044270243
amp-x-bible.txt.clean.txt	350	407	65822	0.006183342955242928	7.981074787338335	9.49650916934187	0.07934240656973368
