file	merge	types	tokens	TTR	H	Hcross	R
cha-x-bible-2003.txt.clean.txt	0	52	117930	0.0004409395404053252	4.73212056270015	8.380545401208728	0.16986744941085175
cha-x-bible-2003.txt.clean.txt	1	53	114880	0.0004613509749303621	4.815749435701113	8.312855458325316	0.1592499452633629
cha-x-bible-2003.txt.clean.txt	2	54	113296	0.0004766275949724615	4.860877172504436	8.271614810668465	0.15534801146381083
cha-x-bible-2003.txt.clean.txt	3	55	111775	0.0004920599418474614	4.928668647610052	8.224454269746854	0.14748970971653264
cha-x-bible-2003.txt.clean.txt	4	56	110355	0.000507453219156359	4.976546031484908	8.18637407180033	0.14306149731215878
cha-x-bible-2003.txt.clean.txt	5	57	109052	0.0005226864248248542	5.017866677168816	8.153427353409782	0.13972890539967353
cha-x-bible-2003.txt.clean.txt	6	58	107844	0.0005378138793071473	5.055975887578277	8.124438336341205	0.13690811018614946
cha-x-bible-2003.txt.clean.txt	7	59	106725	0.0005528226750995549	5.094197550072499	8.098642281352832	0.13402912477833828
cha-x-bible-2003.txt.clean.txt	8	60	105721	0.0005675315216465981	5.117591122925678	8.083119750024998	0.13362351306618858
cha-x-bible-2003.txt.clean.txt	9	61	104718	0.0005825168547909623	5.146807605834919	8.063461985419728	0.1321808212214819
cha-x-bible-2003.txt.clean.txt	10	62	103735	0.0005976767725454282	5.196815188336514	8.035614097118229	0.12720123465347244
cha-x-bible-2003.txt.clean.txt	11	63	102767	0.0006130372590422995	5.233447594502774	8.013348992979456	0.12444328164601026
cha-x-bible-2003.txt.clean.txt	12	64	101881	0.0006281838615639815	5.229506492915215	8.035221618262055	0.12841558451413082
cha-x-bible-2003.txt.clean.txt	13	65	101008	0.0006435133850784097	5.26370775323255	8.017059821632698	0.12597371720715256
cha-x-bible-2003.txt.clean.txt	14	66	100211	0.0006586103321990599	5.2994929833037805	7.998685938048363	0.12323834636609299
cha-x-bible-2003.txt.clean.txt	15	67	99426	0.0006738680023333937	5.334629768228094	7.981285713721445	0.12058171241205884
cha-x-bible-2003.txt.clean.txt	16	68	98659	0.0006892427452133105	5.371112936756058	7.963689426933008	0.11767626730139447
cha-x-bible-2003.txt.clean.txt	17	69	97893	0.0007048512151022035	5.401930723522033	7.949424901813924	0.11567339023617773
cha-x-bible-2003.txt.clean.txt	18	70	97140	0.0007206094296891085	5.435134726179938	7.9339428858186	0.11325114027953864
cha-x-bible-2003.txt.clean.txt	19	71	96397	0.0007365374441113313	5.456939593929775	7.926348561143296	0.11265626246282268
cha-x-bible-2003.txt.clean.txt	20	72	95709	0.0007522803498103627	5.4647174306417465	7.940909723057126	0.11429759205107237
cha-x-bible-2003.txt.clean.txt	21	73	95047	0.0007680410744158153	5.480948447643675	7.936617205300778	0.11452281150996091
cha-x-bible-2003.txt.clean.txt	22	74	94413	0.0007837903678518848	5.516907827346952	7.922917236260021	0.11153083814356846
cha-x-bible-2003.txt.clean.txt	23	75	93791	0.0007996502862748025	5.53857042588803	7.919416950683029	0.11081527636388777
cha-x-bible-2003.txt.clean.txt	24	76	93173	0.0008156869479355607	5.574142552426323	7.906428306625991	0.10784135372369286
cha-x-bible-2003.txt.clean.txt	25	77	92556	0.0008319287782531657	5.585120012064576	7.90809577219027	0.1087744929883534
cha-x-bible-2003.txt.clean.txt	26	78	91991	0.0008479090345794697	5.6127666300323895	7.8994326601204365	0.10701552031329131
cha-x-bible-2003.txt.clean.txt	27	79	91427	0.000864077351329476	5.640661980586718	7.890661049714774	0.10519381845286135
cha-x-bible-2003.txt.clean.txt	28	80	91427	0.0008750150393209883	5.664635900912096	7.8872217146481045	0.10397021037091969
cha-x-bible-2003.txt.clean.txt	29	81	90876	0.0008913244420969233	5.690354922679196	7.8797111770586	0.10244644272497117
cha-x-bible-2003.txt.clean.txt	30	82	90330	0.0009077825750027676	5.716667062123843	7.872080691102739	0.10080687378234676
cha-x-bible-2003.txt.clean.txt	31	83	89785	0.0009244305841733029	5.740461260477892	7.866387608182269	0.09954105816957404
cha-x-bible-2003.txt.clean.txt	32	84	89243	0.0009412502941407169	5.767800071470449	7.859075994734808	0.09769811321992072
cha-x-bible-2003.txt.clean.txt	33	85	88702	0.0009582647516403238	5.79538790579897	7.851416075460388	0.09579740672032244
cha-x-bible-2003.txt.clean.txt	34	86	88182	0.0009752557211222245	5.810414393352721	7.854243300659625	0.09583333162530527
cha-x-bible-2003.txt.clean.txt	35	87	87668	0.000992380344025186	5.819700447080668	7.861345761362175	0.09673265785578034
cha-x-bible-2003.txt.clean.txt	36	88	87172	0.001009498462809159	5.842383112481119	7.857432669490211	0.09552674950158424
cha-x-bible-2003.txt.clean.txt	37	89	86678	0.0010267888045409445	5.8670028577042155	7.851650758151756	0.09400179605159242
cha-x-bible-2003.txt.clean.txt	38	90	86194	0.0010441562057683829	5.888335438624203	7.849720801160998	0.0929653904286104
cha-x-bible-2003.txt.clean.txt	39	91	85717	0.0010616330482868042	5.886519969964396	7.8735093770141305	0.095466237732316
cha-x-bible-2003.txt.clean.txt	40	92	85288	0.001078698058343495	5.910985266053021	7.869183204651342	0.09390218014795204
cha-x-bible-2003.txt.clean.txt	41	93	84859	0.0010959356108368	5.920621338770089	7.878018342019562	0.09458976149764642
cha-x-bible-2003.txt.clean.txt	42	94	84447	0.0011131242080831764	5.943242949889098	7.874661745274814	0.09326990839891758
cha-x-bible-2003.txt.clean.txt	43	95	84043	0.0011303737372535488	5.963878339675924	7.872628078705715	0.09223601016232541
cha-x-bible-2003.txt.clean.txt	44	96	83649	0.0011476526916042033	5.960515690808485	7.906020109080963	0.09482921274711653
cha-x-bible-2003.txt.clean.txt	45	97	83256	0.0011650811953492842	5.946347393737399	8.039932111100109	0.09902637566243144
cha-x-bible-2003.txt.clean.txt	46	98	83256	0.0011770923416930912	5.953588465471581	8.051023858733478	0.09994714722548192
cha-x-bible-2003.txt.clean.txt	47	99	82897	0.0011942531092801912	5.977165835758541	8.046615736896507	0.09837919751452995
cha-x-bible-2003.txt.clean.txt	48	100	82549	0.0012114017129220222	5.994093592778611	8.045212049901306	0.09779901587817852
cha-x-bible-2003.txt.clean.txt	49	101	82209	0.0012285759466725053	5.998900715583643	8.055370390810154	0.09902220271556517
cha-x-bible-2003.txt.clean.txt	50	102	82209	0.0012407400649563916	6.016051600855251	8.05619229785366	0.09837108809407913
cha-x-bible-2003.txt.clean.txt	51	103	81872	0.001258061364080516	6.038444233437591	8.05266147687352	0.09692009910281574
cha-x-bible-2003.txt.clean.txt	52	104	81542	0.0012754163498565156	6.059895207445287	8.049768042986337	0.09559738429726694
cha-x-bible-2003.txt.clean.txt	53	105	81217	0.0012928327813142568	6.071237632925125	8.0572788235	0.09576770510538435
cha-x-bible-2003.txt.clean.txt	54	106	80893	0.001310372961813754	6.095421906611423	8.053588520119677	0.09401100268995966
cha-x-bible-2003.txt.clean.txt	55	107	80569	0.0013280542144000795	6.113706871012348	8.05191893497935	0.09311921524723221
cha-x-bible-2003.txt.clean.txt	56	108	80246	0.0013458614759614186	6.125955541879019	8.05341938034178	0.09310768833426364
cha-x-bible-2003.txt.clean.txt	57	109	79928	0.0013637273546191573	6.14057389611264	8.054045004159525	0.09272951186727196
cha-x-bible-2003.txt.clean.txt	58	110	79612	0.0013817012510676783	6.156592279262922	8.053792889408067	0.09213011264034698
cha-x-bible-2003.txt.clean.txt	59	111	79297	0.001399800749082563	6.169685274298201	8.055748098532574	0.09194765294628693
cha-x-bible-2003.txt.clean.txt	60	112	78994	0.00141782920221789	6.184244296153224	8.05693726384332	0.09153491084846166
cha-x-bible-2003.txt.clean.txt	61	113	78691	0.0014359964926103366	6.202054053902745	8.055608959320155	0.09063177255594335
cha-x-bible-2003.txt.clean.txt	62	114	78390	0.001454267125908917	6.219571835673387	8.054795319879874	0.08975970302755232
cha-x-bible-2003.txt.clean.txt	63	115	78101	0.0014724523373580364	6.23397725815085	8.05590894225475	0.08933075473671348
cha-x-bible-2003.txt.clean.txt	64	116	77813	0.0014907534730700526	6.242676429669628	8.06571181701133	0.0897209493428317
cha-x-bible-2003.txt.clean.txt	65	117	77531	0.0015090737898389031	6.2480807666859635	8.087678024303363	0.09057509729049351
cha-x-bible-2003.txt.clean.txt	66	118	77252	0.0015274685445037023	6.268084197656663	8.085840631607969	0.08929111204774176
cha-x-bible-2003.txt.clean.txt	67	119	76976	0.0015459363957597172	6.2830943834207185	8.086072145160104	0.08872219700172856
cha-x-bible-2003.txt.clean.txt	68	120	76702	0.001564496362545957	6.291783496645552	8.090759730286287	0.08905702073145028
cha-x-bible-2003.txt.clean.txt	69	121	76429	0.0015831686925120046	6.306181769196416	8.092080194737353	0.08855233107910354
cha-x-bible-2003.txt.clean.txt	70	122	76164	0.0016018066278031616	6.315482468858215	8.096502405703658	0.08877192118797261
cha-x-bible-2003.txt.clean.txt	71	123	75904	0.0016204679595278246	6.330408570443711	8.09867518340072	0.08816775743497252
cha-x-bible-2003.txt.clean.txt	72	124	75646	0.0016392142347249029	6.345180370768149	8.099143616346213	0.08757531603027835
cha-x-bible-2003.txt.clean.txt	73	125	75389	0.0016580668267253843	6.355922684108821	8.104381154619436	0.08755103167580369
cha-x-bible-2003.txt.clean.txt	74	126	75137	0.001676936795453638	6.370822495712586	8.105268996927732	0.08691889023181432
cha-x-bible-2003.txt.clean.txt	75	127	74886	0.0016959111182330475	6.387546540624515	8.104930809827284	0.08601592046146456
cha-x-bible-2003.txt.clean.txt	76	128	74638	0.0017149441303357538	6.393688796542953	8.112654347326808	0.08661588620814953
cha-x-bible-2003.txt.clean.txt	77	129	74394	0.0017340108073231712	6.410479737420019	8.112333312591414	0.08568364654541061
cha-x-bible-2003.txt.clean.txt	78	130	74156	0.0017530611144074653	6.42732555565925	8.112166214739629	0.08473527351632515
cha-x-bible-2003.txt.clean.txt	79	131	73918	0.0017722340972428907	6.443041414673914	8.112363622825661	0.08393943983384533
cha-x-bible-2003.txt.clean.txt	80	132	73688	0.0017913364455542286	6.455538850890539	8.114872055241682	0.08359203907255863
cha-x-bible-2003.txt.clean.txt	81	133	73459	0.0018105337671354088	6.47247457643398	8.114866097900581	0.08260588635468413
cha-x-bible-2003.txt.clean.txt	82	134	73233	0.001829776193792416	6.473601994772997	8.133826101988964	0.08384937972264561
cha-x-bible-2003.txt.clean.txt	83	135	73007	0.0018491377539140083	6.490511712451695	8.133677640318428	0.08284854629297822
cha-x-bible-2003.txt.clean.txt	84	136	72788	0.0018684398527229764	6.504019147902399	8.135177870463295	0.08232052942164159
cha-x-bible-2003.txt.clean.txt	85	137	72569	0.0018878584519560694	6.516030167282635	8.137966354934191	0.08199482742196118
cha-x-bible-2003.txt.clean.txt	86	138	72351	0.001907368246465149	6.530755546380126	8.138702424948242	0.08127831787187911
cha-x-bible-2003.txt.clean.txt	87	139	72137	0.0019268891137696328	6.542364377847138	8.141241217454118	0.08099191845898901
cha-x-bible-2003.txt.clean.txt	88	140	71930	0.0019463367162519116	6.537591360407901	8.185061431421495	0.0829945529067545
cha-x-bible-2003.txt.clean.txt	89	141	71725	0.001965841756709655	6.550235613733248	8.186714394180468	0.0825424049184188
cha-x-bible-2003.txt.clean.txt	90	142	71525	0.0019853198182453687	6.565373794417386	8.187426208819641	0.0817334257169896
cha-x-bible-2003.txt.clean.txt	91	143	71327	0.002004850897976923	6.577967348032557	8.189340176355728	0.08127296726084221
cha-x-bible-2003.txt.clean.txt	92	144	71131	0.002024433791174031	6.583452718151897	8.203234909066257	0.08179615312188615
cha-x-bible-2003.txt.clean.txt	93	145	70936	0.002044096086613285	6.597061259220057	8.20443103170978	0.0811776059400865
cha-x-bible-2003.txt.clean.txt	94	146	70741	0.0020638667816400675	6.598422052227101	8.219814408342287	0.08225548506917135
cha-x-bible-2003.txt.clean.txt	95	147	70549	0.0020836581666643043	6.60400803166249	8.23249195611534	0.08273491968021118
cha-x-bible-2003.txt.clean.txt	96	148	70358	0.0021035276727593166	6.617133650616566	8.233677879750044	0.08215875531372008
cha-x-bible-2003.txt.clean.txt	97	149	70171	0.0021233843040572315	6.629855183158421	8.235123788877452	0.08163174687408647
cha-x-bible-2003.txt.clean.txt	98	150	69986	0.0021432858000171463	6.636601181703704	8.241425094760674	0.08192452102454817
cha-x-bible-2003.txt.clean.txt	99	151	69802	0.0021632617976562276	6.639326505053676	8.252129326911932	0.082763848644261
cha-x-bible-2003.txt.clean.txt	100	152	69619	0.002183312026889211	6.653188904275872	8.253052691069549	0.08205636826038631
cha-x-bible-2003.txt.clean.txt	101	153	69439	0.0022033727444231628	6.666434811916541	8.25431345574124	0.08142778690973951
cha-x-bible-2003.txt.clean.txt	102	154	69259	0.0022235377351679927	6.675450262126606	8.25793627503253	0.08137520969643719
cha-x-bible-2003.txt.clean.txt	103	155	69080	0.0022437753329473077	6.679532540198061	8.266428944116289	0.08199308200993993
cha-x-bible-2003.txt.clean.txt	104	156	68902	0.002264085222489913	6.681481964690059	8.279427742656502	0.08289456587703714
cha-x-bible-2003.txt.clean.txt	105	157	68728	0.002284367361191945	6.689183111170752	8.283568767342105	0.08299782244510356
cha-x-bible-2003.txt.clean.txt	106	158	68555	0.0023047188388884837	6.7019685054743805	8.284929699662694	0.08239735877243093
cha-x-bible-2003.txt.clean.txt	107	159	68382	0.002325173291216987	6.700818054775959	8.31683066730096	0.08369679977800182
cha-x-bible-2003.txt.clean.txt	108	160	68209	0.0023457315017079857	6.697181624545101	8.344231596087623	0.0853254036704485
cha-x-bible-2003.txt.clean.txt	109	161	68040	0.0023662551440329217	6.706067204166317	8.347598224272296	0.0852348600232663
cha-x-bible-2003.txt.clean.txt	110	162	67871	0.0023868809948284246	6.722512394531259	8.347558820376324	0.08410765998089142
cha-x-bible-2003.txt.clean.txt	111	163	67704	0.0024075386978612786	6.734280609853906	8.348849049197845	0.08361277373192788
cha-x-bible-2003.txt.clean.txt	112	164	67538	0.002428262607717137	6.74045962078851	8.35832156866633	0.0838719703839329
cha-x-bible-2003.txt.clean.txt	113	164	67372	0.002434245680698213	6.743396332231114	8.355785042428295	0.08347282791905308
cha-x-bible-2003.txt.clean.txt	114	165	67210	0.0024549918166939444	6.755540484199878	8.356959260268528	0.08291542404495145
cha-x-bible-2003.txt.clean.txt	115	166	67049	0.0024758012796611433	6.766950954814791	8.358432556198217	0.08245223394298196
cha-x-bible-2003.txt.clean.txt	116	167	66889	0.0024966735935654594	6.765096651944029	8.405026771139083	0.08378012120021483
cha-x-bible-2003.txt.clean.txt	117	168	66729	0.0025176460009890753	6.776920290354211	8.405992102597235	0.08324820177881675
cha-x-bible-2003.txt.clean.txt	118	169	66570	0.0025386810875769866	6.789249666826787	8.406795042049346	0.08264285004521676
cha-x-bible-2003.txt.clean.txt	119	170	66411	0.002559816897803075	6.799621135221601	8.40895091758737	0.08229688596158158
cha-x-bible-2003.txt.clean.txt	120	171	66253	0.0025810151993117293	6.8042298348958585	8.414983708779294	0.08272241578794437
cha-x-bible-2003.txt.clean.txt	121	172	66095	0.0026023148498373555	6.818242528102614	8.415147896839466	0.08187456907114732
cha-x-bible-2003.txt.clean.txt	122	173	66095	0.0026174445873364096	6.82379635151791	8.42145131918176	0.08216037943204357
cha-x-bible-2003.txt.clean.txt	123	174	65945	0.002638562438395633	6.836999382326527	8.422111762610701	0.0814118921983169
cha-x-bible-2003.txt.clean.txt	124	175	65796	0.0026597361541735058	6.849481475776212	8.423018337774137	0.08075595054615836
cha-x-bible-2003.txt.clean.txt	125	176	65648	0.002680965147453083	6.8508750343070535	8.445605679208976	0.0815821654306439
cha-x-bible-2003.txt.clean.txt	126	177	65501	0.0027022488206286926	6.861643170244821	8.44709470932021	0.08114547237051661
cha-x-bible-2003.txt.clean.txt	127	178	65354	0.0027236282400465157	6.8671628847996775	8.453337691988837	0.08140613249341733
cha-x-bible-2003.txt.clean.txt	128	179	65214	0.002744809396755298	6.878935299919309	8.45454231300625	0.08082514259404494
cha-x-bible-2003.txt.clean.txt	129	180	65075	0.0027660391855551286	6.889521279741224	8.456185960597313	0.08039824177592836
cha-x-bible-2003.txt.clean.txt	130	181	64936	0.002787359862017987	6.897820160080626	8.458859424724722	0.08027174638874024
cha-x-bible-2003.txt.clean.txt	131	182	64797	0.0028087720110498943	6.9013276477304615	8.466356957336211	0.08077831394335855
cha-x-bible-2003.txt.clean.txt	132	183	64658	0.002830276222586532	6.901162646027921	8.485093748321853	0.08176712820883891
cha-x-bible-2003.txt.clean.txt	133	184	64521	0.002851784690255886	6.912583216005965	8.486240519472709	0.08120870720804874
cha-x-bible-2003.txt.clean.txt	134	185	64384	0.0028733846918489064	6.918954971046421	8.490947454796556	0.08131662068646639
cha-x-bible-2003.txt.clean.txt	135	186	64248	0.0028950317519611506	6.924493246019743	8.497360087021693	0.08152972771745481
cha-x-bible-2003.txt.clean.txt	136	187	64113	0.002916725157144417	6.932814478588757	8.499761399097164	0.08136856617814991
cha-x-bible-2003.txt.clean.txt	137	188	63978	0.0029385101128512926	6.941272717044514	8.502028628586036	0.08118458154038721
cha-x-bible-2003.txt.clean.txt	138	189	63845	0.0029602944631529488	6.952569846185533	8.503134187434501	0.0806206074646354
cha-x-bible-2003.txt.clean.txt	139	190	63713	0.0029821229576381587	6.961753448376392	8.505189222485143	0.08033206859128383
cha-x-bible-2003.txt.clean.txt	140	191	63584	0.003003900352289884	6.968237045953365	8.509483545323508	0.08039557954387289
cha-x-bible-2003.txt.clean.txt	141	192	63456	0.0030257186081694403	6.976384106602824	8.511980499069828	0.08023485865097824
cha-x-bible-2003.txt.clean.txt	142	193	63330	0.003047528817306174	6.986606690580603	8.513636652565513	0.07979634836438598
cha-x-bible-2003.txt.clean.txt	143	194	63204	0.003069425985697108	6.994780509806998	8.516851281485247	0.07962358844709894
cha-x-bible-2003.txt.clean.txt	144	195	63079	0.003091361625897684	6.993613910382924	8.538331629912303	0.08067434672285045
cha-x-bible-2003.txt.clean.txt	145	196	62955	0.003113334921769518	7.003410006724104	8.539994097825412	0.08027880902954287
cha-x-bible-2003.txt.clean.txt	146	197	62831	0.00313539494835352	7.012954609255811	8.54175058358815	0.07991249923619748
cha-x-bible-2003.txt.clean.txt	147	198	62708	0.003157491867066403	7.024299127057896	8.543691270503622	0.07930648980665944
cha-x-bible-2003.txt.clean.txt	148	199	62585	0.003179675641128066	7.023376779571995	8.5659715520924	0.08030352039589927
cha-x-bible-2003.txt.clean.txt	149	200	62465	0.0032017930040822862	7.030099211838705	8.569760089020882	0.08029415555424102
cha-x-bible-2003.txt.clean.txt	150	201	62347	0.00322389208783101	7.040811537699007	8.571079300525243	0.07975898975868656
cha-x-bible-2003.txt.clean.txt	151	202	62229	0.0032460749811181284	7.042604826231216	8.584008036786244	0.08038517321009986
cha-x-bible-2003.txt.clean.txt	152	203	62111	0.0032683421616138846	7.053111220582435	8.585256011417876	0.07986925859702687
cha-x-bible-2003.txt.clean.txt	153	204	61993	0.0032906941106253932	7.051323962308086	8.611537427306574	0.08095241751857984
cha-x-bible-2003.txt.clean.txt	154	205	61876	0.003313077768440106	7.060602024306238	8.613220676327636	0.08058853817969569
cha-x-bible-2003.txt.clean.txt	155	206	61760	0.0033354922279792746	7.0675220989761725	8.616162137663654	0.08052798877955403
cha-x-bible-2003.txt.clean.txt	156	207	61644	0.003357991045357212	7.07783864354853	8.61730863387916	0.08002201308090662
cha-x-bible-2003.txt.clean.txt	157	208	61530	0.003380464813911913	7.081239686123338	8.62301343043492	0.08041099660309148
cha-x-bible-2003.txt.clean.txt	158	208	61416	0.0033867396118275367	7.075189113906568	8.645748578697834	0.08119674033179258
cha-x-bible-2003.txt.clean.txt	159	209	61302	0.003409350429023523	7.085088909695955	8.646916708081392	0.08073715156139649
cha-x-bible-2003.txt.clean.txt	160	210	61189	0.0034319894098612494	7.086760428898701	8.672483834900545	0.08134108349681635
cha-x-bible-2003.txt.clean.txt	161	211	61077	0.0034546555986705307	7.0944710435857905	8.674916253642124	0.08115789343023805
cha-x-bible-2003.txt.clean.txt	162	212	60966	0.0034773480300495357	7.100456066568389	8.678206300773514	0.08119446773346417
cha-x-bible-2003.txt.clean.txt	163	213	60966	0.0034937506150969394	7.103268458258736	8.686734637025037	0.08163734554635627
cha-x-bible-2003.txt.clean.txt	164	214	60857	0.0035164401794370408	7.112241723267064	8.688159051001936	0.08127984841108216
cha-x-bible-2003.txt.clean.txt	165	215	60857	0.003532872142892354	7.117835792852439	8.692332747064949	0.08135536491846884
cha-x-bible-2003.txt.clean.txt	166	216	60750	0.0035555555555555557	7.1255866031792205	8.694373984633598	0.08114893978909232
cha-x-bible-2003.txt.clean.txt	167	217	60647	0.0035780830049301697	7.132117674391962	8.697265212562064	0.08109636066323811
cha-x-bible-2003.txt.clean.txt	168	218	60544	0.0036006871035940803	7.138250142591482	8.700796658479446	0.08109155960373449
cha-x-bible-2003.txt.clean.txt	169	219	60442	0.00362330829555607	7.146039801573456	8.70287445941981	0.08087002939215815
cha-x-bible-2003.txt.clean.txt	170	220	60341	0.003645945542831574	7.1467357283298085	8.712225038768663	0.08155695258398366
cha-x-bible-2003.txt.clean.txt	171	221	60240	0.0036686586985391766	7.154579495309314	8.71701134632966	0.08132139035540364
cha-x-bible-2003.txt.clean.txt	172	222	60140	0.0036913867642168275	7.158820300004494	8.722606622396402	0.08154499031666929
cha-x-bible-2003.txt.clean.txt	173	222	60040	0.003697534976682212	7.15458184022101	8.73008251107346	0.0820887718977601
cha-x-bible-2003.txt.clean.txt	174	223	59940	0.003720387053720387	7.161771944488188	8.732362651688343	0.08193002905198743
cha-x-bible-2003.txt.clean.txt	175	224	59841	0.0037432529536605337	7.160638588949128	8.750226966053148	0.08283424278321849
cha-x-bible-2003.txt.clean.txt	176	225	59743	0.003766131597007181	7.166320314531689	8.753306245268599	0.08286140356900662
cha-x-bible-2003.txt.clean.txt	177	226	59646	0.0037890218958521946	7.17445367887615	8.755034744530853	0.08257167599903781
cha-x-bible-2003.txt.clean.txt	178	227	59550	0.0038119227539882452	7.183366846711445	8.756552717678138	0.08217947433966521
cha-x-bible-2003.txt.clean.txt	179	228	59454	0.0038348975678675953	7.194654362636902	8.757625415732344	0.0814815030434074
cha-x-bible-2003.txt.clean.txt	180	229	59360	0.0038578167115902967	7.19953695873448	8.763208789330085	0.08159844375186853
cha-x-bible-2003.txt.clean.txt	181	230	59267	0.003880743077935445	7.211257086104193	8.764204890711547	0.08084045237732962
cha-x-bible-2003.txt.clean.txt	182	231	59174	0.003903741508094771	7.21947223139791	8.765962556736593	0.08052687454515439
cha-x-bible-2003.txt.clean.txt	183	232	59082	0.003926745878609391	7.227180086927426	8.768012212599888	0.08027518882920193
cha-x-bible-2003.txt.clean.txt	184	233	58992	0.003949688093300786	7.231288550438661	8.77300530511303	0.08047846052650143
cha-x-bible-2003.txt.clean.txt	185	234	58902	0.003972700417642865	7.235163008045575	8.77887776469829	0.08070804011881327
cha-x-bible-2003.txt.clean.txt	186	235	58812	0.003995783173502006	7.24263286204304	8.781556245911421	0.08047771481002153
cha-x-bible-2003.txt.clean.txt	187	236	58722	0.004018936684717823	7.248024293064488	8.78553852381362	0.08050837166205693
cha-x-bible-2003.txt.clean.txt	188	237	58633	0.004042092337079801	7.252520667850512	8.789994272757685	0.080649421710689
cha-x-bible-2003.txt.clean.txt	189	238	58544	0.0040653183930035525	7.259482201611944	8.792182949060676	0.08047501294441439
cha-x-bible-2003.txt.clean.txt	190	239	58456	0.0040885452306007935	7.266583595286498	8.794431014864657	0.0802802057178783
cha-x-bible-2003.txt.clean.txt	191	240	58368	0.004111842105263158	7.271469545032736	8.798557715005266	0.0803629496187408
cha-x-bible-2003.txt.clean.txt	192	241	58281	0.004135138381290644	7.280101205438611	8.80013938479147	0.0799692885750426
cha-x-bible-2003.txt.clean.txt	193	242	58194	0.004158504313159432	7.287558012798886	8.80211362898282	0.07972169812254293
cha-x-bible-2003.txt.clean.txt	194	243	58107	0.004181940213743611	7.292597435235953	8.806763971715597	0.0797766594581476
cha-x-bible-2003.txt.clean.txt	195	244	58020	0.0042054463977938645	7.301766386062647	8.808181079800754	0.07930800437951735
cha-x-bible-2003.txt.clean.txt	196	245	57933	0.004229023181951565	7.303090528182695	8.817122610980125	0.07982566619380105
cha-x-bible-2003.txt.clean.txt	197	246	57847	0.004252597368921465	7.305246666579192	8.826353224083366	0.08023502359758405
cha-x-bible-2003.txt.clean.txt	198	247	57762	0.004276167722724282	7.308339386029399	8.832250595742419	0.08052318506522704
cha-x-bible-2003.txt.clean.txt	199	248	57678	0.004299733000450778	7.316765306408242	8.833787804927656	0.08013770079401394
cha-x-bible-2003.txt.clean.txt	200	249	57594	0.004323367017397646	7.31894361141885	8.840511015866669	0.08053494535806949
cha-x-bible-2003.txt.clean.txt	201	250	57511	0.004346994488010989	7.325810832510218	8.843198881358841	0.08034029409811183
cha-x-bible-2003.txt.clean.txt	202	251	57429	0.004370614149645649	7.332672049321425	8.845410909938556	0.08014401480786193
cha-x-bible-2003.txt.clean.txt	203	252	57348	0.004394224733207784	7.336659359483049	8.849287417074368	0.08030563928560308
cha-x-bible-2003.txt.clean.txt	204	253	57267	0.004417902107671084	7.337397985263367	8.858242311691914	0.08087136528299976
cha-x-bible-2003.txt.clean.txt	205	254	57187	0.0044415688880339935	7.343776808049451	8.860649303231515	0.08072766719539781
cha-x-bible-2003.txt.clean.txt	206	255	57108	0.004465223786509771	7.340319255447674	8.886554290145021	0.08181201726654797
cha-x-bible-2003.txt.clean.txt	207	256	57029	0.004488944221361062	7.340692339582937	8.895446843711111	0.08241345755213292
cha-x-bible-2003.txt.clean.txt	208	257	56953	0.00451249275718575	7.348327879314371	8.897269604948104	0.08210435873434685
cha-x-bible-2003.txt.clean.txt	209	258	56878	0.004536024473434369	7.351086631856066	8.903605948637587	0.0824019345001481
cha-x-bible-2003.txt.clean.txt	210	259	56804	0.00455953806069995	7.35357379951353	8.909896712462853	0.08273049128438337
cha-x-bible-2003.txt.clean.txt	211	260	56732	0.00458295142071494	7.355663576061072	8.915648330166063	0.08310566811517228
cha-x-bible-2003.txt.clean.txt	212	261	56660	0.0046064242852100245	7.353393202897549	8.934844600621053	0.08402101294665598
cha-x-bible-2003.txt.clean.txt	213	262	56588	0.004629956881317594	7.359929534796066	8.937030934773613	0.08383642522153878
cha-x-bible-2003.txt.clean.txt	214	263	56516	0.004653549437327482	7.366255423629315	8.939295758676092	0.08367587315644831
cha-x-bible-2003.txt.clean.txt	215	264	56444	0.004677202182694352	7.369736954880009	8.943315293756818	0.0838667467640496
cha-x-bible-2003.txt.clean.txt	216	265	56372	0.004700915348045129	7.370426376097637	8.959917034406596	0.08440185789573629
cha-x-bible-2003.txt.clean.txt	217	266	56301	0.004724605246798458	7.374015498344061	8.964123883638758	0.08457393550282644
cha-x-bible-2003.txt.clean.txt	218	267	56231	0.004748270526933542	7.373365427129929	8.975774651277627	0.08526937504932386
cha-x-bible-2003.txt.clean.txt	219	268	56161	0.004771994800662382	7.380211487656249	8.977701840619396	0.08503224878952742
cha-x-bible-2003.txt.clean.txt	220	269	56091	0.004795778288852044	7.384798776381777	8.981063485449233	0.08507300849970723
cha-x-bible-2003.txt.clean.txt	221	270	56021	0.004819621213473519	7.390999965459572	8.983168129520905	0.08491163669029145
cha-x-bible-2003.txt.clean.txt	222	271	55952	0.0048434372319130685	7.395316104412712	8.986362247791018	0.08498147379203802
cha-x-bible-2003.txt.clean.txt	223	272	55884	0.004867224966001002	7.4006776336405515	8.989071759546286	0.08491973578002976
cha-x-bible-2003.txt.clean.txt	224	273	55884	0.004885119175434829	7.403360393815758	8.994774977036114	0.08518688193647372
cha-x-bible-2003.txt.clean.txt	225	274	55817	0.004908898722611391	7.40721820973172	8.998252187915327	0.08530638878084751
cha-x-bible-2003.txt.clean.txt	226	275	55817	0.004926814411380045	7.412455126662257	9.00150606835884	0.0852533808601258
cha-x-bible-2003.txt.clean.txt	227	276	55750	0.00495067264573991	7.412827160610542	9.009460617842416	0.08579826081502062
cha-x-bible-2003.txt.clean.txt	228	277	55683	0.004974588294452526	7.418593037003054	9.011723053258162	0.08567552614068608
cha-x-bible-2003.txt.clean.txt	229	278	55617	0.004998471690310516	7.42052908988168	9.017451406638997	0.0860225461160471
cha-x-bible-2003.txt.clean.txt	230	279	55551	0.0050224118377706975	7.423666001209989	9.02150248564953	0.08621920866682464
cha-x-bible-2003.txt.clean.txt	231	280	55485	0.005046408939352979	7.428956945074177	9.02399902306402	0.0861485656743659
cha-x-bible-2003.txt.clean.txt	232	281	55419	0.005070463198542016	7.434720342199174	9.026178565729223	0.08601786413411738
cha-x-bible-2003.txt.clean.txt	233	282	55354	0.005094482783538678	7.440035221747003	9.028594735729342	0.08594037931164811
cha-x-bible-2003.txt.clean.txt	234	283	55289	0.005118558845339941	7.4447206267581585	9.031434489573794	0.08593824261315564
cha-x-bible-2003.txt.clean.txt	235	284	55224	0.005142691583369549	7.451758114973386	9.033289448839199	0.08564548007395312
cha-x-bible-2003.txt.clean.txt	236	285	55159	0.005166881197991261	7.455585418258694	9.03655619296158	0.08574473169637475
cha-x-bible-2003.txt.clean.txt	237	286	55095	0.00519103366911698	7.462229398489428	9.038441118854845	0.08549668364800445
cha-x-bible-2003.txt.clean.txt	238	287	55031	0.005215242317966237	7.467026401152513	9.041076370602868	0.08547317584761671
cha-x-bible-2003.txt.clean.txt	239	288	54967	0.005239507340768097	7.472965996943917	9.043215380855834	0.08530788279884505
cha-x-bible-2003.txt.clean.txt	240	289	54904	0.005263733061343436	7.477931534754928	9.045841713234768	0.08525999804961437
cha-x-bible-2003.txt.clean.txt	241	290	54841	0.005288014441749786	7.481895993173208	9.049267630157864	0.08533262279085452
cha-x-bible-2003.txt.clean.txt	242	291	54779	0.005312254696142682	7.485906979073389	9.052945778283982	0.08539755763543899
cha-x-bible-2003.txt.clean.txt	243	292	54717	0.005336549883948316	7.49160455841543	9.05516202218015	0.085254573580276
cha-x-bible-2003.txt.clean.txt	244	293	54655	0.005360900192114171	7.494583305298601	9.06002055082924	0.0854416502602885
cha-x-bible-2003.txt.clean.txt	245	294	54593	0.005385305808436979	7.4987773484545475	9.062967774501445	0.08547841510071996
cha-x-bible-2003.txt.clean.txt	246	295	54532	0.005409667718037116	7.5051257598249626	9.06491611912192	0.08525069404931673
cha-x-bible-2003.txt.clean.txt	247	296	54471	0.005434084191588184	7.5123984279233245	9.067158987162395	0.0849088126408063
cha-x-bible-2003.txt.clean.txt	248	297	54411	0.005458455091801291	7.51261749281794	9.075370843727192	0.0854241986053278
cha-x-bible-2003.txt.clean.txt	249	298	54351	0.005482879799819691	7.518428876195424	9.077672549297192	0.08525675590203563
cha-x-bible-2003.txt.clean.txt	250	299	54291	0.00550735849404137	7.524386046675297	9.079820504693538	0.08506997630092594
cha-x-bible-2003.txt.clean.txt	251	300	54231	0.005531891353653814	7.524328161772576	9.091701500151721	0.0856125958318874
cha-x-bible-2003.txt.clean.txt	252	301	54171	0.005556478558638386	7.529916416551565	9.09376747469292	0.08546705918351039
cha-x-bible-2003.txt.clean.txt	253	302	54112	0.005581017149615612	7.533792803779961	9.098110886290488	0.08552771535752957
cha-x-bible-2003.txt.clean.txt	254	303	54055	0.005605401905466654	7.538874843916966	9.100516300757386	0.08544028561911476
cha-x-bible-2003.txt.clean.txt	255	304	53996	0.005630046670123713	7.544330189743383	9.102819358425236	0.08530595383547979
cha-x-bible-2003.txt.clean.txt	256	305	53937	0.005654745351057715	7.548957200721015	9.105638444879915	0.08527041808361546
cha-x-bible-2003.txt.clean.txt	257	306	53878	0.00567949812539441	7.55353490987713	9.108199341936128	0.08523917565993866
cha-x-bible-2003.txt.clean.txt	258	307	53819	0.005704305171036251	7.558047302609985	9.110712674982928	0.08521416855371977
cha-x-bible-2003.txt.clean.txt	259	308	53761	0.005729060099328509	7.55478021823426	9.138602071650809	0.0861285481312054
cha-x-bible-2003.txt.clean.txt	260	309	53703	0.005753868498966538	7.558385342654182	9.14185089814819	0.08620937829795938
cha-x-bible-2003.txt.clean.txt	261	310	53645	0.005778730543387082	7.566274561280863	9.143399576708582	0.08577080396966974
cha-x-bible-2003.txt.clean.txt	262	311	53588	0.005803538105546018	7.572848490282038	9.145038811079154	0.0854899017857248
cha-x-bible-2003.txt.clean.txt	263	312	53532	0.005828289621161175	7.577680890548288	9.147338982425449	0.08541786018580821
cha-x-bible-2003.txt.clean.txt	264	313	53476	0.005853092976288428	7.582836644948165	9.14968539535193	0.08530525865404004
cha-x-bible-2003.txt.clean.txt	265	314	53421	0.005877838303288968	7.586994082982423	9.152605157222116	0.08531151541844295
cha-x-bible-2003.txt.clean.txt	266	315	53366	0.005902634636285276	7.593195045509949	9.15455647794505	0.08506992128804647
cha-x-bible-2003.txt.clean.txt	267	316	53366	0.005921373158940149	7.599053318043639	9.157227346743943	0.08486826079652565
cha-x-bible-2003.txt.clean.txt	268	317	53311	0.005946239987994973	7.60280117197835	9.160207385177214	0.08491924265507722
cha-x-bible-2003.txt.clean.txt	269	318	53256	0.005971158179360072	7.608218896964857	9.162232903979563	0.08476771080621981
cha-x-bible-2003.txt.clean.txt	270	319	53202	0.00599601518739897	7.610580584012008	9.166753847800667	0.08498220090501363
cha-x-bible-2003.txt.clean.txt	271	320	53148	0.0060209227064047565	7.612247914634822	9.172251251827383	0.08527833600106893
cha-x-bible-2003.txt.clean.txt	272	321	53094	0.006045880890496101	7.617559136420612	9.174267896525041	0.08513497313560792
cha-x-bible-2003.txt.clean.txt	273	322	53040	0.006070889894419306	7.6231592811423114	9.176411046606162	0.08495554658954652
cha-x-bible-2003.txt.clean.txt	274	323	52987	0.0060958348274104965	7.627167101936197	9.17919285955903	0.08496581715083129
cha-x-bible-2003.txt.clean.txt	275	324	52934	0.0061208297124721355	7.632634220956496	9.181227975100583	0.0847995805300471
cha-x-bible-2003.txt.clean.txt	276	325	52881	0.006145874699797659	7.6383454156636645	9.183146754084806	0.08460276337784856
cha-x-bible-2003.txt.clean.txt	277	326	52828	0.006170969940183236	7.642419305326358	9.18571893418913	0.08460077222022933
cha-x-bible-2003.txt.clean.txt	278	327	52775	0.0061961155850307915	7.642960146257888	9.192503174842379	0.08502025572833716
cha-x-bible-2003.txt.clean.txt	279	328	52723	0.006221193786393036	7.64581702486905	9.19709279277372	0.08516070008966192
cha-x-bible-2003.txt.clean.txt	280	329	52671	0.006246321505192611	7.648453736075284	9.20062753916704	0.08532585926982916
cha-x-bible-2003.txt.clean.txt	281	330	52619	0.006271498888234288	7.646654876980234	9.215246422930088	0.08601955779806847
cha-x-bible-2003.txt.clean.txt	282	331	52567	0.006296726082903723	7.6515660355665664	9.217337818212027	0.08590947628218037
cha-x-bible-2003.txt.clean.txt	283	332	52516	0.0063218828547490285	7.652870576347821	9.227117159604429	0.08622871103103102
cha-x-bible-2003.txt.clean.txt	284	333	52465	0.006347088535213952	7.659808746269658	9.228927980033681	0.08587386668554342
cha-x-bible-2003.txt.clean.txt	285	334	52414	0.006372343267066051	7.663532468165294	9.231589787664028	0.08590138668836966
cha-x-bible-2003.txt.clean.txt	286	335	52414	0.006391422139123135	7.666299560095849	9.23553965819435	0.08604151621268274
cha-x-bible-2003.txt.clean.txt	287	336	52364	0.006416622106790925	7.671499625119223	9.237539643146588	0.08589019711087964
cha-x-bible-2003.txt.clean.txt	288	337	52314	0.006441870245058684	7.675684934413537	9.23993440408605	0.08585849466012963
cha-x-bible-2003.txt.clean.txt	289	338	52264	0.006467166692178172	7.680482328656774	9.242052275451229	0.0857525825824994
cha-x-bible-2003.txt.clean.txt	290	339	52214	0.006492511586930708	7.684075614322316	9.244697171153287	0.08578866304350874
cha-x-bible-2003.txt.clean.txt	291	340	52214	0.006511663538514575	7.6877538145300495	9.247807919911416	0.0858132446318508
cha-x-bible-2003.txt.clean.txt	292	341	52164	0.006537075377655088	7.691420018456783	9.251193036707676	0.08583787120844943
cha-x-bible-2003.txt.clean.txt	293	342	52114	0.006562535978815673	7.693856567631693	9.254844184282145	0.08600720266527717
cha-x-bible-2003.txt.clean.txt	294	343	52064	0.006588045482483098	7.693087218891883	9.26487598772079	0.0865556805272818
cha-x-bible-2003.txt.clean.txt	295	344	52015	0.006613476881668749	7.69217914032912	9.274783889304569	0.08711874546350284
cha-x-bible-2003.txt.clean.txt	296	345	51966	0.0066389562406188665	7.695951451971032	9.277276510791424	0.08712475340951775
cha-x-bible-2003.txt.clean.txt	297	346	51917	0.006664483695128763	7.700200608092958	9.279430388965952	0.08707290940664791
cha-x-bible-2003.txt.clean.txt	298	347	51868	0.006690059381506902	7.704744094037432	9.281439835272488	0.08698493473524394
cha-x-bible-2003.txt.clean.txt	299	348	51820	0.006715553840216133	7.709310341183262	9.283485559140393	0.08689305513251189
cha-x-bible-2003.txt.clean.txt	300	349	51773	0.0067409653680489835	7.7106785662006345	9.289401840520766	0.08717857280298813
cha-x-bible-2003.txt.clean.txt	301	350	51726	0.006766423075435951	7.7103613585782265	9.299659355849967	0.0876619626998617
cha-x-bible-2003.txt.clean.txt	302	351	51679	0.006791927088372453	7.713766570899506	9.303063317362241	0.08770336500097553
cha-x-bible-2003.txt.clean.txt	303	351	51632	0.006798109699411218	7.713583666333384	9.302654888444533	0.08772499687415525
cha-x-bible-2003.txt.clean.txt	304	352	51585	0.006823689056896384	7.715923410935877	9.310386771523618	0.08789103585439095
cha-x-bible-2003.txt.clean.txt	305	353	51538	0.00684931506849315	7.717663242928467	9.31619364637554	0.08812654131395103
cha-x-bible-2003.txt.clean.txt	306	354	51491	0.006874987861956458	7.7193241272612205	9.321138987193077	0.08836989611714285
cha-x-bible-2003.txt.clean.txt	307	355	51445	0.006900573427932744	7.721868233602724	9.324346791022863	0.0885075220442253
cha-x-bible-2003.txt.clean.txt	308	356	51399	0.006926204789976458	7.722372700841709	9.33729340363225	0.08888442944326902
cha-x-bible-2003.txt.clean.txt	309	357	51353	0.0069518820711545574	7.72483180850849	9.340466969145591	0.08902924745857754
cha-x-bible-2003.txt.clean.txt	310	358	51307	0.0069776053949753445	7.728113535734488	9.34383161550384	0.08907574862186085
cha-x-bible-2003.txt.clean.txt	311	359	51261	0.0070033748853904525	7.729507679161124	9.348538686262547	0.08934338437577305
cha-x-bible-2003.txt.clean.txt	312	360	51215	0.007029190666796837	7.728768634953935	9.358320137709546	0.08986077040187579
cha-x-bible-2003.txt.clean.txt	313	361	51170	0.007054914989251515	7.73307024038071	9.36043869887584	0.08978316886204452
cha-x-bible-2003.txt.clean.txt	314	362	51125	0.007080684596577017	7.735939283183154	9.363198310661648	0.08987299464581144
cha-x-bible-2003.txt.clean.txt	315	362	51080	0.007086922474549726	7.733001330573974	9.3711044945951	0.09021864239616006
cha-x-bible-2003.txt.clean.txt	316	363	51035	0.007112765748995787	7.739012972872405	9.372509546920647	0.08993749268709772
cha-x-bible-2003.txt.clean.txt	317	364	50998	0.007137534805286482	7.744838923475132	9.374685998511897	0.08967726055806002
cha-x-bible-2003.txt.clean.txt	318	365	50953	0.0071634643691244875	7.749836332928394	9.376345502801056	0.08951344709268005
cha-x-bible-2003.txt.clean.txt	319	366	50908	0.0071894397737094365	7.755139796222377	9.377880119561572	0.08931268791819258
cha-x-bible-2003.txt.clean.txt	320	367	50863	0.007215461140711322	7.75483990779434	9.392247099252636	0.08976866175403231
cha-x-bible-2003.txt.clean.txt	321	368	50818	0.007241528592231099	7.756555941530196	9.398372366715787	0.08998655943150236
cha-x-bible-2003.txt.clean.txt	322	369	50773	0.007267642250802592	7.757770203812289	9.402774989387616	0.09026196162136635
cha-x-bible-2003.txt.clean.txt	323	370	50728	0.007293802239394417	7.7571928109393244	9.413179681375784	0.09074598916482335
cha-x-bible-2003.txt.clean.txt	324	371	50684	0.007319864256964723	7.761244229448481	9.415080321301676	0.09068613641833867
cha-x-bible-2003.txt.clean.txt	325	372	50640	0.007345971563981043	7.764046293463732	9.417740555859634	0.09077153087210488
cha-x-bible-2003.txt.clean.txt	326	373	50596	0.0073721242785990985	7.76814718677938	9.41973438889459	0.090703704466912
cha-x-bible-2003.txt.clean.txt	327	374	50552	0.007398322519385978	7.770334226312382	9.422806578461042	0.09085876012858407
cha-x-bible-2003.txt.clean.txt	328	375	50508	0.007424566405321929	7.7739121239448	9.425129920482611	0.09084992000539338
cha-x-bible-2003.txt.clean.txt	329	376	50464	0.007450856055802156	7.777673946383608	9.427151676985305	0.09081849738946468
cha-x-bible-2003.txt.clean.txt	330	377	50420	0.0074771915906386354	7.782327331985353	9.428744046015623	0.09068184508388133
cha-x-bible-2003.txt.clean.txt	331	378	50376	0.007503573130061935	7.786600611695574	9.430442766973519	0.09058863018539909
cha-x-bible-2003.txt.clean.txt	332	379	50376	0.007523423852628236	7.787694786779669	9.436959944354207	0.09086555465596946
cha-x-bible-2003.txt.clean.txt	333	380	50333	0.007549718872310413	7.788056485964033	9.445314814588784	0.09122663882538584
cha-x-bible-2003.txt.clean.txt	334	381	50290	0.007576058858620004	7.79228481215754	9.447052641501475	0.09113535444700616
cha-x-bible-2003.txt.clean.txt	335	382	50247	0.007602443927000617	7.793073617152066	9.452375839689442	0.09144409433278866
cha-x-bible-2003.txt.clean.txt	336	383	50204	0.0076288741932913715	7.797887661962558	9.45405047201125	0.09128243915103595
cha-x-bible-2003.txt.clean.txt	337	384	50161	0.007655349773728594	7.797616076297289	9.469946145753195	0.09171227298403783
cha-x-bible-2003.txt.clean.txt	338	385	50119	0.007681717512320677	7.799984426224327	9.477724330435354	0.0918333234743065
cha-x-bible-2003.txt.clean.txt	339	386	50077	0.007708129480599876	7.803393349386672	9.480344122365281	0.09183213654243483
cha-x-bible-2003.txt.clean.txt	340	387	50035	0.007734585789947037	7.802759213988738	9.488878341271754	0.09230025914545936
cha-x-bible-2003.txt.clean.txt	341	388	49993	0.007761086552117297	7.806512705911602	9.490994161630313	0.09225676478760081
cha-x-bible-2003.txt.clean.txt	342	389	49952	0.007787475976937861	7.805989521940113	9.503118807403155	0.09270937521721956
cha-x-bible-2003.txt.clean.txt	343	390	49911	0.007813908757588507	7.808108984439571	9.506908395995811	0.09285356785173438
cha-x-bible-2003.txt.clean.txt	344	390	49870	0.007820332865450171	7.807747098847571	9.50664960095104	0.09289561173512317
cha-x-bible-2003.txt.clean.txt	345	391	49830	0.00784667870760586	7.8079483615300465	9.518037318176225	0.09326142412554972
cha-x-bible-2003.txt.clean.txt	346	392	49790	0.007873066880899778	7.81186035369232	9.522704947883526	0.09319518648342195
cha-x-bible-2003.txt.clean.txt	347	393	49750	0.007899497487437186	7.8142346290237485	9.525338534955804	0.09330644040280112
cha-x-bible-2003.txt.clean.txt	348	394	49710	0.00792597062965198	7.819697802124184	9.526586693801297	0.09305836176043547
cha-x-bible-2003.txt.clean.txt	349	395	49670	0.007952486410308032	7.8204579304156185	9.535867778062446	0.0933547523223337
cha-x-bible-2003.txt.clean.txt	350	396	49630	0.007979044932500503	7.820409665503581	9.543006154265715	0.09374359992188697
