file	merge	types	tokens	TTR	H	Hcross	R
deu-x-bible-neue.txt.clean.txt	0	57	117938	0.0004833047872611033	4.751885101115926	8.320316033618731	0.18532921252135304
deu-x-bible-neue.txt.clean.txt	1	58	114040	0.0005085934759733427	4.8638325165490315	8.244328618116107	0.16970838235996877
deu-x-bible-neue.txt.clean.txt	2	59	111763	0.0005279027943058078	4.921458385074976	8.205243910122771	0.1633933346323192
deu-x-bible-neue.txt.clean.txt	3	60	109758	0.0005466571912753512	5.00733940113404	8.150653403711793	0.15228844684261644
deu-x-bible-neue.txt.clean.txt	4	61	107994	0.0005648461951589903	5.067772259230345	8.107908201878484	0.14550721591847782
deu-x-bible-neue.txt.clean.txt	5	62	106432	0.0005825315694527962	5.102223353210011	8.079641092394846	0.14308781786227454
deu-x-bible-neue.txt.clean.txt	6	63	105021	0.0005998800239952009	5.080552234781433	8.144547751287472	0.15002270266663642
deu-x-bible-neue.txt.clean.txt	7	64	103660	0.0006174030484275516	5.129350422630046	8.11044435945648	0.14510826289499235
deu-x-bible-neue.txt.clean.txt	8	65	102370	0.0006349516459900361	5.175158080025857	8.079661946818716	0.14067718201631452
deu-x-bible-neue.txt.clean.txt	9	66	101339	0.0006512793692457987	5.222821138880347	8.05188904144626	0.13592313212119056
deu-x-bible-neue.txt.clean.txt	10	67	100313	0.0006679094434420264	5.263678944778346	8.027823404414677	0.1322780164428926
deu-x-bible-neue.txt.clean.txt	11	68	99300	0.0006847935548841893	5.259680393580645	8.046151380426753	0.13598151960130422
deu-x-bible-neue.txt.clean.txt	12	69	98295	0.000701968564016481	5.297946567611255	8.023588364555494	0.13269618463546895
deu-x-bible-neue.txt.clean.txt	13	70	97321	0.0007192692224699705	5.327160045743113	8.00637994829285	0.1308673410877439
deu-x-bible-neue.txt.clean.txt	14	71	96458	0.000736071658131	5.364181835674165	7.986736018561681	0.1277394449828677
deu-x-bible-neue.txt.clean.txt	15	72	95599	0.0007531459534095545	5.389978924836835	7.973691388113235	0.12641094931026764
deu-x-bible-neue.txt.clean.txt	16	73	94799	0.0007700503169864661	5.435385802953953	7.952874118144129	0.12188370587074793
deu-x-bible-neue.txt.clean.txt	17	74	94063	0.000786706781625081	5.467551134289529	7.937920635817605	0.11947947551165394
deu-x-bible-neue.txt.clean.txt	18	75	93334	0.0008035656888165085	5.501503713878942	7.922855806682003	0.11676611774343304
deu-x-bible-neue.txt.clean.txt	19	76	92618	0.0008205748342654776	5.5323758204803175	7.910130182468507	0.11452624753146134
deu-x-bible-neue.txt.clean.txt	20	77	91961	0.0008373114689922902	5.55311869246674	7.906407933554496	0.11388098885988618
deu-x-bible-neue.txt.clean.txt	21	78	91307	0.0008542609000405226	5.583598872164551	7.894337082546048	0.11165607581828474
deu-x-bible-neue.txt.clean.txt	22	79	90698	0.0008710225142781539	5.606463870973289	7.889265882687683	0.11061883416637885
deu-x-bible-neue.txt.clean.txt	23	80	90106	0.0008878432068896633	5.634278138111567	7.880026370323176	0.10877218887255435
deu-x-bible-neue.txt.clean.txt	24	81	89522	0.0009048055226648198	5.665999549475138	7.869543787297534	0.10628807512841554
deu-x-bible-neue.txt.clean.txt	25	82	88953	0.0009218351264150732	5.691858328052501	7.863433649793427	0.10470912012705957
deu-x-bible-neue.txt.clean.txt	26	83	88402	0.0009388927852311033	5.726466397580729	7.852850935748981	0.10173631720253762
deu-x-bible-neue.txt.clean.txt	27	84	87894	0.0009556966345825653	5.75488762815222	7.845375956180172	0.09971810729471686
deu-x-bible-neue.txt.clean.txt	28	85	87393	0.0009726179442289428	5.768690040006262	7.848446983813101	0.09996283617512125
deu-x-bible-neue.txt.clean.txt	29	86	86901	0.0009896318799553516	5.781128279834663	7.863354802176525	0.1003905844986217
deu-x-bible-neue.txt.clean.txt	30	87	86410	0.001006827913435945	5.81121604207441	7.855516905673522	0.09804951016276153
deu-x-bible-neue.txt.clean.txt	31	88	85921	0.0010241966457559851	5.829695801500927	7.852851261284108	0.09749090234493751
deu-x-bible-neue.txt.clean.txt	32	89	85436	0.001041715436115923	5.85766099813182	7.8459156088915645	0.09544439088227574
deu-x-bible-neue.txt.clean.txt	33	90	84954	0.0010593968500600326	5.8836843126830765	7.839782824037133	0.09368184624979281
deu-x-bible-neue.txt.clean.txt	34	91	84496	0.0010769740579435712	5.887502281413384	7.855385331882934	0.09531529390214033
deu-x-bible-neue.txt.clean.txt	35	92	84047	0.0010946256261377563	5.911907184025839	7.850524762250092	0.09376085889140107
deu-x-bible-neue.txt.clean.txt	36	93	83621	0.0011121608208464382	5.931960027866522	7.848543786563399	0.09285579396084775
deu-x-bible-neue.txt.clean.txt	37	94	83196	0.0011298620125967595	5.957179467751921	7.843971360340952	0.09114368535454531
deu-x-bible-neue.txt.clean.txt	38	95	82785	0.0011475508848221296	5.980457199922353	7.840390257652416	0.08971253609610608
deu-x-bible-neue.txt.clean.txt	39	96	82377	0.0011653738300739284	5.984085443368311	7.8533856748355175	0.0912498829396583
deu-x-bible-neue.txt.clean.txt	40	97	81971	0.0011833453294457796	5.972776060754832	7.94978664386071	0.0950219792939676
deu-x-bible-neue.txt.clean.txt	41	98	81570	0.001201422091455192	5.994178310139652	7.945930360130621	0.09381084712697008
deu-x-bible-neue.txt.clean.txt	42	99	81170	0.0012196624368609093	6.011414013952527	7.9457402929746195	0.09321305845206762
deu-x-bible-neue.txt.clean.txt	43	100	80799	0.0012376390796915804	6.027852265798256	7.9455472149144475	0.09271782928181593
deu-x-bible-neue.txt.clean.txt	44	101	80429	0.0012557659550659589	6.051298929165816	7.941665354165887	0.09115248969760048
deu-x-bible-neue.txt.clean.txt	45	102	80061	0.0012740285532281635	6.07355343015239	7.938205096626934	0.08975325779248922
deu-x-bible-neue.txt.clean.txt	46	103	79696	0.0012924111624171852	6.094146071044261	7.935562672430189	0.08858960733358301
deu-x-bible-neue.txt.clean.txt	47	104	79331	0.0013109629274810604	6.115298829788895	7.932566572022723	0.08732872960082882
deu-x-bible-neue.txt.clean.txt	48	105	78986	0.0013293495049755653	6.134102136881325	7.931066249107077	0.08640485059093517
deu-x-bible-neue.txt.clean.txt	49	106	78647	0.0013477945757625848	6.149164586288153	7.932233136586283	0.08602299509687361
deu-x-bible-neue.txt.clean.txt	50	107	78323	0.0013661376607126898	6.157044082805777	7.943798238182539	0.08669076104270246
deu-x-bible-neue.txt.clean.txt	51	108	78011	0.0013844201458768635	6.1703920360747615	7.9459728576004185	0.08652926727521415
deu-x-bible-neue.txt.clean.txt	52	109	77700	0.0014028314028314028	6.188742429874052	7.945245376532497	0.08561260555237193
deu-x-bible-neue.txt.clean.txt	53	110	77407	0.0014210601108426886	6.19838180255563	7.952978832098578	0.08596770199438697
deu-x-bible-neue.txt.clean.txt	54	111	77124	0.0014392407032830247	6.206422237887488	7.960798160310499	0.08654071814689823
deu-x-bible-neue.txt.clean.txt	55	112	76848	0.0014574224443056423	6.225911996505452	7.96048260990128	0.08541392834801731
deu-x-bible-neue.txt.clean.txt	56	113	76576	0.0014756581696615128	6.241556096035393	7.9617160153914694	0.08483983625187608
deu-x-bible-neue.txt.clean.txt	57	114	76304	0.00149402390438247	6.250218377327905	7.974131578318978	0.08527455229470171
deu-x-bible-neue.txt.clean.txt	58	115	76038	0.0015124016938898972	6.257584424698652	7.983097789080038	0.08588218255676494
deu-x-bible-neue.txt.clean.txt	59	116	75777	0.0015308075009567547	6.266934194664862	7.988167357200313	0.08618379095576878
deu-x-bible-neue.txt.clean.txt	60	117	75517	0.0015493200206576003	6.285282269775189	7.988296989584127	0.08516031880236086
deu-x-bible-neue.txt.clean.txt	61	118	75257	0.0015679604555058001	6.29645530601759	7.992026742860327	0.08516898800942507
deu-x-bible-neue.txt.clean.txt	62	119	75004	0.001586582048957389	6.304135147663584	8.004990773348812	0.08567051892042554
deu-x-bible-neue.txt.clean.txt	63	120	74761	0.0016051149663594655	6.321280695876342	8.005763905005473	0.08478632919196871
deu-x-bible-neue.txt.clean.txt	64	121	74520	0.0016237251744498121	6.326129244345625	8.030869401665111	0.08566927435936034
deu-x-bible-neue.txt.clean.txt	65	122	74280	0.0016424340333871836	6.342618005654048	8.03175314536653	0.0848566758866156
deu-x-bible-neue.txt.clean.txt	66	123	74050	0.0016610398379473328	6.356203200233741	8.03422987476697	0.08445229817735167
deu-x-bible-neue.txt.clean.txt	67	124	73821	0.0016797388277048537	6.367224144321836	8.038161122269562	0.08440546396257609
deu-x-bible-neue.txt.clean.txt	68	125	73594	0.0016985080305459684	6.379470407084623	8.042658637599306	0.0841705475819089
deu-x-bible-neue.txt.clean.txt	69	126	73371	0.0017172997505826553	6.395403978438912	8.043945352574067	0.08339581490792847
deu-x-bible-neue.txt.clean.txt	70	127	73149	0.0017361823128135723	6.40224817227594	8.050988974875601	0.08391228690088182
deu-x-bible-neue.txt.clean.txt	71	128	72931	0.001755083572143533	6.4066631209749945	8.064010043930754	0.08476241128928652
deu-x-bible-neue.txt.clean.txt	72	129	72714	0.0017740737684627445	6.416100274241793	8.06857566053879	0.08488199847196853
deu-x-bible-neue.txt.clean.txt	73	130	72497	0.0017931776487302923	6.430765928112278	8.070111685193593	0.08424535721677662
deu-x-bible-neue.txt.clean.txt	74	131	72283	0.0018123210160065299	6.4468525203813805	8.071272391140505	0.0833975833712618
deu-x-bible-neue.txt.clean.txt	75	132	72076	0.0018314001886897164	6.450377764659855	8.082159375113502	0.0843246906169266
deu-x-bible-neue.txt.clean.txt	76	133	71872	0.0018505120213713267	6.464636331717828	8.084079978556414	0.08371686168243442
deu-x-bible-neue.txt.clean.txt	77	134	71668	0.00186973265613663	6.4725770741241675	8.090639747659786	0.08399442751658137
deu-x-bible-neue.txt.clean.txt	78	135	71467	0.001888983726755006	6.479182713327441	8.09736522944624	0.08444940743862894
deu-x-bible-neue.txt.clean.txt	79	136	71267	0.0019083166121767437	6.494536507750919	8.098818662334953	0.08365847508201096
deu-x-bible-neue.txt.clean.txt	80	137	71070	0.0019276769382299142	6.508919977689498	8.100753720521698	0.08299654022207725
deu-x-bible-neue.txt.clean.txt	81	138	70878	0.0019470075340726318	6.523325559826214	8.102727665571788	0.08232353992873342
deu-x-bible-neue.txt.clean.txt	82	139	70686	0.001966443142913731	6.530876008894672	8.10898533622302	0.08260569343410207
deu-x-bible-neue.txt.clean.txt	83	140	70498	0.001985871939629493	6.543413162290111	8.111779739412862	0.08217794878704532
deu-x-bible-neue.txt.clean.txt	84	141	70311	0.002005376114690447	6.552836820301369	8.119303955744735	0.08217806737958344
deu-x-bible-neue.txt.clean.txt	85	142	70124	0.0020249843135017966	6.560919048072852	8.12775850930218	0.08235648920022542
deu-x-bible-neue.txt.clean.txt	86	143	69939	0.0020446388996125196	6.5655489050647216	8.13920785041682	0.08300741783735532
deu-x-bible-neue.txt.clean.txt	87	144	69756	0.00206433855152245	6.578681660948094	8.141410356044096	0.08246157949703559
deu-x-bible-neue.txt.clean.txt	88	145	69573	0.002084141836632027	6.585984686581251	8.150552836784733	0.08272032361240489
deu-x-bible-neue.txt.clean.txt	89	146	69393	0.0021039586125401696	6.598515682731488	8.152952252003004	0.08224246242812905
deu-x-bible-neue.txt.clean.txt	90	147	69214	0.0021238477764614094	6.610815337428675	8.155443894074658	0.08178941751842639
deu-x-bible-neue.txt.clean.txt	91	148	69036	0.002143809027174228	6.617230011014984	8.162060455606342	0.08214538947396344
deu-x-bible-neue.txt.clean.txt	92	149	68858	0.0021638734787533765	6.627569767367102	8.165342445960198	0.08194832291533571
deu-x-bible-neue.txt.clean.txt	93	150	68680	0.0021840419336051253	6.638303499880333	8.168949446621202	0.08168903051779808
deu-x-bible-neue.txt.clean.txt	94	151	68503	0.0022042830241011343	6.651297437265429	8.170882773656484	0.08111004056874449
deu-x-bible-neue.txt.clean.txt	95	152	68327	0.0022245964260102155	6.661937817109777	8.17403620784657	0.08084927660312602
deu-x-bible-neue.txt.clean.txt	96	153	68152	0.002244981805376218	6.666953720499595	8.181838099062315	0.08135628617224255
deu-x-bible-neue.txt.clean.txt	97	154	67978	0.0022654388184412603	6.67917601099802	8.184102307232399	0.08086250041970955
deu-x-bible-neue.txt.clean.txt	98	155	67805	0.0022859671115699432	6.692306908924199	8.185873490352018	0.08023742638688902
deu-x-bible-neue.txt.clean.txt	99	156	67637	0.00230642991262179	6.700423966986877	8.190339521774126	0.08029457184406863
deu-x-bible-neue.txt.clean.txt	100	157	67471	0.002326925642127729	6.715736580475927	8.191660197969046	0.07935767853368636
deu-x-bible-neue.txt.clean.txt	101	158	67308	0.002347417840375587	6.727932381539191	8.194022723402712	0.07884250451817487
deu-x-bible-neue.txt.clean.txt	102	159	67147	0.002367938999508541	6.7387390609373155	8.198231541189042	0.07851129272240831
deu-x-bible-neue.txt.clean.txt	103	160	66986	0.0023885588033320396	6.747454535778759	8.20508256588338	0.07845932815288603
deu-x-bible-neue.txt.clean.txt	104	161	66827	0.0024092058599069236	6.759874953492583	8.207616825201422	0.07789502106166235
deu-x-bible-neue.txt.clean.txt	105	162	66669	0.002429914952976646	6.759980984731181	8.227707125721656	0.0790028430997296
deu-x-bible-neue.txt.clean.txt	106	163	66513	0.00245064874535805	6.773021737432994	8.229720919728338	0.07834095978453315
deu-x-bible-neue.txt.clean.txt	107	164	66358	0.002471442780071732	6.788851276574663	8.230899014285685	0.07729482954200895
deu-x-bible-neue.txt.clean.txt	108	165	66203	0.002492334184251469	6.802820401255991	8.232524468110753	0.07649703564420007
deu-x-bible-neue.txt.clean.txt	109	166	66050	0.0025132475397426192	6.812124954180835	8.236342891166185	0.0763269786427817
deu-x-bible-neue.txt.clean.txt	110	167	65898	0.0025342195514279644	6.820699701459022	8.240476928082726	0.07624961248636142
deu-x-bible-neue.txt.clean.txt	111	168	65753	0.0025550165011482364	6.825168525815787	8.256017343849303	0.07672139391841526
deu-x-bible-neue.txt.clean.txt	112	169	65608	0.002575905377393001	6.829006958274745	8.268376185099328	0.07727088151225425
deu-x-bible-neue.txt.clean.txt	113	170	65466	0.002596767787859347	6.834727948749776	8.27787651906156	0.07755873490021048
deu-x-bible-neue.txt.clean.txt	114	171	65325	0.0026176808266360507	6.839178908436714	8.290442575873103	0.07801093447030949
deu-x-bible-neue.txt.clean.txt	115	172	65184	0.0026386843397152677	6.8446068395095505	8.298697806494769	0.07832442478222423
deu-x-bible-neue.txt.clean.txt	116	173	65045	0.002659697132754247	6.855559110126113	8.301289980414662	0.07788810681320146
deu-x-bible-neue.txt.clean.txt	117	174	64907	0.00268075862387724	6.854363173349517	8.318824952697412	0.07907897229469618
deu-x-bible-neue.txt.clean.txt	118	175	64772	0.0027017847217933673	6.866845850864101	8.320905887366221	0.07842554078762731
deu-x-bible-neue.txt.clean.txt	119	176	64640	0.0027227722772277226	6.874136569124617	8.326110892940594	0.07846375963154195
deu-x-bible-neue.txt.clean.txt	120	177	64509	0.002743803190252523	6.879213194517755	8.335278032235859	0.07879263997262187
deu-x-bible-neue.txt.clean.txt	121	178	64380	0.0027648337993165578	6.889977422069926	8.33795664846389	0.07835431992132313
deu-x-bible-neue.txt.clean.txt	122	179	64251	0.0027859488568271313	6.899968943922136	8.34094542037015	0.07801459184976733
deu-x-bible-neue.txt.clean.txt	123	180	64122	0.0028071488724618694	6.90868791508882	8.34447230188351	0.07783991140009838
deu-x-bible-neue.txt.clean.txt	124	181	63995	0.0028283459645284787	6.918749430224994	8.347347356042327	0.0774811196932752
deu-x-bible-neue.txt.clean.txt	125	182	63870	0.002849538124315015	6.924020693431635	8.353806182903798	0.07775571585847363
deu-x-bible-neue.txt.clean.txt	126	183	63748	0.002870678295789672	6.933805833934992	8.356945549128978	0.07742379510487574
deu-x-bible-neue.txt.clean.txt	127	184	63626	0.0028918995379247476	6.933779721573434	8.371570113525994	0.0783913574352586
deu-x-bible-neue.txt.clean.txt	128	185	63505	0.0029131564443744587	6.941172510651594	8.377856026773387	0.07836662542707751
deu-x-bible-neue.txt.clean.txt	129	186	63384	0.0029344945096554335	6.953123574054704	8.38009856566779	0.07773217831542101
deu-x-bible-neue.txt.clean.txt	130	187	63263	0.002955914199453077	6.957931407848788	8.386117723637714	0.07804045162804851
deu-x-bible-neue.txt.clean.txt	131	188	63143	0.0029773688294822864	6.965342722887483	8.390185510303883	0.07799843781826743
deu-x-bible-neue.txt.clean.txt	132	189	63024	0.002998857578065499	6.9754845223316995	8.393201689380245	0.07759046443817363
deu-x-bible-neue.txt.clean.txt	133	190	62908	0.0030202835887327526	6.9846923956543385	8.396793861476496	0.0773017667645618
deu-x-bible-neue.txt.clean.txt	134	191	62793	0.0030417403213734017	6.988159869829249	8.41142939243556	0.077766346814933
deu-x-bible-neue.txt.clean.txt	135	192	62680	0.003063178047223995	6.99821943254838	8.414380547503816	0.07735609347007188
deu-x-bible-neue.txt.clean.txt	136	193	62567	0.0030846932088800807	7.007192335053714	8.417543859303063	0.0770850199535612
deu-x-bible-neue.txt.clean.txt	137	194	62456	0.003106186755475855	7.015552845071876	8.42106335079266	0.07689035509347797
deu-x-bible-neue.txt.clean.txt	138	195	62345	0.00312775683695565	7.024596176507299	8.424533778528632	0.07660166092552445
deu-x-bible-neue.txt.clean.txt	139	196	62235	0.0031493532578131278	7.029496623128904	8.436963464134495	0.0768529901948356
deu-x-bible-neue.txt.clean.txt	140	197	62125	0.0031710261569416497	7.037691180636535	8.440952865880877	0.076667103906087
deu-x-bible-neue.txt.clean.txt	141	198	62015	0.003192775941304523	7.038338405200528	8.453624697934245	0.0774663243979955
deu-x-bible-neue.txt.clean.txt	142	199	61906	0.0032145510935935127	7.042921303491898	8.461247645135344	0.07774420592241771
deu-x-bible-neue.txt.clean.txt	143	200	61799	0.0032362983219793202	7.048081334763015	8.467091891662697	0.0779416619334995
deu-x-bible-neue.txt.clean.txt	144	201	61694	0.0032580153661620256	7.055900224144996	8.471118531011722	0.0777868835626997
deu-x-bible-neue.txt.clean.txt	145	202	61589	0.003279806458945591	7.063804957006208	8.474971362862624	0.07761688575515824
deu-x-bible-neue.txt.clean.txt	146	203	61484	0.0033016719797020365	7.072202774780638	8.47842633042116	0.07737862356100711
deu-x-bible-neue.txt.clean.txt	147	204	61380	0.0033235581622678397	7.083227982658926	8.480728254181168	0.07679414696802644
deu-x-bible-neue.txt.clean.txt	148	205	61277	0.0033454640403414006	7.092276076546786	8.483922573517654	0.07646403341763675
deu-x-bible-neue.txt.clean.txt	149	206	61174	0.0033674436852257493	7.099675520939698	8.488772232633892	0.0763448859683572
deu-x-bible-neue.txt.clean.txt	150	207	61072	0.0033894419701336127	7.105830281408029	8.495492462092143	0.07638365793529678
deu-x-bible-neue.txt.clean.txt	151	208	60972	0.003411401954995736	7.114780443081059	8.498513272948784	0.07605530287839368
deu-x-bible-neue.txt.clean.txt	152	209	60872	0.0034334340912077804	7.116335453855996	8.509264297290333	0.0766830334614651
deu-x-bible-neue.txt.clean.txt	153	210	60772	0.003455538734943724	7.119829541273409	8.51738684413213	0.07705432437060267
deu-x-bible-neue.txt.clean.txt	154	211	60672	0.0034777162447257384	7.127740435938804	8.52056296662446	0.0768490001574158
deu-x-bible-neue.txt.clean.txt	155	212	60573	0.0034999092004688558	7.137337201783112	8.523115327869606	0.07642201498481505
deu-x-bible-neue.txt.clean.txt	156	213	60475	0.0035221165770979745	7.140137851172652	8.532583569148393	0.07687059996388412
deu-x-bible-neue.txt.clean.txt	157	214	60377	0.003544396044851516	7.149645135269437	8.535094488506543	0.07644828198212539
deu-x-bible-neue.txt.clean.txt	158	215	60279	0.0035667479553409976	7.153147396103796	8.542412219322992	0.07679796631768054
deu-x-bible-neue.txt.clean.txt	159	216	60183	0.003589053387169134	7.1566176634745515	8.55059265607949	0.07714745552685465
deu-x-bible-neue.txt.clean.txt	160	217	60087	0.0036114300930317708	7.166636195535244	8.552941901675517	0.07664898666421216
deu-x-bible-neue.txt.clean.txt	161	218	59993	0.0036337572716816963	7.1742096887367115	8.556438071062502	0.07646247967439568
deu-x-bible-neue.txt.clean.txt	162	219	59900	0.003656093489148581	7.182915933193298	8.559230469800175	0.07612698867128032
deu-x-bible-neue.txt.clean.txt	163	220	59808	0.003678437667201712	7.189999470193948	8.563397499562797	0.07599703202293528
deu-x-bible-neue.txt.clean.txt	164	221	59716	0.0037008506932815328	7.193152233235541	8.570125480975566	0.07636848581762001
deu-x-bible-neue.txt.clean.txt	165	221	59624	0.003706561116328995	7.194450220375231	8.5687237865696	0.07620181871697362
deu-x-bible-neue.txt.clean.txt	166	222	59534	0.0037289616017737765	7.198593395975365	8.574524218990899	0.07644222230263764
deu-x-bible-neue.txt.clean.txt	167	223	59444	0.003751429917233026	7.207662485555609	8.57717416103462	0.07604730505140267
deu-x-bible-neue.txt.clean.txt	168	224	59354	0.0037739663712639416	7.214797416632895	8.580746084452471	0.0758973444066946
deu-x-bible-neue.txt.clean.txt	169	225	59264	0.003796571274298056	7.224644993475767	8.583111505254877	0.07539706875891017
deu-x-bible-neue.txt.clean.txt	170	226	59176	0.003819115857780181	7.232957169663624	8.5860540114369	0.07509058239892319
deu-x-bible-neue.txt.clean.txt	171	227	59089	0.0038416625767909423	7.240603354347021	8.589659010502876	0.07486635186575241
deu-x-bible-neue.txt.clean.txt	172	228	59003	0.0038642102943918107	7.244667137938947	8.5957651001873	0.07509653207973954
deu-x-bible-neue.txt.clean.txt	173	229	58918	0.0038867578668658133	7.252061138141804	8.599100149218206	0.07489825061655597
deu-x-bible-neue.txt.clean.txt	174	230	58833	0.003909370591334795	7.253848920740385	8.62498063213749	0.07541162200986706
deu-x-bible-neue.txt.clean.txt	175	231	58748	0.003932048750595765	7.261295675578721	8.628394329312702	0.0752002340781448
deu-x-bible-neue.txt.clean.txt	176	232	58663	0.0039547926290847725	7.269637736067304	8.631094383462582	0.07487206439224992
deu-x-bible-neue.txt.clean.txt	177	233	58579	0.003977534611379505	7.277121741414352	8.63451234367527	0.07465036971931127
deu-x-bible-neue.txt.clean.txt	178	234	58495	0.00400034190956492	7.28338851098369	8.63818161470828	0.07458056005195968
deu-x-bible-neue.txt.clean.txt	179	235	58412	0.004023145928918715	7.290690856495845	8.641254989085251	0.07437628764636095
deu-x-bible-neue.txt.clean.txt	180	236	58329	0.0040460148468171924	7.299684364104387	8.643771765648356	0.07395472325803842
deu-x-bible-neue.txt.clean.txt	181	237	58246	0.004068948940699791	7.304461254266436	8.648135369785845	0.07406528216182262
deu-x-bible-neue.txt.clean.txt	182	238	58164	0.004091878137679665	7.312920594823428	8.650746535323663	0.07370621918455778
deu-x-bible-neue.txt.clean.txt	183	239	58083	0.004114801232718695	7.316471062076236	8.65886238821276	0.07396602931139262
deu-x-bible-neue.txt.clean.txt	184	240	58002	0.0041377883521257885	7.32616911875335	8.66113804420483	0.07344498698106439
deu-x-bible-neue.txt.clean.txt	185	241	57921	0.004160839764506828	7.330808754731739	8.667892070350874	0.07356106685747632
deu-x-bible-neue.txt.clean.txt	186	242	57841	0.0041838834045054545	7.339088594037999	8.67055181781199	0.07321437760252758
deu-x-bible-neue.txt.clean.txt	187	243	57761	0.004206990876196742	7.346887227872767	8.67335512888066	0.07292605036018951
deu-x-bible-neue.txt.clean.txt	188	244	57681	0.004230162445172587	7.353433978789611	8.676949308943245	0.07279315077539572
deu-x-bible-neue.txt.clean.txt	189	245	57602	0.004253324537342454	7.357197688685528	8.683517854218575	0.07300827564144408
deu-x-bible-neue.txt.clean.txt	190	246	57523	0.0042765502494654314	7.365679364967317	8.685985624400992	0.07262626212192047
deu-x-bible-neue.txt.clean.txt	191	247	57444	0.004299839844022004	7.367934173913811	8.693230198556702	0.0730254454480137
deu-x-bible-neue.txt.clean.txt	192	248	57367	0.0043230428643645305	7.376775073634441	8.69565879809818	0.07259328462869552
deu-x-bible-neue.txt.clean.txt	193	249	57290	0.004346308256240181	7.3837774091995945	8.698750875445725	0.07238999786508571
deu-x-bible-neue.txt.clean.txt	194	250	57213	0.004369636271476763	7.3905545322356145	8.70177556632607	0.07221256964415446
deu-x-bible-neue.txt.clean.txt	195	251	57137	0.004392950277403434	7.397865436860337	8.70477717187168	0.07196575082452072
deu-x-bible-neue.txt.clean.txt	196	252	57061	0.0044163263875501655	7.404158458593453	8.708276599635191	0.0718442213890641
deu-x-bible-neue.txt.clean.txt	197	253	56986	0.00443968694065209	7.408939034116608	8.712326811320878	0.07190968340465986
deu-x-bible-neue.txt.clean.txt	198	254	56911	0.004463109065031365	7.416282972939342	8.71518054041795	0.07165155920856636
deu-x-bible-neue.txt.clean.txt	199	255	56837	0.004486514066541162	7.418780831590724	8.721305884711672	0.0719973928866332
deu-x-bible-neue.txt.clean.txt	200	256	56763	0.0045099800926659975	7.42314969922332	8.725554466331662	0.07210628759708504
deu-x-bible-neue.txt.clean.txt	201	257	56689	0.004533507382384589	7.4294579518310915	8.728704885390204	0.07197022466171044
deu-x-bible-neue.txt.clean.txt	202	258	56616	0.004557015684612124	7.43389831296239	8.733865138804525	0.07206498131357297
deu-x-bible-neue.txt.clean.txt	203	259	56544	0.004580503678551217	7.439062896759646	8.73775578691102	0.07206675901359638
deu-x-bible-neue.txt.clean.txt	204	260	56472	0.004604051565377533	7.446424825224122	8.740465349269297	0.0717921443179147
deu-x-bible-neue.txt.clean.txt	205	261	56401	0.004627577525221184	7.452862513886613	8.743558829181149	0.07163057003021378
deu-x-bible-neue.txt.clean.txt	206	262	56330	0.004651162790697674	7.4571030615437515	8.749044268942683	0.0717402706023823
deu-x-bible-neue.txt.clean.txt	207	263	56259	0.004674807586341741	7.463735625524205	8.752145848250342	0.07154983954114125
deu-x-bible-neue.txt.clean.txt	208	264	56188	0.004698512137823023	7.467204421510135	8.759000163050324	0.0717505494241436
deu-x-bible-neue.txt.clean.txt	209	265	56119	0.004722108376842068	7.472745514125312	8.762421149394104	0.07169116683128651
deu-x-bible-neue.txt.clean.txt	210	266	56050	0.0047457627118644066	7.478828555551248	8.76606355268562	0.07156221827919995
deu-x-bible-neue.txt.clean.txt	211	267	55981	0.0047694753577106515	7.48034859949932	8.785434151936531	0.07199717457481813
deu-x-bible-neue.txt.clean.txt	212	268	55912	0.00479324653026184	7.486210381225084	8.78880021762378	0.07189094932382945
deu-x-bible-neue.txt.clean.txt	213	269	55844	0.004816990186949359	7.493838115276826	8.791329460256932	0.07156376643213835
deu-x-bible-neue.txt.clean.txt	214	270	55776	0.0048407917383821	7.496936276847957	8.798991790069183	0.07179553788681425
deu-x-bible-neue.txt.clean.txt	215	271	55708	0.004864651396567818	7.505017620332578	8.801324555746227	0.07140816360454239
deu-x-bible-neue.txt.clean.txt	216	272	55640	0.004888569374550683	7.512233751465829	8.803850929296942	0.0711260256863917
deu-x-bible-neue.txt.clean.txt	217	273	55573	0.004912457488348659	7.519629728449615	8.806384544218194	0.07081979633026447
deu-x-bible-neue.txt.clean.txt	218	274	55506	0.004936403271718372	7.5223976683312745	8.81186861907553	0.07108324698298907
deu-x-bible-neue.txt.clean.txt	219	275	55440	0.00496031746031746	7.528300994646083	8.814897249582897	0.07095722469206212
deu-x-bible-neue.txt.clean.txt	220	276	55374	0.0049842886553256045	7.535745759767527	8.817414680706392	0.0706390786713158
deu-x-bible-neue.txt.clean.txt	221	277	55308	0.005008317060823027	7.539021245763455	8.82257046754952	0.07083302729171903
deu-x-bible-neue.txt.clean.txt	222	278	55243	0.005032311786108647	7.542650603669273	8.82800658475369	0.0709809892561416
deu-x-bible-neue.txt.clean.txt	223	279	55178	0.005056363043241871	7.545157996580154	8.834874282485345	0.07126473042764991
deu-x-bible-neue.txt.clean.txt	224	280	55113	0.005080471032242847	7.543968171434019	8.848377825982642	0.07200079567790874
deu-x-bible-neue.txt.clean.txt	225	281	55048	0.005104635954076443	7.550960042135651	8.850828367601055	0.07172801806992435
deu-x-bible-neue.txt.clean.txt	226	282	54984	0.0051287647315582715	7.555995919200992	8.854183904578704	0.07169380816374149
deu-x-bible-neue.txt.clean.txt	227	283	54920	0.005152949745083758	7.561783311718424	8.857139595491937	0.07156530252530202
deu-x-bible-neue.txt.clean.txt	228	284	54856	0.005177191191483156	7.566592177814233	8.860545086007964	0.0715549738095298
deu-x-bible-neue.txt.clean.txt	229	285	54793	0.005201394338692899	7.568880443022322	8.866118934513146	0.07185171492413467
deu-x-bible-neue.txt.clean.txt	230	286	54730	0.005225653206650831	7.576179287721541	8.86847711609418	0.07153201624957195
deu-x-bible-neue.txt.clean.txt	231	287	54667	0.005249967988000074	7.580020607976103	8.872473332973433	0.07163416851558879
deu-x-bible-neue.txt.clean.txt	232	288	54605	0.0052742422855049905	7.586180719241192	8.875324337882093	0.07145038444025698
deu-x-bible-neue.txt.clean.txt	233	289	54545	0.005298377486479054	7.587847752489495	8.881554016986804	0.071814466921441
deu-x-bible-neue.txt.clean.txt	234	290	54485	0.005322565843810223	7.593092022043963	8.8846956609409	0.07173882515238328
deu-x-bible-neue.txt.clean.txt	235	291	54425	0.0053468075333027104	7.59602402593006	8.891536984276087	0.07194383448838093
deu-x-bible-neue.txt.clean.txt	236	292	54365	0.005371102731536835	7.601396532412737	8.89503253091733	0.07184867297667108
deu-x-bible-neue.txt.clean.txt	237	293	54305	0.005395451615873308	7.59874283661105	8.918184796575947	0.0727311411917686
deu-x-bible-neue.txt.clean.txt	238	294	54245	0.0054198543644575535	7.601433577913001	8.923813715292242	0.07295886247212002
deu-x-bible-neue.txt.clean.txt	239	295	54186	0.005444210681725907	7.604425904366423	8.928381608015409	0.07314766723711563
deu-x-bible-neue.txt.clean.txt	240	296	54127	0.005468620097178857	7.608012541710444	8.934335616532145	0.07326198190449518
deu-x-bible-neue.txt.clean.txt	241	297	54068	0.0054930827846415625	7.613047757688193	8.93800353415187	0.07319795521335415
deu-x-bible-neue.txt.clean.txt	242	298	54009	0.0055175989186987354	7.619347005060056	8.940469909371632	0.07297836927285417
deu-x-bible-neue.txt.clean.txt	243	299	53951	0.005542065948731256	7.623529359310859	8.944839565623223	0.07301461486458127
deu-x-bible-neue.txt.clean.txt	244	300	53893	0.005566585641920101	7.62380138485282	8.966887499228843	0.07352419932910226
deu-x-bible-neue.txt.clean.txt	245	301	53835	0.005591158168477756	7.630788893373538	8.969089594104595	0.07321576743309144
deu-x-bible-neue.txt.clean.txt	246	302	53778	0.005615679274052586	7.632930762242346	8.978112934939018	0.07349408001194357
deu-x-bible-neue.txt.clean.txt	247	303	53722	0.00564014742563568	7.639929391125508	8.980376508842244	0.07318110639868947
deu-x-bible-neue.txt.clean.txt	248	304	53666	0.005664666641821637	7.641022054248493	8.988465881431537	0.07358278285131337
deu-x-bible-neue.txt.clean.txt	249	305	53610	0.005689237082633837	7.647627386765421	8.990768648267126	0.07331425836139693
deu-x-bible-neue.txt.clean.txt	250	306	53554	0.005713858908764985	7.653372630052362	8.993344037700403	0.07314846100813954
deu-x-bible-neue.txt.clean.txt	251	307	53498	0.00573853228158062	7.658146258750263	8.996460080094963	0.07309872349847801
deu-x-bible-neue.txt.clean.txt	252	308	53442	0.005763257363122638	7.663546948106564	8.99908049595143	0.07297147321014896
deu-x-bible-neue.txt.clean.txt	253	309	53386	0.005788034316112838	7.666113090812991	9.007109359406327	0.07318535246415203
deu-x-bible-neue.txt.clean.txt	254	310	53330	0.005812863303956498	7.663967729232663	9.029140715217022	0.07396658702368686
deu-x-bible-neue.txt.clean.txt	255	311	53275	0.005837634913186298	7.6676755293636685	9.033166319450784	0.07403842683079909
deu-x-bible-neue.txt.clean.txt	256	312	53220	0.005862457722660654	7.6730475440210055	9.03598987322624	0.0739076581517284
deu-x-bible-neue.txt.clean.txt	257	313	53165	0.005887331891281858	7.67615549355178	9.042977587081554	0.0740484870680328
deu-x-bible-neue.txt.clean.txt	258	314	53110	0.005912257578610431	7.682780594782651	9.045038306431172	0.0737634875218055
deu-x-bible-neue.txt.clean.txt	259	315	53056	0.005937123039806996	7.684330851489113	9.051900071921686	0.0740886558736541
deu-x-bible-neue.txt.clean.txt	260	316	53003	0.00596192668339528	7.686548968049898	9.061745922562569	0.07433141587495584
deu-x-bible-neue.txt.clean.txt	261	317	52951	0.005986666918471795	7.689474629752773	9.066597442275512	0.07448713854136624
deu-x-bible-neue.txt.clean.txt	262	318	52899	0.006011455793115182	7.693471123187429	9.069811375257014	0.07451227635812874
deu-x-bible-neue.txt.clean.txt	263	319	52847	0.006036293450905444	7.699195564235355	9.072194392878991	0.07432804866580722
deu-x-bible-neue.txt.clean.txt	264	320	52795	0.006061180035988257	7.702783777985675	9.076442045412344	0.07439914282389226
deu-x-bible-neue.txt.clean.txt	265	321	52743	0.0060861156930777545	7.707785444562454	9.079111968972587	0.07429883883802135
deu-x-bible-neue.txt.clean.txt	266	322	52692	0.006110984589691035	7.710903044534746	9.08488307357088	0.07442324088104313
deu-x-bible-neue.txt.clean.txt	267	323	52641	0.0061359016736004255	7.716263996307755	9.087519633712251	0.07427682832364524
deu-x-bible-neue.txt.clean.txt	268	324	52590	0.006160867084997148	7.721859972069189	9.089969495862768	0.07410085680218259
deu-x-bible-neue.txt.clean.txt	269	325	52539	0.006185880964616761	7.724800972407781	9.093793937385303	0.07424172660515926
deu-x-bible-neue.txt.clean.txt	270	326	52488	0.006210943453741808	7.727148394129758	9.098077955137237	0.07445203013183599
deu-x-bible-neue.txt.clean.txt	271	327	52437	0.006236054694204474	7.731651193428273	9.10132944664422	0.0744025748682744
deu-x-bible-neue.txt.clean.txt	272	328	52386	0.0062612148283892645	7.73728102350132	9.10363296621097	0.07421682578511313
deu-x-bible-neue.txt.clean.txt	273	329	52336	0.006286303882604708	7.741769243084548	9.106401886558523	0.07416631197624812
deu-x-bible-neue.txt.clean.txt	274	330	52286	0.006311440921087863	7.744266596878995	9.113121414753302	0.07435233803302621
deu-x-bible-neue.txt.clean.txt	275	331	52236	0.0063366260816295275	7.749858903150001	9.115387215669802	0.0741669678349649
deu-x-bible-neue.txt.clean.txt	276	332	52186	0.006361859502548577	7.752694195506868	9.120433051685634	0.07430952904062549
deu-x-bible-neue.txt.clean.txt	277	333	52137	0.006387018815812187	7.755938858786271	9.124019082130964	0.07440164186104103
deu-x-bible-neue.txt.clean.txt	278	334	52088	0.006412225464598372	7.757860630513827	9.128941339075805	0.0746500162848106
deu-x-bible-neue.txt.clean.txt	279	335	52039	0.006437479582620727	7.76051469272665	9.13277316731048	0.07480940623653787
deu-x-bible-neue.txt.clean.txt	280	336	51990	0.006462781304096942	7.765300815250338	9.135253526247386	0.0747131663331213
deu-x-bible-neue.txt.clean.txt	281	337	51941	0.006488130763751179	7.768421376093222	9.13975556327265	0.0748139779660103
deu-x-bible-neue.txt.clean.txt	282	338	51893	0.006513402578382441	7.772940079260735	9.142530963753453	0.07474685975250028
deu-x-bible-neue.txt.clean.txt	283	339	51845	0.006538721188157006	7.777703338964781	9.14519417511893	0.07464932350316877
deu-x-bible-neue.txt.clean.txt	284	340	51797	0.0065640867231692955	7.78214877664598	9.14820125843827	0.07458829827928126
deu-x-bible-neue.txt.clean.txt	285	341	51749	0.006589499313996406	7.787662528171507	9.150425976695615	0.07439898770580256
deu-x-bible-neue.txt.clean.txt	286	342	51701	0.006614959091700354	7.7914179918312785	9.153400562521831	0.07441737924807423
deu-x-bible-neue.txt.clean.txt	287	343	51653	0.00664046618783033	7.793423321619057	9.159410351471237	0.07464220022133894
deu-x-bible-neue.txt.clean.txt	288	344	51606	0.006665891562996551	7.795276438908216	9.164198198032466	0.07488351412668015
deu-x-bible-neue.txt.clean.txt	289	345	51559	0.006691363292538645	7.801232878138528	9.166249821854992	0.07463652391978581
deu-x-bible-neue.txt.clean.txt	290	346	51512	0.006716881503339028	7.805073951883783	9.169449480961458	0.07463924416848133
deu-x-bible-neue.txt.clean.txt	291	347	51465	0.006742446322743612	7.809536319268331	9.172101101739882	0.07456701673684207
deu-x-bible-neue.txt.clean.txt	292	348	51418	0.006768057878563927	7.8151209097826975	9.17418653361819	0.07436062865690418
deu-x-bible-neue.txt.clean.txt	293	349	51372	0.006793584053570038	7.817428707820187	9.17814015771816	0.07454105772697617
deu-x-bible-neue.txt.clean.txt	294	350	51326	0.006819155983322293	7.819608470799878	9.185865671954945	0.07473516312332562
deu-x-bible-neue.txt.clean.txt	295	351	51280	0.006844773790951638	7.822634509902805	9.189182105866319	0.07482770257340388
deu-x-bible-neue.txt.clean.txt	296	352	51234	0.00687043760003123	7.8273825139188276	9.19155537545528	0.07471531578149737
deu-x-bible-neue.txt.clean.txt	297	353	51188	0.006896147534578417	7.831169548194979	9.194547449554166	0.07471530738107801
deu-x-bible-neue.txt.clean.txt	298	354	51142	0.006921903719056744	7.832530951987469	9.200477415277131	0.07500049386326257
deu-x-bible-neue.txt.clean.txt	299	355	51096	0.006947706278377955	7.8339598706294495	9.205307881801305	0.0752761794596678
deu-x-bible-neue.txt.clean.txt	300	356	51050	0.006973555337904016	7.838465221341261	9.207770935211236	0.07518738228562671
deu-x-bible-neue.txt.clean.txt	301	357	51005	0.006999313792765415	7.842176379244176	9.211610653739694	0.07519108572772981
deu-x-bible-neue.txt.clean.txt	302	358	50960	0.007025117739403453	7.844836049741057	9.216458150618577	0.07531749206949989
deu-x-bible-neue.txt.clean.txt	303	359	50915	0.007050967298438574	7.849460268500747	9.218748013730085	0.07521109761475664
deu-x-bible-neue.txt.clean.txt	304	360	50870	0.007076862590918026	7.853400994943343	9.221564636068386	0.0751840727982307
deu-x-bible-neue.txt.clean.txt	305	361	50825	0.007102803738317757	7.8592688898551675	9.223440582450666	0.07492902539148483
deu-x-bible-neue.txt.clean.txt	306	362	50780	0.007128790862544309	7.86267028383587	9.226601144726875	0.07496319482869918
deu-x-bible-neue.txt.clean.txt	307	363	50735	0.00715482408593673	7.8636113108406445	9.232124205408445	0.07528545937795728
deu-x-bible-neue.txt.clean.txt	308	364	50690	0.007180903531268495	7.868344385394599	9.234314565847201	0.07516051830667636
deu-x-bible-neue.txt.clean.txt	309	365	50646	0.007206887019705406	7.8704545678020015	9.238203055091752	0.07534265997280054
deu-x-bible-neue.txt.clean.txt	310	366	50602	0.007232915695031817	7.87485720691098	9.240601767422536	0.0752542531492274
deu-x-bible-neue.txt.clean.txt	311	367	50558	0.007258989675224495	7.878204914635055	9.244018555035986	0.07528858265446448
deu-x-bible-neue.txt.clean.txt	312	368	50514	0.007285109078671259	7.882637754186405	9.246326939280952	0.0751944087665315
deu-x-bible-neue.txt.clean.txt	313	369	50470	0.007311274024172776	7.885800395660363	9.249832350046098	0.07524811968932898
deu-x-bible-neue.txt.clean.txt	314	370	50427	0.007337339123882047	7.891111277176099	9.251854973301358	0.07504882841113336
deu-x-bible-neue.txt.clean.txt	315	371	50384	0.0073634487138774215	7.896925102452231	9.25373034507155	0.07478965188599462
deu-x-bible-neue.txt.clean.txt	316	372	50341	0.0073896029081663055	7.901776835893455	9.255842795209173	0.07464224396265451
deu-x-bible-neue.txt.clean.txt	317	373	50298	0.00741580182114597	7.903814105321113	9.261939591551053	0.0748232862036824
deu-x-bible-neue.txt.clean.txt	318	374	50255	0.007442045567605213	7.907755703328405	9.26437747473377	0.07478023269841971
deu-x-bible-neue.txt.clean.txt	319	375	50212	0.0074683342627260415	7.912441506334115	9.26669217444676	0.07464906809546212
deu-x-bible-neue.txt.clean.txt	320	376	50170	0.007494518636635439	7.917218769899613	9.268884885126683	0.07450622032560106
deu-x-bible-neue.txt.clean.txt	321	377	50128	0.007520746887966805	7.921333183168111	9.271450618347963	0.07443984719199837
deu-x-bible-neue.txt.clean.txt	322	378	50086	0.007547019127101385	7.924451675126063	9.274463440048805	0.07448875160212842
deu-x-bible-neue.txt.clean.txt	323	379	50044	0.007573335464790984	7.92867422130638	9.27693734821969	0.07440763436986175
deu-x-bible-neue.txt.clean.txt	324	380	50002	0.007599696012159513	7.930929771763812	9.285002270733415	0.07455502936899205
deu-x-bible-neue.txt.clean.txt	325	381	49960	0.007626100880704563	7.930917138698627	9.292399662131269	0.07496576832929014
deu-x-bible-neue.txt.clean.txt	326	382	49918	0.00765255018229897	7.935064474013706	9.295017893812007	0.07489008266934749
deu-x-bible-neue.txt.clean.txt	327	383	49877	0.007678890069571145	7.938157146042448	9.298444520341343	0.07493630171481902
deu-x-bible-neue.txt.clean.txt	328	384	49836	0.007705273296412232	7.940268344300925	9.302215781925927	0.07509574519004303
deu-x-bible-neue.txt.clean.txt	329	385	49795	0.007731699969876493	7.942929706632315	9.30625465966785	0.07518993893155101
deu-x-bible-neue.txt.clean.txt	330	386	49755	0.00775801426992262	7.947868167949993	9.308309306836346	0.07501799153866118
deu-x-bible-neue.txt.clean.txt	331	387	49715	0.0077843709142110026	7.951111425759358	9.311409627843494	0.07504235582095675
deu-x-bible-neue.txt.clean.txt	332	388	49675	0.007810770005032713	7.9531738911258385	9.316084993440436	0.07520296576596586
deu-x-bible-neue.txt.clean.txt	333	389	49635	0.007837211645008562	7.957895042182737	9.318129289479469	0.07505338759623825
deu-x-bible-neue.txt.clean.txt	334	390	49596	0.00786353738204694	7.959980436309078	9.32187833864385	0.07520913614834046
deu-x-bible-neue.txt.clean.txt	335	391	49557	0.007889904554351554	7.9641899423640705	9.324131162249987	0.07511705867407859
deu-x-bible-neue.txt.clean.txt	336	392	49518	0.00791631325982471	7.968990334774137	9.32619420552722	0.07495545654183211
deu-x-bible-neue.txt.clean.txt	337	393	49479	0.007942763596677378	7.969101486373381	9.33811852211387	0.07533708206891754
deu-x-bible-neue.txt.clean.txt	338	394	49440	0.007969255663430421	7.96850751310584	9.35433559620401	0.07579916243089124
deu-x-bible-neue.txt.clean.txt	339	395	49401	0.007995789558915811	7.9715236376436485	9.357090150545222	0.07584132705184199
deu-x-bible-neue.txt.clean.txt	340	396	49362	0.008022365382277866	7.973101100603553	9.361048944692943	0.07604918284974105
deu-x-bible-neue.txt.clean.txt	341	396	49323	0.00802870871601484	7.972868176205553	9.360798298464148	0.07607617494292418
deu-x-bible-neue.txt.clean.txt	342	397	49284	0.008055352649947245	7.970793873659929	9.37784042295198	0.07670586029078075
deu-x-bible-neue.txt.clean.txt	343	398	49245	0.008082038785663518	7.975797996988144	9.379622376469719	0.07651445473080076
deu-x-bible-neue.txt.clean.txt	344	399	49207	0.008108602434612961	7.978207444235489	9.383141598653138	0.07662253754073667
deu-x-bible-neue.txt.clean.txt	345	400	49169	0.008135207142711872	7.982177805340303	9.38545785674346	0.07654898113843644
deu-x-bible-neue.txt.clean.txt	346	401	49131	0.008161853005230913	7.984540815847275	9.388687428339935	0.07666039868773467
deu-x-bible-neue.txt.clean.txt	347	401	49093	0.008168170614955289	7.98504952545275	9.388018509108287	0.07660157104377419
deu-x-bible-neue.txt.clean.txt	348	402	49055	0.008194883294261544	7.985366391526554	9.394887237336084	0.0769484824985085
deu-x-bible-neue.txt.clean.txt	349	403	49017	0.008221637391109206	7.986411638635973	9.399849657039717	0.07720999331333522
deu-x-bible-neue.txt.clean.txt	350	404	48979	0.008248433001898772	7.9916341242127045	9.401562298952697	0.07698788137330603
