file	merge	types	tokens	TTR	H	Hcross	R
eng-x-bible-kingjames.txt.clean.txt	0	49	106606	0.0004596364182128586	4.776701087114576	7.101364929735842	0.14925237105154265
eng-x-bible-kingjames.txt.clean.txt	1	50	102417	0.00048820020113848287	4.881247053913576	7.037012683317059	0.13512199996215501
eng-x-bible-kingjames.txt.clean.txt	2	51	99787	0.0005110886187579544	4.971196301094765	6.9912633528032275	0.12362067345129879
eng-x-bible-kingjames.txt.clean.txt	3	52	97590	0.0005328414796598012	4.989449845903187	6.999861389817687	0.12472544354346016
eng-x-bible-kingjames.txt.clean.txt	4	53	96054	0.0005517729610427468	5.052148242522149	6.975789598616886	0.11797863070928127
eng-x-bible-kingjames.txt.clean.txt	5	54	94595	0.0005708546963370157	5.090314758835257	6.96629085042137	0.11547971060744011
eng-x-bible-kingjames.txt.clean.txt	6	55	93389	0.0005889344569488912	5.142840573650003	6.949902936890104	0.11044445796737634
eng-x-bible-kingjames.txt.clean.txt	7	56	92301	0.0006067106531890228	5.158193440250077	6.968093659035322	0.11178264296226659
eng-x-bible-kingjames.txt.clean.txt	8	57	91295	0.0006243496357960458	5.199430079647495	6.9591648892512605	0.10860138507308303
eng-x-bible-kingjames.txt.clean.txt	9	58	90383	0.0006417135965834283	5.237226028563226	6.956134047667252	0.10596739167994296
eng-x-bible-kingjames.txt.clean.txt	10	59	89602	0.0006584674449231044	5.276873325203724	6.952283718906837	0.10297577450731654
eng-x-bible-kingjames.txt.clean.txt	11	60	88825	0.0006754855052068674	5.320131005930997	6.9464226068613275	0.09933476508160632
eng-x-bible-kingjames.txt.clean.txt	12	61	88073	0.0006926072689700589	5.349290154704207	6.947788146702176	0.09803961122608296
eng-x-bible-kingjames.txt.clean.txt	13	62	87325	0.000709991411394217	5.386398677759008	6.945542715331924	0.09536091909454936
eng-x-bible-kingjames.txt.clean.txt	14	63	86613	0.0007273734889681687	5.402437279715107	6.978185052563573	0.09617127709291196
eng-x-bible-kingjames.txt.clean.txt	15	64	85901	0.0007450437131116052	5.444588236326115	6.973327938941366	0.09256862727898085
eng-x-bible-kingjames.txt.clean.txt	16	65	85222	0.0007627138532303866	5.488609135202887	6.968381519526544	0.08862937210026645
eng-x-bible-kingjames.txt.clean.txt	17	66	84571	0.0007804093601825685	5.500517433366278	6.989346459003955	0.08998034794757914
eng-x-bible-kingjames.txt.clean.txt	18	67	83954	0.0007980560783286086	5.5075243239225555	7.010398026918439	0.09207989678322959
eng-x-bible-kingjames.txt.clean.txt	19	68	83362	0.0008157193925289701	5.51697592667203	7.042389284386009	0.09371505493430388
eng-x-bible-kingjames.txt.clean.txt	20	69	82812	0.0008332125778872627	5.548060553143934	7.04350142572385	0.09175111069782671
eng-x-bible-kingjames.txt.clean.txt	21	70	82276	0.0008507948855073169	5.568888792494719	7.049920770795932	0.09142900122265296
eng-x-bible-kingjames.txt.clean.txt	22	71	81768	0.0008683103414538695	5.596547990904892	7.053841257877181	0.08995477665175067
eng-x-bible-kingjames.txt.clean.txt	23	72	81279	0.0008858376702469273	5.594873828773059	7.104414986983979	0.09320229541442182
eng-x-bible-kingjames.txt.clean.txt	24	73	80812	0.0009033311884373608	5.625028788987787	7.106529698146654	0.09124584461476637
eng-x-bible-kingjames.txt.clean.txt	25	74	80353	0.0009209363682749866	5.65649790200013	7.108164606625926	0.08905058643158237
eng-x-bible-kingjames.txt.clean.txt	26	75	79905	0.0009386146048432514	5.655800479099825	7.150108327379727	0.09199468468561844
eng-x-bible-kingjames.txt.clean.txt	27	76	79463	0.0009564199690421958	5.670552787785398	7.159960108351325	0.09241059926125228
eng-x-bible-kingjames.txt.clean.txt	28	77	79021	0.0009744245200642867	5.693524020863563	7.165678803936185	0.0914763118400026
eng-x-bible-kingjames.txt.clean.txt	29	78	78583	0.0009925810926027258	5.692438330632015	7.2057032818336	0.09433984772697157
eng-x-bible-kingjames.txt.clean.txt	30	79	78146	0.0010109282624830445	5.713564917733248	7.211876563102967	0.09362886401379533
eng-x-bible-kingjames.txt.clean.txt	31	80	77714	0.0010294155493218726	5.737541116415865	7.215072220717076	0.09243809320515683
eng-x-bible-kingjames.txt.clean.txt	32	81	77299	0.0010478790152524612	5.761119529277756	7.218635026099266	0.0912845687742686
eng-x-bible-kingjames.txt.clean.txt	33	82	76908	0.0010662089769594841	5.787070034765581	7.221657826792411	0.08973296159246658
eng-x-bible-kingjames.txt.clean.txt	34	83	76517	0.0010847262699792202	5.8047560925766515	7.228358883603825	0.08945565669227284
eng-x-bible-kingjames.txt.clean.txt	35	84	76130	0.0011033758045448576	5.8277152690193015	7.232912064814029	0.0883251122273
eng-x-bible-kingjames.txt.clean.txt	36	85	75746	0.0011221714678002798	5.850449353532313	7.237768003129015	0.08720666100330066
eng-x-bible-kingjames.txt.clean.txt	37	86	75368	0.0011410678271945654	5.871391423752819	7.2432587277077705	0.08634461108115388
eng-x-bible-kingjames.txt.clean.txt	38	87	74992	0.0011601237465329636	5.87714302312263	7.262389606175958	0.08781707818649198
eng-x-bible-kingjames.txt.clean.txt	39	88	74620	0.0011793084963816671	5.902145115533432	7.264855754732023	0.08627485141199354
eng-x-bible-kingjames.txt.clean.txt	40	89	74262	0.0011984595082276265	5.925346320110372	7.268365934040874	0.08499224322979726
eng-x-bible-kingjames.txt.clean.txt	41	90	73906	0.0012177631044840743	5.944669277841088	7.27539662529443	0.08428776966594487
eng-x-bible-kingjames.txt.clean.txt	42	91	73554	0.0012371862849063274	5.968715570244748	7.278302804784539	0.08283590674850938
eng-x-bible-kingjames.txt.clean.txt	43	92	73202	0.0012567962623972022	5.991045743440839	7.282350864526858	0.08162967044740665
eng-x-bible-kingjames.txt.clean.txt	44	93	72855	0.0012765081325921352	6.009664827682573	7.2893187786613565	0.08097279768248011
eng-x-bible-kingjames.txt.clean.txt	45	94	72541	0.001295818916199115	6.031918649374078	7.293784462642798	0.07974111178152432
eng-x-bible-kingjames.txt.clean.txt	46	95	72238	0.0013150973172014729	6.056551870622348	7.297592970784375	0.07813013988582973
eng-x-bible-kingjames.txt.clean.txt	47	96	71940	0.0013344453711426189	6.057150075205303	7.3287324308696755	0.08015420368119774
eng-x-bible-kingjames.txt.clean.txt	48	97	71645	0.001353897689999302	6.078578500171743	7.333251007015294	0.07899109495552381
eng-x-bible-kingjames.txt.clean.txt	49	98	71355	0.0013734146170555673	6.094152316487192	7.342187280911475	0.07869695570866664
eng-x-bible-kingjames.txt.clean.txt	50	99	71065	0.0013930908323365934	6.113281824355643	7.347880396003774	0.07784689002260514
eng-x-bible-kingjames.txt.clean.txt	51	100	70775	0.001412928293889085	6.132015930306406	7.35318863412594	0.07703963554419946
eng-x-bible-kingjames.txt.clean.txt	52	101	70490	0.0014328273513973613	6.1531179898991155	7.35754489544404	0.07586023576468426
eng-x-bible-kingjames.txt.clean.txt	53	102	70210	0.0014527845036319612	6.1740952102976046	7.361877769016572	0.07468500674548562
eng-x-bible-kingjames.txt.clean.txt	54	103	69934	0.0014728172276718048	6.1903193101856475	7.369158273073428	0.07420641260408223
eng-x-bible-kingjames.txt.clean.txt	55	104	69660	0.0014929658340511053	6.211301461705654	7.373415845577147	0.07300091889657945
eng-x-bible-kingjames.txt.clean.txt	56	104	69393	0.001498710244549162	6.216412285132798	7.36944828280207	0.07223815948941592
eng-x-bible-kingjames.txt.clean.txt	57	105	69131	0.0015188555062128422	6.2144122222547695	7.4106130013392475	0.07444370243778264
eng-x-bible-kingjames.txt.clean.txt	58	106	68878	0.0015389529312697815	6.228391099359937	7.418060286098947	0.07424721480832264
eng-x-bible-kingjames.txt.clean.txt	59	107	68629	0.001559107665855542	6.236905426430946	7.435371508484003	0.07484447539207706
eng-x-bible-kingjames.txt.clean.txt	60	108	68380	0.0015794091839719216	6.242553402919662	7.4594721071058325	0.07584642957854071
eng-x-bible-kingjames.txt.clean.txt	61	109	68134	0.0015997886517744445	6.2620618526163305	7.4638390975141125	0.07477965254400443
eng-x-bible-kingjames.txt.clean.txt	62	110	67895	0.0016201487591133367	6.277290405592036	7.4706405031357415	0.07433159856235239
eng-x-bible-kingjames.txt.clean.txt	63	111	67658	0.001640604215318218	6.288369478976965	7.480621183179266	0.07447974885955644
eng-x-bible-kingjames.txt.clean.txt	64	112	67421	0.0016612034825944438	6.302601444453593	7.487109602898341	0.07414825337936737
eng-x-bible-kingjames.txt.clean.txt	65	113	67184	0.0016819480828768755	6.320275599493304	7.492016045229311	0.07329768993992147
eng-x-bible-kingjames.txt.clean.txt	66	114	66951	0.0017027378231841198	6.322011060598832	7.5181867931534585	0.0747676243151646
eng-x-bible-kingjames.txt.clean.txt	67	115	66720	0.001723621103117506	6.335896030577074	7.525072162876093	0.07444229946649317
eng-x-bible-kingjames.txt.clean.txt	68	116	66489	0.0017446494908932304	6.354031306260349	7.529236902704801	0.07348368116290604
eng-x-bible-kingjames.txt.clean.txt	69	117	66271	0.0017654781125982708	6.371387029808627	7.53411782840976	0.07262754018756579
eng-x-bible-kingjames.txt.clean.txt	70	118	66060	0.0017862549197699062	6.384918719846225	7.540790459429289	0.07231587138051065
eng-x-bible-kingjames.txt.clean.txt	71	119	65851	0.0018071099907366632	6.391497283818211	7.552928369532855	0.0729998234570095
eng-x-bible-kingjames.txt.clean.txt	72	120	65642	0.0018280978641723286	6.4068268673472595	7.558546580925626	0.07240070207268168
eng-x-bible-kingjames.txt.clean.txt	73	121	65434	0.0018491915517926461	6.411174329414086	7.57375314890004	0.07337750298710799
eng-x-bible-kingjames.txt.clean.txt	74	122	65226	0.0018704197712568608	6.418446104915249	7.586595348065121	0.07391583430397008
eng-x-bible-kingjames.txt.clean.txt	75	123	65024	0.0018916092519685038	6.42352367009686	7.608872715858779	0.07475545565561903
eng-x-bible-kingjames.txt.clean.txt	76	124	64823	0.001912901285037718	6.438854206144242	7.614295687466663	0.07410519939923343
eng-x-bible-kingjames.txt.clean.txt	77	125	64623	0.0019342958389427913	6.449566428584967	7.621782149860045	0.07410764315710672
eng-x-bible-kingjames.txt.clean.txt	78	126	64425	0.0019557625145518046	6.4529721441298555	7.636876875868477	0.07514501139679941
eng-x-bible-kingjames.txt.clean.txt	79	127	64227	0.0019773615457673566	6.470236533679732	7.640821600287311	0.07418393822713532
eng-x-bible-kingjames.txt.clean.txt	80	128	64032	0.001999000499750125	6.486955111994855	7.645047987530065	0.07329212685787778
eng-x-bible-kingjames.txt.clean.txt	81	129	63842	0.0020206133893048463	6.502420330314866	7.650139983052553	0.07257030853119484
eng-x-bible-kingjames.txt.clean.txt	82	130	63653	0.002042323221215025	6.5196059680498	7.654190021277343	0.07159434799839037
eng-x-bible-kingjames.txt.clean.txt	83	131	63472	0.0020639021930930175	6.5257496491403035	7.666660873004165	0.07218012513767103
eng-x-bible-kingjames.txt.clean.txt	84	132	63297	0.0020854068913218637	6.535177989126131	7.674667134708194	0.07228671786448793
eng-x-bible-kingjames.txt.clean.txt	85	133	63124	0.002106964070717952	6.546215565409997	7.681643701028846	0.07215400301051589
eng-x-bible-kingjames.txt.clean.txt	86	134	62952	0.0021286059219722962	6.554209274563466	7.6910670384433315	0.07244175697436162
eng-x-bible-kingjames.txt.clean.txt	87	135	62784	0.0021502293577981653	6.56565646219763	7.698132060068762	0.07223010517134565
eng-x-bible-kingjames.txt.clean.txt	88	136	62617	0.002171934139291247	6.581799191059222	7.702796676627284	0.071346215354818
eng-x-bible-kingjames.txt.clean.txt	89	137	62451	0.0021937198763830844	6.586350876806727	7.715493419830164	0.0720877561799328
eng-x-bible-kingjames.txt.clean.txt	90	138	62288	0.0022155150269714875	6.594200010703091	7.7241941494675475	0.07235319357798031
eng-x-bible-kingjames.txt.clean.txt	91	139	62127	0.0022373525198383956	6.602098814454353	7.733418580907906	0.07260100245097623
eng-x-bible-kingjames.txt.clean.txt	92	140	61967	0.0022592670292252326	6.6160777419066585	7.738714236986167	0.07198553821169884
eng-x-bible-kingjames.txt.clean.txt	93	141	61810	0.0022811842743892573	6.625105739712086	7.748315970601071	0.07205573393822018
eng-x-bible-kingjames.txt.clean.txt	94	142	61655	0.0023031384315951664	6.62202430484982	7.780580444014139	0.07380999716972114
eng-x-bible-kingjames.txt.clean.txt	95	143	61500	0.0023252032520325204	6.631560779601198	7.787989057996581	0.07378771661208461
eng-x-bible-kingjames.txt.clean.txt	96	144	61345	0.002347379574537452	6.645003433708549	7.792865013804414	0.0732115841697325
eng-x-bible-kingjames.txt.clean.txt	97	145	61190	0.002369668246445498	6.648249873635779	7.8061053229649575	0.07404818218639175
eng-x-bible-kingjames.txt.clean.txt	98	146	61035	0.002392070123699517	6.664238247983311	7.809911139447287	0.07310140972043111
eng-x-bible-kingjames.txt.clean.txt	99	147	60881	0.002414546410210082	6.658679826840035	7.874191482755271	0.07514126922516573
eng-x-bible-kingjames.txt.clean.txt	100	148	60729	0.0024370564310296564	6.671981011686958	7.878485975587905	0.07455105493911518
eng-x-bible-kingjames.txt.clean.txt	101	149	60577	0.0024596794162801065	6.680567720054019	7.887006056416105	0.07460704080830372
eng-x-bible-kingjames.txt.clean.txt	102	150	60426	0.0024823751365306325	6.685136816998476	7.900170731032621	0.07521033474144434
eng-x-bible-kingjames.txt.clean.txt	103	151	60277	0.002505101448313619	6.694843132330453	7.906648897559879	0.07509411625486262
eng-x-bible-kingjames.txt.clean.txt	104	152	60131	0.0025278142721724237	6.709996837459146	7.910105898339244	0.07421855074939365
eng-x-bible-kingjames.txt.clean.txt	105	153	59988	0.002550510102020404	6.713714049400565	7.922076948944808	0.07491315127101872
eng-x-bible-kingjames.txt.clean.txt	106	154	59845	0.0025733143955217644	6.727550728300201	7.925849741523001	0.07420553904740601
eng-x-bible-kingjames.txt.clean.txt	107	155	59703	0.0025961844463427298	6.739127350235428	7.930593039393208	0.07380262144082594
eng-x-bible-kingjames.txt.clean.txt	108	156	59562	0.0026191195728820387	6.752543138814252	7.934460635161233	0.07314065360295408
eng-x-bible-kingjames.txt.clean.txt	109	157	59423	0.0026420746175723204	6.762616010717514	7.940151706980366	0.07293110313582063
eng-x-bible-kingjames.txt.clean.txt	110	158	59285	0.002665092350510247	6.776483758502959	7.9438532237356085	0.07219507373708456
eng-x-bible-kingjames.txt.clean.txt	111	159	59148	0.002688172043010753	6.789581535295419	7.947764453547606	0.0715588398158068
eng-x-bible-kingjames.txt.clean.txt	112	160	59015	0.0027111751249682286	6.796989457789509	7.954585951058561	0.07169404428655879
eng-x-bible-kingjames.txt.clean.txt	113	161	58883	0.002734235687719715	6.803503370906741	7.962237907070238	0.07194373036507784
eng-x-bible-kingjames.txt.clean.txt	114	162	58754	0.0027572590802328353	6.815581747312075	7.966635459871597	0.0714276525223958
eng-x-bible-kingjames.txt.clean.txt	115	163	58627	0.0027802889453664693	6.828480708084996	7.970790484151792	0.07079421571017641
eng-x-bible-kingjames.txt.clean.txt	116	164	58500	0.0028034188034188035	6.839145450554323	7.97569718944059	0.07045910837441238
eng-x-bible-kingjames.txt.clean.txt	117	165	58373	0.0028266493070426397	6.84319422522349	7.985571088934558	0.071016169780171
eng-x-bible-kingjames.txt.clean.txt	118	166	58247	0.002849932185348602	6.848950120506823	7.997307488147182	0.07133376244796841
eng-x-bible-kingjames.txt.clean.txt	119	167	58122	0.0028732665771996836	6.862095512867855	8.001104033058997	0.07064323799340855
eng-x-bible-kingjames.txt.clean.txt	120	168	57997	0.0028967015535286307	6.874036439783792	8.005200957723577	0.07011075869089878
eng-x-bible-kingjames.txt.clean.txt	121	168	57873	0.002902908091856306	6.874847041639779	8.00377433432677	0.07000110405763205
eng-x-bible-kingjames.txt.clean.txt	122	169	57753	0.002926254913164684	6.886363134919513	8.008229224903001	0.06952096785150952
eng-x-bible-kingjames.txt.clean.txt	123	170	57635	0.0029495965992886266	6.89724471917702	8.01292245420548	0.06912123025697015
eng-x-bible-kingjames.txt.clean.txt	124	171	57518	0.0029729823707361175	6.902553916164513	8.021013959828888	0.06946735563794249
eng-x-bible-kingjames.txt.clean.txt	125	172	57401	0.0029964634762460586	6.911563624871543	8.026877158211159	0.06930821170961632
eng-x-bible-kingjames.txt.clean.txt	126	173	57284	0.003020040499965086	6.921429978448946	8.031849223758472	0.06902809844345259
eng-x-bible-kingjames.txt.clean.txt	127	174	57168	0.003043660789252729	6.925967969120839	8.042395921742262	0.06945847795515714
eng-x-bible-kingjames.txt.clean.txt	128	175	57053	0.003067323365993024	6.934463703042889	8.048564972846552	0.06935079425797752
eng-x-bible-kingjames.txt.clean.txt	129	176	56940	0.0030909729539866527	6.94130734374443	8.055101721056303	0.06945894826602339
eng-x-bible-kingjames.txt.clean.txt	130	177	56828	0.0031146617864433027	6.952443352676127	8.059416691207575	0.06898626259137974
eng-x-bible-kingjames.txt.clean.txt	131	178	56717	0.0031383888428513497	6.9628883646003565	8.063990373816932	0.0686013046213908
eng-x-bible-kingjames.txt.clean.txt	132	179	56607	0.003162153090607169	6.973886691831596	8.068315739917265	0.06813757855742775
eng-x-bible-kingjames.txt.clean.txt	133	180	56497	0.0031860098766306176	6.984408922732898	8.072736581850824	0.06773279815715794
eng-x-bible-kingjames.txt.clean.txt	134	181	56388	0.003209902816202029	6.990624781679913	8.079591138846986	0.06789754257221614
eng-x-bible-kingjames.txt.clean.txt	135	182	56279	0.003233888306473107	7.002296359989858	8.083545643175874	0.06732979582343246
eng-x-bible-kingjames.txt.clean.txt	136	183	56173	0.003257792889822513	7.0031468927296885	8.106730863919335	0.06819763383091393
eng-x-bible-kingjames.txt.clean.txt	137	184	56067	0.0032817878609520752	7.009590897081731	8.114611760527715	0.06831485697562423
eng-x-bible-kingjames.txt.clean.txt	138	185	55962	0.003305814659947822	7.013224449168954	8.126432523667939	0.06879973004472362
eng-x-bible-kingjames.txt.clean.txt	139	186	55858	0.003329872175874539	7.020342672030132	8.132187017162412	0.06881618388426658
eng-x-bible-kingjames.txt.clean.txt	140	187	55754	0.0033540194425512072	7.026797004639707	8.13903574347047	0.0689154271352661
eng-x-bible-kingjames.txt.clean.txt	141	188	55651	0.0033781962588273345	7.035816568669111	8.143902539311629	0.06866982349321671
eng-x-bible-kingjames.txt.clean.txt	142	189	55550	0.0034023402340234024	7.040793661033591	8.151357642997313	0.0689542511249488
eng-x-bible-kingjames.txt.clean.txt	143	190	55449	0.0034265721654132626	7.041100078646344	8.168213716289955	0.0698501473532317
eng-x-bible-kingjames.txt.clean.txt	144	191	55349	0.0034508301866339047	7.048047157075453	8.173966079556727	0.06986296842560047
eng-x-bible-kingjames.txt.clean.txt	145	192	55250	0.003475113122171946	7.0509352268758505	8.1856216159984	0.07040605326585747
eng-x-bible-kingjames.txt.clean.txt	146	193	55152	0.0034994197853205687	7.059103453647319	8.190591395681661	0.07024782372857163
eng-x-bible-kingjames.txt.clean.txt	147	194	55055	0.003523748978294433	7.0623778060598035	8.199290863764514	0.07072910535808608
eng-x-bible-kingjames.txt.clean.txt	148	195	54960	0.0035480349344978166	7.072811265045388	8.203269714462689	0.07026368340258926
eng-x-bible-kingjames.txt.clean.txt	149	196	54866	0.003572339882623118	7.075139002605722	8.21325043380972	0.07085901532104688
eng-x-bible-kingjames.txt.clean.txt	150	196	54772	0.0035784707514788577	7.075561784426952	8.2122136574189	0.07080349359666271
eng-x-bible-kingjames.txt.clean.txt	151	197	54679	0.0036028456994458566	7.080388099987506	8.221045291763275	0.07106534202328507
eng-x-bible-kingjames.txt.clean.txt	152	198	54586	0.00362730370424651	7.087177007974517	8.226630188283341	0.0710649192460262
eng-x-bible-kingjames.txt.clean.txt	153	199	54493	0.0036518451911254656	7.094569173541449	8.23185123389119	0.07098102551014374
eng-x-bible-kingjames.txt.clean.txt	154	200	54401	0.00367640300729766	7.096420612191679	8.253581577123548	0.07161772330507166
eng-x-bible-kingjames.txt.clean.txt	155	201	54309	0.003701044025852069	7.096989185835164	8.272907619750931	0.07241651575593921
eng-x-bible-kingjames.txt.clean.txt	156	202	54218	0.0037256999520454462	7.105124393146259	8.277512359585497	0.07222144372106021
eng-x-bible-kingjames.txt.clean.txt	157	203	54128	0.003750369494531481	7.11489373064377	8.281293885108298	0.07180927130764769
eng-x-bible-kingjames.txt.clean.txt	158	204	54039	0.0037750513518014766	7.121711782085756	8.286372031337244	0.07177828852541546
eng-x-bible-kingjames.txt.clean.txt	159	205	53951	0.003799744212340828	7.131268413147078	8.290236718638006	0.07138656253483533
eng-x-bible-kingjames.txt.clean.txt	160	206	53863	0.0038245177580157066	7.139785117618662	8.29447143625339	0.07112669902657309
eng-x-bible-kingjames.txt.clean.txt	161	207	53777	0.003849229224389609	7.143692214406283	8.303356720521414	0.07146236110235071
eng-x-bible-kingjames.txt.clean.txt	162	208	53691	0.0038740198543517537	7.1482693462831675	8.311458247860397	0.0717063430231254
eng-x-bible-kingjames.txt.clean.txt	163	209	53605	0.003898890028915213	7.15663899430003	8.31559398549826	0.07145380516765487
eng-x-bible-kingjames.txt.clean.txt	164	210	53520	0.003923766816143498	7.1622017846649415	8.322635735191959	0.0715615975323789
eng-x-bible-kingjames.txt.clean.txt	165	211	53435	0.00394872274726303	7.171655008334909	8.326342122134061	0.07116139385644582
eng-x-bible-kingjames.txt.clean.txt	166	212	53350	0.0039737582005623245	7.177393163334375	8.331923935395977	0.07123873679415882
eng-x-bible-kingjames.txt.clean.txt	167	213	53265	0.003998873556744579	7.18482558914402	8.336657198047522	0.07109304137855443
eng-x-bible-kingjames.txt.clean.txt	168	214	53181	0.0040239935315244165	7.191124138686671	8.341625457764296	0.07109025313693396
eng-x-bible-kingjames.txt.clean.txt	169	215	53099	0.004049040471571969	7.19617128914549	8.347468780694436	0.07124520145019608
eng-x-bible-kingjames.txt.clean.txt	170	216	53017	0.004074164890506818	7.205216781585811	8.35121891362125	0.07088055377003333
eng-x-bible-kingjames.txt.clean.txt	171	217	52936	0.004099289708327037	7.2103834805981	8.356952450476026	0.07101257665380256
eng-x-bible-kingjames.txt.clean.txt	172	218	52855	0.004124491533440545	7.217595947538606	8.36154011326018	0.0708773574646262
eng-x-bible-kingjames.txt.clean.txt	173	219	52775	0.004149692089057319	7.224502784434493	8.366333049531818	0.07077805101904733
eng-x-bible-kingjames.txt.clean.txt	174	220	52695	0.004174969162159598	7.231482238397495	8.3709585656906	0.07066598838393645
eng-x-bible-kingjames.txt.clean.txt	175	221	52615	0.00420032310177706	7.238635096229421	8.37527592705393	0.07052829166431329
eng-x-bible-kingjames.txt.clean.txt	176	222	52535	0.0042257542590653846	7.243488078530357	8.381900150219478	0.07068237020790791
eng-x-bible-kingjames.txt.clean.txt	177	223	52456	0.004251181942961721	7.247211464258962	8.390980213752453	0.07097750807788206
eng-x-bible-kingjames.txt.clean.txt	178	224	52377	0.004276686331786853	7.252085880664545	8.398400768314984	0.07112127563514425
eng-x-bible-kingjames.txt.clean.txt	179	225	52298	0.004302267773146201	7.250480804231789	8.416121749429337	0.07209062721367443
eng-x-bible-kingjames.txt.clean.txt	180	226	52221	0.004327760862488271	7.254795855958691	8.423998322184413	0.0722979754266242
eng-x-bible-kingjames.txt.clean.txt	181	227	52144	0.004353329242098803	7.261524341817886	8.428449609954885	0.07219327221833993
eng-x-bible-kingjames.txt.clean.txt	182	228	52068	0.004378889144964277	7.267669202497407	8.433164120368692	0.07215993211256733
eng-x-bible-kingjames.txt.clean.txt	183	229	51992	0.004404523772888137	7.272244104395986	8.439379843334361	0.07232363120369822
eng-x-bible-kingjames.txt.clean.txt	184	230	51917	0.004430148121039351	7.2784653567922195	8.444352726568628	0.07227396765150462
eng-x-bible-kingjames.txt.clean.txt	185	231	51842	0.004455846610856063	7.284520957207067	8.44930691033348	0.07224225853590083
eng-x-bible-kingjames.txt.clean.txt	186	232	51768	0.0044815329933549685	7.286170082169568	8.458133541445335	0.0727681720422283
eng-x-bible-kingjames.txt.clean.txt	187	233	51694	0.004507292916005726	7.289525123100291	8.469098659879398	0.0730731713344066
eng-x-bible-kingjames.txt.clean.txt	188	234	51620	0.0045331266950794265	7.296202042432015	8.473413142302999	0.07295248665195042
eng-x-bible-kingjames.txt.clean.txt	189	235	51547	0.004558946204434788	7.3035025844248	8.477228606545985	0.07274971488382243
eng-x-bible-kingjames.txt.clean.txt	190	236	51474	0.004584838947818316	7.308231848424516	8.48343870465265	0.0728703808278911
eng-x-bible-kingjames.txt.clean.txt	191	237	51402	0.004610715536360453	7.316163571604983	8.486979908085141	0.07258186243711784
eng-x-bible-kingjames.txt.clean.txt	192	238	51330	0.004636664718488214	7.312387092448345	8.522399004346255	0.07377379545941021
eng-x-bible-kingjames.txt.clean.txt	193	239	51259	0.004662595836828654	7.316333824181736	8.528026320779594	0.07398339929089415
eng-x-bible-kingjames.txt.clean.txt	194	240	51188	0.004688598890364929	7.321770067383312	8.53313319407374	0.07400134365716182
eng-x-bible-kingjames.txt.clean.txt	195	241	51117	0.004714674178844611	7.329716710868708	8.536401761951193	0.07369907508893614
eng-x-bible-kingjames.txt.clean.txt	196	242	51047	0.004740729131976414	7.335916952575862	8.540482302774702	0.07361489486960293
eng-x-bible-kingjames.txt.clean.txt	197	243	50978	0.004766762132684688	7.34382299860378	8.543817980819721	0.07331271304370313
eng-x-bible-kingjames.txt.clean.txt	198	244	50909	0.0047928657015458955	7.351268500125715	8.547295652309941	0.07306619961962357
eng-x-bible-kingjames.txt.clean.txt	199	245	50840	0.00481904012588513	7.353564425628621	8.55476610063329	0.07346605928797445
eng-x-bible-kingjames.txt.clean.txt	200	246	50771	0.004845285694589431	7.358860187556044	8.559402076591915	0.07348482868880402
eng-x-bible-kingjames.txt.clean.txt	201	247	50703	0.004871506616965466	7.358769258781886	8.577966734338979	0.0741785017757971
eng-x-bible-kingjames.txt.clean.txt	202	248	50635	0.004897797965833909	7.360891682122881	8.58569716058397	0.07459014149414878
eng-x-bible-kingjames.txt.clean.txt	203	249	50567	0.004924160025312951	7.368292570427384	8.589002590558472	0.07433532889695738
eng-x-bible-kingjames.txt.clean.txt	204	250	50499	0.00495059308105111	7.376634492494983	8.591907732677107	0.07396004851669125
eng-x-bible-kingjames.txt.clean.txt	205	251	50431	0.004977097420237552	7.375037424502491	8.610578696138056	0.07482943866657377
eng-x-bible-kingjames.txt.clean.txt	206	252	50364	0.005003573981415297	7.382628950341877	8.613644027751992	0.07454307468969268
eng-x-bible-kingjames.txt.clean.txt	207	253	50297	0.005030121080780166	7.388594451545271	8.617592327199691	0.07445817381505293
eng-x-bible-kingjames.txt.clean.txt	208	254	50230	0.0050567390005972525	7.391084220378034	8.625227603298393	0.07480586477316487
eng-x-bible-kingjames.txt.clean.txt	209	255	50163	0.005083428024639675	7.394306939270749	8.63094385897826	0.07505879022330031
eng-x-bible-kingjames.txt.clean.txt	210	256	50096	0.005110188438198659	7.401103090721275	8.634115663447973	0.07486211365984063
eng-x-bible-kingjames.txt.clean.txt	211	256	50029	0.005117032121369606	7.396449672857912	8.655964017025948	0.07544379089276099
eng-x-bible-kingjames.txt.clean.txt	212	257	49963	0.0051438064167483935	7.401670102022395	8.660634760617615	0.07544126550779828
eng-x-bible-kingjames.txt.clean.txt	213	258	49897	0.005170651542176884	7.405487666870396	8.667286016406191	0.07561133509760298
eng-x-bible-kingjames.txt.clean.txt	214	259	49831	0.005197567779093335	7.407988349933608	8.674019743848692	0.07594293338510616
eng-x-bible-kingjames.txt.clean.txt	215	260	49766	0.005224450428003054	7.411194341005286	8.679386370328274	0.07618367622469424
eng-x-bible-kingjames.txt.clean.txt	216	261	49701	0.0052514033922858696	7.418830612423402	8.682090778950057	0.07586977032450626
eng-x-bible-kingjames.txt.clean.txt	217	262	49638	0.005278214271324389	7.4216275878820595	8.687864379846673	0.07615625537685544
eng-x-bible-kingjames.txt.clean.txt	218	263	49575	0.005305093292990419	7.4285425077469736	8.690906141378584	0.0759276816146971
eng-x-bible-kingjames.txt.clean.txt	219	264	49512	0.005332040717401842	7.436164852284936	8.693649673395978	0.07560908354923135
eng-x-bible-kingjames.txt.clean.txt	220	265	49449	0.0053590568060021436	7.439526318752968	8.698807717617225	0.07581785259043805
eng-x-bible-kingjames.txt.clean.txt	221	266	49388	0.00538592370616344	7.444367943845833	8.703466739569139	0.07584023236267134
eng-x-bible-kingjames.txt.clean.txt	222	267	49328	0.0054127473240350304	7.449793729684506	8.707497506218024	0.07578777405577586
eng-x-bible-kingjames.txt.clean.txt	223	268	49268	0.005439636275066981	7.45585018523154	8.710924383986635	0.07565487943626359
eng-x-bible-kingjames.txt.clean.txt	224	269	49209	0.0054664797089963215	7.460196024930591	8.716242488170973	0.07573179557420562
eng-x-bible-kingjames.txt.clean.txt	225	270	49151	0.005493275823482737	7.464386334880819	8.720651470616936	0.07582558432974928
eng-x-bible-kingjames.txt.clean.txt	226	271	49093	0.0055201352534984625	7.470637864317494	8.723943233079266	0.07566195252122454
eng-x-bible-kingjames.txt.clean.txt	227	272	49036	0.005546945101558039	7.475745960429601	8.727850688170012	0.07563767436440738
eng-x-bible-kingjames.txt.clean.txt	228	273	48980	0.005573703552470396	7.4803187883251905	8.732021642547052	0.0756773423358964
eng-x-bible-kingjames.txt.clean.txt	229	274	48924	0.005600523260567411	7.484853756973113	8.73671105665084	0.07571942413980226
eng-x-bible-kingjames.txt.clean.txt	230	275	48868	0.005627404436441025	7.49098855587463	8.740057700786656	0.0755618295948669
eng-x-bible-kingjames.txt.clean.txt	231	276	48813	0.005654231454735419	7.496714846871212	8.743611242297245	0.07545264408686903
eng-x-bible-kingjames.txt.clean.txt	232	277	48758	0.00568111899585709	7.502311336189488	8.747227696478898	0.07535743894083136
eng-x-bible-kingjames.txt.clean.txt	233	278	48703	0.0057080672648502145	7.5052180503363175	8.754961832823962	0.0755915108743751
eng-x-bible-kingjames.txt.clean.txt	234	278	48648	0.0057145206380529515	7.502332888460992	8.760006541948972	0.07594687271891642
eng-x-bible-kingjames.txt.clean.txt	235	279	48593	0.00574156771551458	7.5089472906050325	8.763081135481503	0.0757219147292183
eng-x-bible-kingjames.txt.clean.txt	236	280	48538	0.005768676088837612	7.514090877745762	8.766964129806457	0.07567606367214386
eng-x-bible-kingjames.txt.clean.txt	237	281	48483	0.005795845966627478	7.517944791032533	8.771834877688569	0.07578672483097126
eng-x-bible-kingjames.txt.clean.txt	238	282	48428	0.005823077558437268	7.524781525056082	8.774746667574142	0.07552871168526187
eng-x-bible-kingjames.txt.clean.txt	239	283	48374	0.005850250134369702	7.527152628961595	8.783255099680298	0.07581725291098063
eng-x-bible-kingjames.txt.clean.txt	240	284	48320	0.005877483443708609	7.529292245208202	8.789278043122668	0.07613179466778208
eng-x-bible-kingjames.txt.clean.txt	241	285	48267	0.0059046553545900925	7.530367315931226	8.797678660842063	0.07657446000269685
eng-x-bible-kingjames.txt.clean.txt	242	286	48214	0.0059318870037748375	7.537218444781617	8.800571251169732	0.0763067046401007
eng-x-bible-kingjames.txt.clean.txt	243	287	48162	0.005959054856525892	7.5415439921816265	8.805019177449307	0.07634660628616141
eng-x-bible-kingjames.txt.clean.txt	244	288	48111	0.005986157011909958	7.5472956204793675	8.80838442650628	0.07620992614412325
eng-x-bible-kingjames.txt.clean.txt	245	289	48061	0.0060131915690476686	7.5526301957963184	8.81192588800566	0.07612246408997347
eng-x-bible-kingjames.txt.clean.txt	246	290	48011	0.006040282435275249	7.553871235197201	8.819806786195226	0.07653359565840723
eng-x-bible-kingjames.txt.clean.txt	247	291	47961	0.006067429786701695	7.556911569368259	8.825464589495006	0.07672246029795904
eng-x-bible-kingjames.txt.clean.txt	248	292	47911	0.006094633800171151	7.558639604110259	8.831815123277732	0.07706941097845388
eng-x-bible-kingjames.txt.clean.txt	249	293	47861	0.006121894653266752	7.561347134170941	8.83717701153168	0.07729451056372616
eng-x-bible-kingjames.txt.clean.txt	250	294	47812	0.006149083911988622	7.562678169702403	8.846119712313786	0.0776853206256588
eng-x-bible-kingjames.txt.clean.txt	251	295	47763	0.0061763289575612924	7.566571934282975	8.850710741671474	0.07776143307787864
eng-x-bible-kingjames.txt.clean.txt	252	296	47714	0.006203629961856059	7.571523711836233	8.854219313509645	0.07770671509793547
eng-x-bible-kingjames.txt.clean.txt	253	297	47665	0.00623098709745096	7.577518882978795	8.857299175374699	0.07752319193558344
eng-x-bible-kingjames.txt.clean.txt	254	298	47617	0.00625826910557154	7.583085294817656	8.860585647894531	0.07739021581817362
eng-x-bible-kingjames.txt.clean.txt	255	299	47569	0.006285606172086863	7.5856760873523665	8.866083403065756	0.07761739505092935
eng-x-bible-kingjames.txt.clean.txt	256	300	47521	0.00631299846383704	7.586828968694171	8.873542183055685	0.07801723989169862
eng-x-bible-kingjames.txt.clean.txt	257	301	47473	0.006340446148336949	7.591063270163426	8.877413830857535	0.07804057411225362
eng-x-bible-kingjames.txt.clean.txt	258	302	47425	0.0063679493937796525	7.590571190287738	8.888021998763698	0.07863580019866967
eng-x-bible-kingjames.txt.clean.txt	259	303	47377	0.006395508369039829	7.596253673843477	8.89105831908476	0.0784795166190243
eng-x-bible-kingjames.txt.clean.txt	260	304	47330	0.006422987534333404	7.600274711537293	8.89489684160105	0.07852309575352845
eng-x-bible-kingjames.txt.clean.txt	261	305	47283	0.006450521329018887	7.600251350340926	8.910301179036647	0.07905495351162173
eng-x-bible-kingjames.txt.clean.txt	262	306	47236	0.0064781099161656365	7.605483804484113	8.91346010431358	0.0789479736967229
eng-x-bible-kingjames.txt.clean.txt	263	307	47189	0.006505753459492679	7.608026988176846	8.918797148123144	0.07916489333935106
eng-x-bible-kingjames.txt.clean.txt	264	308	47142	0.00653345212337194	7.609793534228055	8.927076817799058	0.07947380801871051
eng-x-bible-kingjames.txt.clean.txt	265	309	47095	0.006561206072831511	7.61517709578759	8.930071612007865	0.0793433918404467
eng-x-bible-kingjames.txt.clean.txt	266	310	47048	0.006589015473558919	7.617142166603438	8.936484608050092	0.07962449649147874
eng-x-bible-kingjames.txt.clean.txt	267	311	47001	0.006616880491904427	7.6226700274627	8.939368021608955	0.07947336799150684
eng-x-bible-kingjames.txt.clean.txt	268	312	46954	0.006644801294884355	7.627779234242169	8.942370457525987	0.07937128062690291
eng-x-bible-kingjames.txt.clean.txt	269	313	46908	0.00667263579773173	7.63068818426832	8.946892211735367	0.07953307161759426
eng-x-bible-kingjames.txt.clean.txt	270	314	46862	0.006700524945584909	7.634701366211283	8.95069552074577	0.07955992234708587
eng-x-bible-kingjames.txt.clean.txt	271	315	46816	0.0067284688995215315	7.639925221152564	8.9536719496235	0.07943924236795175
eng-x-bible-kingjames.txt.clean.txt	272	316	46770	0.00675646782125294	7.642040537131	8.95894196815824	0.07969143587893646
eng-x-bible-kingjames.txt.clean.txt	273	317	46725	0.006784376672017122	7.645855466793119	8.962822525330738	0.0797371846458188
eng-x-bible-kingjames.txt.clean.txt	274	318	46680	0.006812339331619537	7.649715205582785	8.966612479118853	0.07977590365085141
eng-x-bible-kingjames.txt.clean.txt	275	319	46635	0.0068403559558271685	7.650890292019337	8.976031002563754	0.08013577691726792
eng-x-bible-kingjames.txt.clean.txt	276	320	46590	0.0068684267010088	7.653439400594373	8.982718903276043	0.08032858331276371
eng-x-bible-kingjames.txt.clean.txt	277	321	46545	0.006896551724137931	7.655990659317723	8.988103824609066	0.08051936653537795
eng-x-bible-kingjames.txt.clean.txt	278	322	46501	0.00692458226704802	7.660091825220611	8.991522663888535	0.0805223557873046
eng-x-bible-kingjames.txt.clean.txt	279	323	46457	0.006952665906106722	7.6637814423525565	8.995178423528557	0.08057318059053631
eng-x-bible-kingjames.txt.clean.txt	280	324	46413	0.006980802792321117	7.667536044460691	8.999064886615379	0.0806146343389138
eng-x-bible-kingjames.txt.clean.txt	281	325	46369	0.007008993077271453	7.671889749636469	9.002302656460543	0.08058273168877783
eng-x-bible-kingjames.txt.clean.txt	282	326	46325	0.00703723691311387	7.6735844544736445	9.011708192212255	0.08086785044201905
eng-x-bible-kingjames.txt.clean.txt	283	327	46281	0.007065534452583133	7.677031585773449	9.015805330269519	0.08094138099677406
eng-x-bible-kingjames.txt.clean.txt	284	328	46238	0.007093732427873178	7.6815308972536185	9.018878664292906	0.08088745448319323
eng-x-bible-kingjames.txt.clean.txt	285	329	46195	0.007121982898582097	7.684303606435275	9.025225029720188	0.08103859409201308
eng-x-bible-kingjames.txt.clean.txt	286	330	46152	0.007150286011440458	7.687613568122005	9.029770928401557	0.08112389515289464
eng-x-bible-kingjames.txt.clean.txt	287	331	46109	0.007178641913726171	7.690169860629787	9.036383296863239	0.08129768955701533
eng-x-bible-kingjames.txt.clean.txt	288	332	46066	0.007207050753267052	7.687496022443458	9.060213356575463	0.08209434887316014
eng-x-bible-kingjames.txt.clean.txt	289	333	46023	0.007235512678443387	7.69133312039082	9.06344812105604	0.08211172912113351
eng-x-bible-kingjames.txt.clean.txt	290	334	45980	0.007264027838190518	7.696280511045976	9.066117999988986	0.08199523235154749
eng-x-bible-kingjames.txt.clean.txt	291	335	45937	0.007292596382001437	7.697661221203518	9.071933803564367	0.08230265158701477
eng-x-bible-kingjames.txt.clean.txt	292	336	45894	0.007321218459929403	7.702252609448856	9.074709024018489	0.08222577609575421
eng-x-bible-kingjames.txt.clean.txt	293	337	45851	0.007349894222590565	7.704198327871464	9.08318536497223	0.08246267049059985
eng-x-bible-kingjames.txt.clean.txt	294	338	45809	0.0073784627474950334	7.707796368291993	9.086773679769045	0.08250125159478716
eng-x-bible-kingjames.txt.clean.txt	295	339	45767	0.007407083706600826	7.710427064961862	9.092929162981147	0.08265350455092191
eng-x-bible-kingjames.txt.clean.txt	296	340	45725	0.007435757244395845	7.715391783722731	9.095524819274612	0.08252668447516776
eng-x-bible-kingjames.txt.clean.txt	297	341	45683	0.00746448350589935	7.7184368132358765	9.100168249774573	0.08262679567634812
eng-x-bible-kingjames.txt.clean.txt	298	342	45641	0.007493262636664402	7.721847617597133	9.10372946066219	0.0826820018594967
eng-x-bible-kingjames.txt.clean.txt	299	343	45599	0.007522094782780324	7.724334175682645	9.108865724535832	0.08284555033257401
eng-x-bible-kingjames.txt.clean.txt	300	344	45558	0.007550814346547258	7.728040160324181	9.111997999413425	0.08286288346070392
eng-x-bible-kingjames.txt.clean.txt	301	345	45517	0.007579585649317837	7.729019289110788	9.120141897409312	0.08320232612140943
eng-x-bible-kingjames.txt.clean.txt	302	346	45476	0.007608408831031753	7.733904026216126	9.122699739950534	0.08307707020501764
eng-x-bible-kingjames.txt.clean.txt	303	347	45435	0.007637284032133818	7.737794855595562	9.125914982980277	0.08306840709295693
eng-x-bible-kingjames.txt.clean.txt	304	348	45394	0.007666211393576244	7.741351245291001	9.128990114884882	0.08309806300405664
eng-x-bible-kingjames.txt.clean.txt	305	349	45353	0.007695191056820938	7.746466586615574	9.131370695803376	0.0829418416785811
eng-x-bible-kingjames.txt.clean.txt	306	350	45313	0.007724052700108137	7.748187946352211	9.136035952603619	0.08318608495010049
eng-x-bible-kingjames.txt.clean.txt	307	351	45273	0.007752965343582267	7.751949424767847	9.139272428422874	0.08318753103340903
eng-x-bible-kingjames.txt.clean.txt	308	352	45233	0.007781929122543276	7.7566989829402155	9.141772303959193	0.08307090445046728
eng-x-bible-kingjames.txt.clean.txt	309	353	45193	0.00781094417277012	7.7548471007552955	9.15807738441235	0.08373311651987114
eng-x-bible-kingjames.txt.clean.txt	310	354	45153	0.007840010630522889	7.758974286199337	9.160905518842643	0.08368732573716942
eng-x-bible-kingjames.txt.clean.txt	311	355	45113	0.007869128632544943	7.762092695467723	9.164137445679236	0.08375941014816668
eng-x-bible-kingjames.txt.clean.txt	312	355	45073	0.007876112084840148	7.762473882628008	9.163439246589196	0.08371441466018614
eng-x-bible-kingjames.txt.clean.txt	313	356	45034	0.007905138339920948	7.76224569476073	9.17693629198832	0.08418005851846588
eng-x-bible-kingjames.txt.clean.txt	314	357	44995	0.007934214912768085	7.765685741239518	9.180355055746116	0.08421144187175955
eng-x-bible-kingjames.txt.clean.txt	315	358	44956	0.007963341934335795	7.769054737657214	9.183736654470753	0.08424994818045528
eng-x-bible-kingjames.txt.clean.txt	316	359	44917	0.007992519536033128	7.771132715060189	9.187882995509199	0.08443930563098112
eng-x-bible-kingjames.txt.clean.txt	317	360	44878	0.008021747849725924	7.77632617502627	9.190085830261225	0.08426039795868201
eng-x-bible-kingjames.txt.clean.txt	318	361	44840	0.008050847457627118	7.780850729465102	9.192611418509435	0.08415919235430291
eng-x-bible-kingjames.txt.clean.txt	319	362	44802	0.00807999642873086	7.78031509177093	9.203190728278564	0.08465221662497557
eng-x-bible-kingjames.txt.clean.txt	320	363	44764	0.008109194888749888	7.784053711395638	9.20620994097046	0.0846409661693932
eng-x-bible-kingjames.txt.clean.txt	321	364	44726	0.008138442963824174	7.783892333428676	9.217525707919316	0.08508695112945441
eng-x-bible-kingjames.txt.clean.txt	322	365	44688	0.008167740780522735	7.7872436120269075	9.220462883544133	0.08511866723709338
eng-x-bible-kingjames.txt.clean.txt	323	366	44650	0.008197088465845465	7.791081923324599	9.223254321935654	0.08509199815871593
eng-x-bible-kingjames.txt.clean.txt	324	367	44612	0.008226486147224961	7.79461245966645	9.226247714634951	0.08510032255600175
eng-x-bible-kingjames.txt.clean.txt	325	368	44574	0.008255933952528379	7.79563702037898	9.233918306161094	0.08540149522357299
eng-x-bible-kingjames.txt.clean.txt	326	367	44536	0.008240524519489851	7.7923584963310395	9.2300664211601	0.08536488353824534
eng-x-bible-kingjames.txt.clean.txt	327	368	44499	0.008269848760646306	7.7902232971186915	9.249014353015912	0.08603664321548055
eng-x-bible-kingjames.txt.clean.txt	328	369	44462	0.008299221807386082	7.7946772572829826	9.251369182506057	0.08593394602607773
eng-x-bible-kingjames.txt.clean.txt	329	370	44425	0.008328643781654474	7.7985499809286605	9.253931203198809	0.08589833697851113
eng-x-bible-kingjames.txt.clean.txt	330	371	44388	0.00835811480580337	7.801593643413554	9.256953770106211	0.08595876533953384
eng-x-bible-kingjames.txt.clean.txt	331	372	44351	0.008387635002592951	7.8073378665519115	9.25888679443624	0.08570176064697865
eng-x-bible-kingjames.txt.clean.txt	332	373	44314	0.008417204495193393	7.811464556843813	9.26128957252347	0.085633212986156
eng-x-bible-kingjames.txt.clean.txt	333	374	44277	0.008446823407186575	7.814550717578366	9.264235003616399	0.08568536159494111
eng-x-bible-kingjames.txt.clean.txt	334	375	44240	0.008476491862567812	7.815976494494716	9.268692885526622	0.08593054025930846
eng-x-bible-kingjames.txt.clean.txt	335	376	44203	0.008506209985747575	7.820441870998846	9.270890745588114	0.08581908416730255
eng-x-bible-kingjames.txt.clean.txt	336	377	44167	0.008535784635587657	7.821158160702953	9.280409744059789	0.08614469623147714
eng-x-bible-kingjames.txt.clean.txt	337	378	44131	0.00856540753665224	7.82509808097269	9.282892350516205	0.08609244012563
eng-x-bible-kingjames.txt.clean.txt	338	379	44095	0.008595078807120989	7.828753665167225	9.285442878584643	0.08607234669760333
eng-x-bible-kingjames.txt.clean.txt	339	380	44059	0.008624798565559817	7.8335373553309875	9.287537017767235	0.08591956348531338
eng-x-bible-kingjames.txt.clean.txt	340	381	44023	0.008654566930922472	7.8342337726217846	9.292982277801809	0.08624257549927472
eng-x-bible-kingjames.txt.clean.txt	341	382	43987	0.008684384022552118	7.836291901177827	9.296673635533875	0.08640548837146611
eng-x-bible-kingjames.txt.clean.txt	342	383	43951	0.008714249960182932	7.835751262822784	9.306427509670613	0.08687004947447019
eng-x-bible-kingjames.txt.clean.txt	343	384	43915	0.008744164863941705	7.837635407338208	9.31248920290149	0.08705071144110077
eng-x-bible-kingjames.txt.clean.txt	344	385	43879	0.008774128854349462	7.840689280500504	9.315654101567088	0.08709398167483162
eng-x-bible-kingjames.txt.clean.txt	345	386	43843	0.008804142052323062	7.839108253826698	9.328337199922705	0.08767559502175926
eng-x-bible-kingjames.txt.clean.txt	346	386	43807	0.008811377177163467	7.839078917872483	9.327873862913478	0.08767900917374027
eng-x-bible-kingjames.txt.clean.txt	347	387	43771	0.008841470379931918	7.83945814230839	9.333689263238725	0.0880310504191838
eng-x-bible-kingjames.txt.clean.txt	348	388	43736	0.008871410279860985	7.841513207306646	9.337256133473133	0.08818689779739741
eng-x-bible-kingjames.txt.clean.txt	349	389	43701	0.008901398137342396	7.842213093999749	9.344050090974442	0.08849910728981869
eng-x-bible-kingjames.txt.clean.txt	350	389	43666	0.0089085329547016	7.8417182519607085	9.343943741216275	0.08855662280934484
