file	merge	types	tokens	TTR	H	Hcross	R
eus-x-bible-batua.txt.clean.txt	0	37	105135	0.00035192847291577495	4.420236296304452	6.501414227478	0.15149709843485926
eus-x-bible-batua.txt.clean.txt	1	38	102654	0.0003701755411381924	4.5017684387266375	6.471828160989996	0.14218166558236878
eus-x-bible-batua.txt.clean.txt	2	39	100719	0.0003872159175527954	4.586228743394125	6.443464249586902	0.13228387292322852
eus-x-bible-batua.txt.clean.txt	3	40	98880	0.0004045307443365696	4.660919799429037	6.421801983154316	0.12420466486447634
eus-x-bible-batua.txt.clean.txt	4	41	97076	0.00042234949936132516	4.741994154499286	6.397227757645836	0.1148953569817337
eus-x-bible-batua.txt.clean.txt	5	42	95511	0.0004397399252442127	4.788509868788502	6.403041664812513	0.11197552121831611
eus-x-bible-batua.txt.clean.txt	6	43	94049	0.00045720847643249796	4.864488436073059	6.385402398421247	0.10352910225072132
eus-x-bible-batua.txt.clean.txt	7	44	92812	0.0004740766280222385	4.9172044128929855	6.380288524927985	0.09931935110117829
eus-x-bible-batua.txt.clean.txt	8	45	91595	0.0004912931928598722	4.966016229331074	6.379859177597934	0.09574853110146542
eus-x-bible-batua.txt.clean.txt	9	46	90547	0.0005080234574309474	4.987706266678971	6.402011556945311	0.09701270550435936
eus-x-bible-batua.txt.clean.txt	10	47	89559	0.000524793711408122	5.036943564238537	6.40179208647795	0.09319236783524631
eus-x-bible-batua.txt.clean.txt	11	48	88604	0.0005417362647284547	5.084165300965446	6.40288905056652	0.08966885627093202
eus-x-bible-batua.txt.clean.txt	12	49	87656	0.0005590033768367254	5.134258075025311	6.402552422791982	0.08557018660429261
eus-x-bible-batua.txt.clean.txt	13	50	86851	0.0005756986102635548	5.171504853180196	6.411029161052638	0.08369301426395526
eus-x-bible-batua.txt.clean.txt	14	51	86050	0.0005926786751888437	5.20725655299393	6.418799628749288	0.08200527304179417
eus-x-bible-batua.txt.clean.txt	15	52	85319	0.0006094773731525217	5.241859440082881	6.428701997342155	0.080446474435792
eus-x-bible-batua.txt.clean.txt	16	53	84608	0.0006264183055975795	5.27560570517617	6.440335758428344	0.07896666040930944
eus-x-bible-batua.txt.clean.txt	17	54	83943	0.000643293663557414	5.290098950869323	6.468330585092752	0.08076414197834703
eus-x-bible-batua.txt.clean.txt	18	55	83284	0.0006603909514432544	5.324717473249638	6.4771419568344655	0.07898526694451702
eus-x-bible-batua.txt.clean.txt	19	56	82633	0.0006776953517359893	5.360979064927161	6.485298630849803	0.07686388435378899
eus-x-bible-batua.txt.clean.txt	20	57	81988	0.0006952236912718935	5.391580519148823	6.496568702362602	0.07565880617399456
eus-x-bible-batua.txt.clean.txt	21	58	81374	0.0007127583749109052	5.419660366502717	6.5125358118554235	0.0748245221330407
eus-x-bible-batua.txt.clean.txt	22	59	80769	0.0007304782775569835	5.45697552740753	6.519628450529877	0.07235991005785891
eus-x-bible-batua.txt.clean.txt	23	60	80181	0.0007483069555131515	5.474420710112689	6.554214093169579	0.07321447358739808
eus-x-bible-batua.txt.clean.txt	24	61	79627	0.0007660718098132543	5.503999858274743	6.565393559612469	0.07195352870972072
eus-x-bible-batua.txt.clean.txt	25	62	79105	0.0007837684090765438	5.522348407470262	6.590920626906189	0.0725283279900043
eus-x-bible-batua.txt.clean.txt	26	63	78601	0.0008015165201460541	5.552539894876352	6.600903401557611	0.07105908273656081
eus-x-bible-batua.txt.clean.txt	27	64	78107	0.0008193887871765655	5.578444197903465	6.612847936827139	0.0702593003494224
eus-x-bible-batua.txt.clean.txt	28	65	77618	0.0008374346156819294	5.602923258538482	6.625404173782128	0.06964778099115265
eus-x-bible-batua.txt.clean.txt	29	66	77135	0.0008556427043495171	5.619636373900001	6.642959880512256	0.07027300620554777
eus-x-bible-batua.txt.clean.txt	30	67	76655	0.0008740460504859435	5.642865402361262	6.657486226591327	0.06976880405290775
eus-x-bible-batua.txt.clean.txt	31	68	76210	0.000892271355465162	5.666574426325116	6.671143629824898	0.06914020272504429
eus-x-bible-batua.txt.clean.txt	32	69	75771	0.0009106386348339074	5.69095587834457	6.683584826376172	0.06835833782579925
eus-x-bible-batua.txt.clean.txt	33	70	75349	0.0009290103385579105	5.702762849948146	6.704739141989303	0.06958728546514592
eus-x-bible-batua.txt.clean.txt	34	71	74935	0.0009474878227797425	5.726340519609087	6.716522557023154	0.0688494326136938
eus-x-bible-batua.txt.clean.txt	35	72	74528	0.0009660798626019751	5.744393237221553	6.731391757214701	0.0689687093637742
eus-x-bible-batua.txt.clean.txt	36	73	74122	0.0009848627937724293	5.7720142223220545	6.740561543678467	0.06749954422513738
eus-x-bible-batua.txt.clean.txt	37	74	73727	0.00100370284970228	5.797164275690593	6.750656382121391	0.06639700238679502
eus-x-bible-batua.txt.clean.txt	38	75	73339	0.0010226482499079616	5.825344344239978	6.759454331229197	0.06477541991574354
eus-x-bible-batua.txt.clean.txt	39	76	72957	0.001041709500116507	5.847825934828503	6.771250707896555	0.06403748727144942
eus-x-bible-batua.txt.clean.txt	40	77	72589	0.0010607667828458857	5.8722898736717495	6.781538435219793	0.06295039163395655
eus-x-bible-batua.txt.clean.txt	41	78	72225	0.0010799584631360332	5.890734919582424	6.796809951908381	0.06279109682041406
eus-x-bible-batua.txt.clean.txt	42	79	71867	0.0010992527863970946	5.914589512004346	6.806820339661833	0.06173933576057533
eus-x-bible-batua.txt.clean.txt	43	80	71522	0.0011185369536646068	5.9373078777963855	6.817346439827321	0.06083906860662103
eus-x-bible-batua.txt.clean.txt	44	81	71199	0.0011376564277588168	5.94817196123226	6.840841370826793	0.061780332574769226
eus-x-bible-batua.txt.clean.txt	45	82	70893	0.0011566727321456278	5.966774490594199	6.853822809072355	0.061466664171999974
eus-x-bible-batua.txt.clean.txt	46	83	70588	0.0011758372527908426	5.984359974825697	6.868245439423966	0.061282672951041506
eus-x-bible-batua.txt.clean.txt	47	84	70292	0.0011950150799521994	6.006132231261058	6.879357053379669	0.06041395725148868
eus-x-bible-batua.txt.clean.txt	48	85	69997	0.0012143377573324572	6.028634084082158	6.889835322640759	0.059406089572215603
eus-x-bible-batua.txt.clean.txt	49	86	69710	0.001233682398508105	6.027213476116684	6.929954673097827	0.06209692470162054
eus-x-bible-batua.txt.clean.txt	50	87	69440	0.0012528801843317973	6.047585707848368	6.941332241096781	0.06136291405552352
eus-x-bible-batua.txt.clean.txt	51	88	69172	0.0012721910599664604	6.067177197699804	6.9530445652854045	0.060725841543972314
eus-x-bible-batua.txt.clean.txt	52	89	68906	0.0012916146634545612	6.077567827981041	6.970475432673719	0.06148579264880838
eus-x-bible-batua.txt.clean.txt	53	90	68641	0.0013111697090660102	6.098876332756252	6.980600219788077	0.06053383490695474
eus-x-bible-batua.txt.clean.txt	54	91	68379	0.001330817941180772	6.1163992596472525	6.992424687960803	0.060142552460674126
eus-x-bible-batua.txt.clean.txt	55	92	68120	0.0013505578391074574	6.133992744660339	7.003748391031221	0.05971725477903467
eus-x-bible-batua.txt.clean.txt	56	93	67863	0.001370408027938641	6.153159961050493	7.0141654133789615	0.059028823310093625
eus-x-bible-batua.txt.clean.txt	57	94	67608	0.0013903680037865341	6.17027354098432	7.025412402008858	0.05863301564597023
eus-x-bible-batua.txt.clean.txt	58	95	67354	0.0014104581762033434	6.184470965935819	7.038148931503265	0.058659530036921925
eus-x-bible-batua.txt.clean.txt	59	96	67109	0.0014305085756008882	6.202662096003022	7.048562086786294	0.058056580379351685
eus-x-bible-batua.txt.clean.txt	60	97	66867	0.0014506408243229096	6.217763893895321	7.061557009127642	0.05790212044151288
eus-x-bible-batua.txt.clean.txt	61	98	66629	0.0014708310195260322	6.231677409141879	7.073976041964763	0.05790615824427958
eus-x-bible-batua.txt.clean.txt	62	99	66393	0.0014911210519181239	6.249739478512696	7.083928531733603	0.057263044262409135
eus-x-bible-batua.txt.clean.txt	63	100	66159	0.0015115101497906558	6.267692708426114	7.093915457679107	0.05661824557966022
eus-x-bible-batua.txt.clean.txt	64	101	65935	0.0015318116326685372	6.283425734851761	7.1053386778949585	0.056289252582457316
eus-x-bible-batua.txt.clean.txt	65	102	65720	0.00155203895313451	6.29592938916698	7.118238168876233	0.05642565236904884
eus-x-bible-batua.txt.clean.txt	66	103	65509	0.0015723030423300615	6.31051431328586	7.129941519523023	0.05623064147962431
eus-x-bible-batua.txt.clean.txt	67	104	65301	0.0015926249215172815	6.319271079089983	7.150993814322204	0.05688710817278375
eus-x-bible-batua.txt.clean.txt	68	105	65099	0.001612928001966236	6.337349737594364	7.160920015133735	0.056133750110878844
eus-x-bible-batua.txt.clean.txt	69	106	64897	0.0016333574741513475	6.352855575607064	7.171610596170451	0.05574751983010551
eus-x-bible-batua.txt.clean.txt	70	107	64697	0.001653863393974991	6.357903619120264	7.192696817074526	0.05689612780936326
eus-x-bible-batua.txt.clean.txt	71	108	64497	0.001674496488208754	6.370979966412225	7.2040955935091056	0.05683403840971213
eus-x-bible-batua.txt.clean.txt	72	109	64299	0.001695205213144839	6.3832041181556285	7.216525228234473	0.056880869099850684
eus-x-bible-batua.txt.clean.txt	73	110	64102	0.0017160151009328881	6.398207735675693	7.226456184996504	0.056500760029705166
eus-x-bible-batua.txt.clean.txt	74	111	63905	0.001736953290039903	6.400257262481027	7.252477566705786	0.0580121399134812
eus-x-bible-batua.txt.clean.txt	75	112	63710	0.0017579657824517345	6.409970309004216	7.265132286877257	0.05837577408601946
eus-x-bible-batua.txt.clean.txt	76	113	63519	0.0017789952612604102	6.420735687491807	7.280622763700528	0.05856785828123323
eus-x-bible-batua.txt.clean.txt	77	114	63329	0.0018001231663219062	6.438561143089501	7.288712487834036	0.05771040807883443
eus-x-bible-batua.txt.clean.txt	78	115	63144	0.0018212340048143925	6.448939679124776	7.300514086410055	0.05792870471923217
eus-x-bible-batua.txt.clean.txt	79	116	62960	0.0018424396442185515	6.461228330088342	7.3114574191162305	0.057852692406280104
eus-x-bible-batua.txt.clean.txt	80	117	62785	0.001863502428924106	6.473700383914809	7.322029750156956	0.05773555726058277
eus-x-bible-batua.txt.clean.txt	81	118	62612	0.00188462275602121	6.4846822009954135	7.334011471030455	0.05782093383490616
eus-x-bible-batua.txt.clean.txt	82	119	62440	0.001905829596412556	6.496556117269219	7.344386780026693	0.05776246156325526
eus-x-bible-batua.txt.clean.txt	83	120	62273	0.0019269988598590079	6.5106610584992675	7.353926574780022	0.057367281503080236
eus-x-bible-batua.txt.clean.txt	84	121	62107	0.0019482505997713622	6.519691548667082	7.366808137538652	0.057693247419174254
eus-x-bible-batua.txt.clean.txt	85	122	61944	0.0019695208575487536	6.526014310881371	7.383348861516527	0.05839537800516781
eus-x-bible-batua.txt.clean.txt	86	123	61782	0.001990871127512868	6.5378075783571585	7.393416681320278	0.05829399804218427
eus-x-bible-batua.txt.clean.txt	87	124	61620	0.002012333657903278	6.54908812041262	7.403891581367206	0.05825377540308729
eus-x-bible-batua.txt.clean.txt	88	125	61459	0.0020338762426983844	6.562099698721301	7.4129194911983545	0.05795249600675345
eus-x-bible-batua.txt.clean.txt	89	126	61301	0.002055431395898925	6.57647045147349	7.42153878407086	0.05744494651511334
eus-x-bible-batua.txt.clean.txt	90	127	61148	0.0020769281088506572	6.584585661791636	7.433575584872341	0.05782189969814888
eus-x-bible-batua.txt.clean.txt	91	128	60996	0.0020984982621811265	6.590117310651992	7.449317641915628	0.0585546699068582
eus-x-bible-batua.txt.clean.txt	92	129	60844	0.002120176188284794	6.600969307437998	7.46021510634321	0.05851442736618151
eus-x-bible-batua.txt.clean.txt	93	130	60694	0.0021418921145418	6.616386287722767	7.467976530081558	0.05781262618464367
eus-x-bible-batua.txt.clean.txt	94	131	60545	0.002163679907506813	6.630572568885636	7.476092217350586	0.05727658247822631
eus-x-bible-batua.txt.clean.txt	95	132	60397	0.0021855390168385846	6.639190896444857	7.486974319246411	0.05752137317247363
eus-x-bible-batua.txt.clean.txt	96	133	60251	0.002207432241788518	6.649964567633678	7.496662552239863	0.057448850782785055
eus-x-bible-batua.txt.clean.txt	97	134	60105	0.0022294318276349723	6.664212770278374	7.504362820318213	0.05687395238685944
eus-x-bible-batua.txt.clean.txt	98	135	59960	0.0022515010006671113	6.661592668960855	7.549455741526494	0.058673696155515764
eus-x-bible-batua.txt.clean.txt	99	136	59815	0.0022736771712781076	6.676434216971076	7.556448820788148	0.05799376074143214
eus-x-bible-batua.txt.clean.txt	100	137	59673	0.002295845692356677	6.689830707395459	7.563984509908456	0.05750909136420945
eus-x-bible-batua.txt.clean.txt	101	138	59533	0.00231804209430064	6.696506919924377	7.57983351959543	0.05796104935123669
eus-x-bible-batua.txt.clean.txt	102	139	59395	0.002340264332014479	6.705272482703072	7.5897136905761755	0.05810816324992807
eus-x-bible-batua.txt.clean.txt	103	139	59260	0.0023455956800539995	6.697785512970043	7.6210161171462385	0.05915986035720089
eus-x-bible-batua.txt.clean.txt	104	140	59125	0.0023678646934460887	6.709688526741334	7.6287179322197805	0.058855075497260434
eus-x-bible-batua.txt.clean.txt	105	141	58991	0.002390195114508993	6.7165543050242915	7.639584790959386	0.059247006778987754
eus-x-bible-batua.txt.clean.txt	106	142	58857	0.0024126272151146	6.729793874322927	7.646542007553657	0.058736797003087426
eus-x-bible-batua.txt.clean.txt	107	143	58725	0.0024350787569178372	6.735239039554423	7.668218436842336	0.0593072524980639
eus-x-bible-batua.txt.clean.txt	108	144	58600	0.0024573378839590444	6.743364589391517	7.67850957572804	0.05949300891780429
eus-x-bible-batua.txt.clean.txt	109	145	58477	0.002479607366998991	6.753189360935543	7.687562141379628	0.059432469649626785
eus-x-bible-batua.txt.clean.txt	110	146	58355	0.002501927855368006	6.763345807828308	7.695803116127751	0.059316989943095755
eus-x-bible-batua.txt.clean.txt	111	147	58233	0.0025243418680129825	6.767228356199131	7.709264232546151	0.06006439847882583
eus-x-bible-batua.txt.clean.txt	112	148	58113	0.002546762342333041	6.780096935120679	7.716250704613108	0.059554644261273215
eus-x-bible-batua.txt.clean.txt	113	149	57993	0.002569275602227855	6.789562503540317	7.72447393073394	0.05950907167552055
eus-x-bible-batua.txt.clean.txt	114	150	57874	0.002591837439955766	6.799796280367929	7.7324223149603775	0.05934889620236439
eus-x-bible-batua.txt.clean.txt	115	151	57756	0.0026144469838631484	6.809453723427964	7.740499764406404	0.059260435323089
eus-x-bible-batua.txt.clean.txt	116	152	57639	0.0026371033501622165	6.81613220974314	7.750360636804148	0.059575003047359965
eus-x-bible-batua.txt.clean.txt	117	153	57523	0.002659805642960207	6.82152440470708	7.761381095900478	0.06005789513157078
eus-x-bible-batua.txt.clean.txt	118	154	57407	0.002682599682965492	6.825683586021083	7.773594757663179	0.06070124011536426
eus-x-bible-batua.txt.clean.txt	119	155	57292	0.0027054388047196816	6.833322457094502	7.783346090473816	0.06085684129572644
eus-x-bible-batua.txt.clean.txt	120	156	57177	0.0027283697990450706	6.843925915799209	7.790471516962687	0.06059738224473543
eus-x-bible-batua.txt.clean.txt	121	157	57063	0.00275134500464399	6.84986774578902	7.8033471898071936	0.06096999671575587
eus-x-bible-batua.txt.clean.txt	122	158	56949	0.002774412193365994	6.857416736423643	7.8122003229462	0.06111410338609424
eus-x-bible-batua.txt.clean.txt	123	159	56837	0.002797473476784489	6.865579763561381	7.820443177251952	0.061166463959299366
eus-x-bible-batua.txt.clean.txt	124	160	56725	0.0028206258263552227	6.866551608976277	7.847443158592751	0.062193520615022035
eus-x-bible-batua.txt.clean.txt	125	161	56613	0.002843869782558776	6.877232614173506	7.853891980656232	0.06188642859879079
eus-x-bible-batua.txt.clean.txt	126	162	56501	0.0028672058901612362	6.8882114092159545	7.860104516103704	0.06153240100154256
eus-x-bible-batua.txt.clean.txt	127	163	56391	0.0028905321771204623	6.8917836134310795	7.880554766445648	0.06218008493577343
eus-x-bible-batua.txt.clean.txt	128	164	56281	0.0029139496455286864	6.901185644776707	7.887340208193049	0.0620269295487047
eus-x-bible-batua.txt.clean.txt	129	165	56171	0.002937458831069413	6.911210700159458	7.893914492646921	0.061782732393406925
eus-x-bible-batua.txt.clean.txt	130	166	56061	0.0029610602736305095	6.922151254072327	7.899867894176429	0.06140823808339768
eus-x-bible-batua.txt.clean.txt	131	167	55952	0.0029847011724335143	6.93318542840033	7.90563535082253	0.06101529073055101
eus-x-bible-batua.txt.clean.txt	132	168	55843	0.0030084343606181616	6.941343405415584	7.913125951633187	0.061005770122038006
eus-x-bible-batua.txt.clean.txt	133	169	55734	0.00303226037966053	6.9498566630784335	7.9205598699709245	0.06094178091763658
eus-x-bible-batua.txt.clean.txt	134	170	55626	0.0030561248337108546	6.9585050705846605	7.927835114096175	0.06085329677422513
eus-x-bible-batua.txt.clean.txt	135	171	55519	0.0030800266575406617	6.965897302306991	7.936682893626605	0.06092803970851923
eus-x-bible-batua.txt.clean.txt	136	172	55412	0.003104020789720638	6.97473808567462	7.9430377914874395	0.060801315862269
eus-x-bible-batua.txt.clean.txt	137	173	55305	0.0031281077660247716	6.977910032012433	7.960201543283848	0.06143120834563509
eus-x-bible-batua.txt.clean.txt	138	174	55199	0.0031522310186778745	6.9881534324148395	7.965771521335814	0.061103522240568586
eus-x-bible-batua.txt.clean.txt	139	175	55095	0.0031763317905436064	6.996765195962721	7.972013379058819	0.060989537009354056
eus-x-bible-batua.txt.clean.txt	140	176	54991	0.0032005237220636105	7.00741696906387	7.977341659373219	0.06059639295359642
eus-x-bible-batua.txt.clean.txt	141	177	54888	0.003224748578924355	7.009346051182391	7.990150155448386	0.061366323626388386
eus-x-bible-batua.txt.clean.txt	142	178	54785	0.003249064524961212	7.016780444456752	7.996800624487894	0.061392369156522464
eus-x-bible-batua.txt.clean.txt	143	179	54682	0.003273472074905819	7.018317546675645	8.010141212990417	0.062200653308809306
eus-x-bible-batua.txt.clean.txt	144	180	54580	0.003297911322828875	7.029023234669207	8.015144718664985	0.06177775454342693
eus-x-bible-batua.txt.clean.txt	145	181	54479	0.0033223811009746875	7.0282608161942655	8.033837335677063	0.06287930152020049
eus-x-bible-batua.txt.clean.txt	146	182	54378	0.003346941777924896	7.038588276694146	8.03879103777101	0.06249589739606054
eus-x-bible-batua.txt.clean.txt	147	183	54280	0.0033714075165806926	7.046303951874471	8.044976605088612	0.062455379606637274
eus-x-bible-batua.txt.clean.txt	148	184	54182	0.003395961758517589	7.052809724209489	8.053066551827147	0.06257039346483151
eus-x-bible-batua.txt.clean.txt	149	185	54084	0.0034206049848383995	7.059538635253123	8.060263206326447	0.06265023591446683
eus-x-bible-batua.txt.clean.txt	150	186	53989	0.0034451462334920075	7.066714622908445	8.066653156938221	0.06266537156685137
eus-x-bible-batua.txt.clean.txt	151	187	53894	0.0034697740008164174	7.075958455938528	8.072195950528034	0.06240129717623222
eus-x-bible-batua.txt.clean.txt	152	188	53801	0.003494358840913738	7.078910803222493	8.082870110130752	0.06296544494933187
eus-x-bible-batua.txt.clean.txt	153	189	53709	0.003518963302239848	7.08138846023594	8.096003846587216	0.06358616095736469
eus-x-bible-batua.txt.clean.txt	154	190	53618	0.003543586109142452	7.082278716483042	8.117053461991034	0.06441032921569945
eus-x-bible-batua.txt.clean.txt	155	191	53527	0.0035682926373605843	7.091513836453018	8.122133085039746	0.06412663221393677
eus-x-bible-batua.txt.clean.txt	156	192	53436	0.003593083314619358	7.100316765250257	8.127454109883654	0.06389560072641365
eus-x-bible-batua.txt.clean.txt	157	193	53347	0.0036178229328734514	7.097996472864477	8.161660025823547	0.06512523705784723
eus-x-bible-batua.txt.clean.txt	158	194	53258	0.0036426452363964097	7.101885127042102	8.171422225714313	0.06553071403404431
eus-x-bible-batua.txt.clean.txt	159	195	53170	0.003667481662591687	7.108001614145126	8.178263120042523	0.06563783600956441
eus-x-bible-batua.txt.clean.txt	160	196	53083	0.003692330878058889	7.114736643974334	8.184528507358424	0.06565886427402923
eus-x-bible-batua.txt.clean.txt	161	197	52996	0.003717261680126802	7.117043903986588	8.202271778086413	0.06625616401356438
eus-x-bible-batua.txt.clean.txt	162	198	52909	0.003742274471261978	7.113316558540514	8.234700240189193	0.06763873904923212
eus-x-bible-batua.txt.clean.txt	163	199	52823	0.003767298335952142	7.122832551112838	8.239028343460006	0.0672799954116684
eus-x-bible-batua.txt.clean.txt	164	200	52739	0.003792259997345418	7.126374063881751	8.24733523365193	0.06769909232269644
eus-x-bible-batua.txt.clean.txt	165	201	52655	0.00381730130092109	7.129851114985284	8.257546854670167	0.06812142921404496
eus-x-bible-batua.txt.clean.txt	166	202	52571	0.0038424226284453408	7.137231930992533	8.262652532171753	0.06802888023302023
eus-x-bible-batua.txt.clean.txt	167	203	52487	0.00386762436412826	7.144048027567841	8.268743301491448	0.0680058767481595
eus-x-bible-batua.txt.clean.txt	168	204	52404	0.0038928326081978477	7.1505852315543015	8.274962706937822	0.06801501313574232
eus-x-bible-batua.txt.clean.txt	169	205	52321	0.003918120831023872	7.160299554463483	8.2790081793991	0.06760621009687862
eus-x-bible-batua.txt.clean.txt	170	206	52239	0.003943413924462566	7.165387865670164	8.286057987934617	0.06779582719992616
eus-x-bible-batua.txt.clean.txt	171	207	52157	0.003968786548306076	7.170649605404826	8.292194873671386	0.06795843743971741
eus-x-bible-batua.txt.clean.txt	172	208	52077	0.003994085680818787	7.178715326371709	8.296838139658021	0.06775254542156572
eus-x-bible-batua.txt.clean.txt	173	209	51998	0.004019385360975422	7.186760318560314	8.30152788973157	0.0675456799922095
eus-x-bible-batua.txt.clean.txt	174	210	51920	0.004044684129429892	7.192560302450409	8.308241379339178	0.06762621360974586
eus-x-bible-batua.txt.clean.txt	175	211	51842	0.004070059025500559	7.196098072098272	8.319422798500527	0.06799564463266783
eus-x-bible-batua.txt.clean.txt	176	212	51764	0.004095510393323546	7.202713846753495	8.324543289651494	0.06796221711878236
eus-x-bible-batua.txt.clean.txt	177	213	51687	0.00412095884845319	7.210216252442552	8.329579428092828	0.06781035016644521
eus-x-bible-batua.txt.clean.txt	178	214	51610	0.004146483239682232	7.219453230384745	8.333662977996797	0.06743085734698395
eus-x-bible-batua.txt.clean.txt	179	215	51534	0.004172002949509062	7.22414660045079	8.340944933286838	0.06763464194963054
eus-x-bible-batua.txt.clean.txt	180	216	51458	0.004197598041120914	7.23008343465368	8.346561252980532	0.06767397558808919
eus-x-bible-batua.txt.clean.txt	181	217	51382	0.004223268849013273	7.236551604364034	8.351569628456492	0.06764106972403483
eus-x-bible-batua.txt.clean.txt	182	218	51307	0.004248932894146997	7.243181863639391	8.356839375708192	0.06758367711010915
eus-x-bible-batua.txt.clean.txt	183	219	51232	0.004274672079950031	7.250389705561313	8.361445485258454	0.06744845228812757
eus-x-bible-batua.txt.clean.txt	184	220	51158	0.004300402674068572	7.258003122506178	8.366067245782702	0.06725773004798175
eus-x-bible-batua.txt.clean.txt	185	221	51085	0.004326123128119801	7.267490612701596	8.369933105308695	0.06682311992492396
eus-x-bible-batua.txt.clean.txt	186	222	51012	0.004351917195953893	7.274230900587396	8.374926411637723	0.06673815904645819
eus-x-bible-batua.txt.clean.txt	187	223	50940	0.004377699254024342	7.280755815577494	8.379831192393995	0.06667744632233075
eus-x-bible-batua.txt.clean.txt	188	224	50869	0.004403467730838035	7.285979358789056	8.38574202422815	0.06678005143528698
eus-x-bible-batua.txt.clean.txt	189	225	50799	0.0044292210476584186	7.2942742835831655	8.389948215755185	0.0664859809765106
eus-x-bible-batua.txt.clean.txt	190	226	50730	0.0044549576187660166	7.3015953051152875	8.394569388616278	0.0663135280908892
eus-x-bible-batua.txt.clean.txt	191	227	50661	0.00448076429600679	7.304633004626114	8.402087199985356	0.06668526790734253
eus-x-bible-batua.txt.clean.txt	192	228	50592	0.004506641366223909	7.312805372710515	8.406273320303246	0.06639754171368706
eus-x-bible-batua.txt.clean.txt	193	229	50524	0.004532499406222785	7.318397965111293	8.411558887235582	0.06643606124597023
eus-x-bible-batua.txt.clean.txt	194	230	50456	0.004558427144442683	7.324255899087755	8.417371712783186	0.06643742436380728
eus-x-bible-batua.txt.clean.txt	195	231	50388	0.004584424863062634	7.3312652111781045	8.422014834730486	0.06628890295557432
eus-x-bible-batua.txt.clean.txt	196	232	50321	0.004610401224141015	7.338625991235086	8.426383090174902	0.06609267752295622
eus-x-bible-batua.txt.clean.txt	197	233	50254	0.00463644685000199	7.343318435049317	8.434877720026222	0.06623288157529506
eus-x-bible-batua.txt.clean.txt	198	234	50187	0.004662562018052483	7.348139384999361	8.440485795052268	0.06635338427006043
eus-x-bible-batua.txt.clean.txt	199	235	50121	0.004688653458630115	7.352356093338476	8.448070103302921	0.06654728946595023
eus-x-bible-batua.txt.clean.txt	200	236	50055	0.004714813704924583	7.3586666771116915	8.452846538100978	0.06647216789710775
eus-x-bible-batua.txt.clean.txt	201	237	49989	0.0047410430294664825	7.365622255348733	8.457204623010139	0.06631233607743348
eus-x-bible-batua.txt.clean.txt	202	238	49924	0.0047672462142456535	7.3735178165419475	8.461245049553948	0.06603064977494433
eus-x-bible-batua.txt.clean.txt	203	239	49859	0.004793517719970317	7.380090618852774	8.46573198252637	0.06591380436915262
eus-x-bible-batua.txt.clean.txt	204	240	49794	0.004819857814194481	7.385604980438506	8.471415255710887	0.0659280166921159
eus-x-bible-batua.txt.clean.txt	205	241	49729	0.004846266765871021	7.3928345802571425	8.47554957741389	0.06572248566546945
eus-x-bible-batua.txt.clean.txt	206	242	49664	0.004872744845360825	7.397580984315267	8.480923044736876	0.06582791460592707
eus-x-bible-batua.txt.clean.txt	207	243	49600	0.004899193548387097	7.4029735084715	8.486676313553467	0.06584874972080978
eus-x-bible-batua.txt.clean.txt	208	244	49536	0.004925710594315245	7.40795967436954	8.49282694094158	0.06591791417896031
eus-x-bible-batua.txt.clean.txt	209	245	49473	0.004952196147393528	7.414873390683306	8.496975102330564	0.0657412562257863
eus-x-bible-batua.txt.clean.txt	210	246	49410	0.004978749241044323	7.421653401936565	8.5013069151968	0.06557886712734784
eus-x-bible-batua.txt.clean.txt	211	247	49347	0.005005370133949379	7.425405962774809	8.509692908701766	0.06579480458977305
eus-x-bible-batua.txt.clean.txt	212	248	49285	0.005031956984883839	7.43350960691083	8.513380736826775	0.06546063023314042
eus-x-bible-batua.txt.clean.txt	213	249	49223	0.0050586108120187715	7.441385449657856	8.517115361214636	0.06515280860936712
eus-x-bible-batua.txt.clean.txt	214	250	49161	0.005085331868757755	7.443858805891557	8.524587032394237	0.06552091547036798
eus-x-bible-batua.txt.clean.txt	215	251	49099	0.005112120409784314	7.447625496121885	8.53158145505479	0.06572353952318655
eus-x-bible-batua.txt.clean.txt	216	252	49038	0.005138871895264897	7.4538728380736945	8.53578706315821	0.06561222502476571
eus-x-bible-batua.txt.clean.txt	217	253	48977	0.00516569001776344	7.461915761146151	8.539337598338324	0.06527348527499133
eus-x-bible-batua.txt.clean.txt	218	254	48917	0.005192468875850931	7.466176092956009	8.545635017991382	0.06540608552010285
eus-x-bible-batua.txt.clean.txt	219	255	48858	0.005219206680584551	7.471421491759536	8.55031776773724	0.06541266272870627
eus-x-bible-batua.txt.clean.txt	220	256	48799	0.005246009139531548	7.476591357600324	8.555408554428011	0.06542608029995955
eus-x-bible-batua.txt.clean.txt	221	257	48740	0.005272876487484612	7.48250980871612	8.559750236045552	0.06534340166257657
eus-x-bible-batua.txt.clean.txt	222	258	48681	0.005299808960374684	7.486196352652284	8.566809003988913	0.0655368879238255
eus-x-bible-batua.txt.clean.txt	223	259	48622	0.005326806795277857	7.493047947710844	8.570616643606641	0.06533277598519882
eus-x-bible-batua.txt.clean.txt	224	260	48563	0.005353870230422338	7.497840098482067	8.575528389146317	0.06538315454628574
eus-x-bible-batua.txt.clean.txt	225	261	48504	0.005380999505195448	7.504310241460312	8.579424255034246	0.06522195891846416
eus-x-bible-batua.txt.clean.txt	226	262	48445	0.005408194860150687	7.510824302591831	8.583591104090097	0.06505305382843696
eus-x-bible-batua.txt.clean.txt	227	263	48386	0.005435456537014839	7.5180451327403715	8.587227075930379	0.06479401736050894
eus-x-bible-batua.txt.clean.txt	228	264	48328	0.005462671743088892	7.5256400726569375	8.59067473269247	0.0644864036998336
eus-x-bible-batua.txt.clean.txt	229	265	48270	0.005489952351356951	7.5295162130365085	8.596523148846511	0.06463877341513069
eus-x-bible-batua.txt.clean.txt	230	266	48212	0.005517298597859454	7.534780235273512	8.600820048314382	0.0646162570208243
eus-x-bible-batua.txt.clean.txt	231	267	48154	0.0055447107197740585	7.53979405756338	8.605547148578623	0.06462244433218811
eus-x-bible-batua.txt.clean.txt	232	268	48097	0.005572073102272491	7.545866358614164	8.609797362323727	0.06449505076872131
eus-x-bible-batua.txt.clean.txt	233	269	48040	0.005599500416319733	7.5514381633653285	8.614015420448608	0.0644275071644611
eus-x-bible-batua.txt.clean.txt	234	270	47983	0.005626992893316383	7.55757055266405	8.617799566470701	0.06428833717292981
eus-x-bible-batua.txt.clean.txt	235	271	47926	0.005654550765763886	7.563579856586114	8.621867502902143	0.06416228927657708
eus-x-bible-batua.txt.clean.txt	236	272	47869	0.005682174267271094	7.569294537968856	8.625781683880838	0.06407056371728226
eus-x-bible-batua.txt.clean.txt	237	273	47813	0.005709744211825235	7.571734200956949	8.64019442102061	0.06438138830688822
eus-x-bible-batua.txt.clean.txt	238	274	47757	0.005737378813577067	7.578158546941921	8.643751586065417	0.06419751498793114
eus-x-bible-batua.txt.clean.txt	239	275	47701	0.005765078300245278	7.578529067452131	8.656511008624502	0.06475874402673187
eus-x-bible-batua.txt.clean.txt	240	276	47646	0.0057927213197330315	7.58251318925207	8.662809008357485	0.06487139187036539
eus-x-bible-batua.txt.clean.txt	241	277	47591	0.005820428232228783	7.588139378729032	8.666670164108211	0.06477933074080999
eus-x-bible-batua.txt.clean.txt	242	278	47536	0.005848199259508583	7.593303510250527	8.671436133800032	0.06474213296595022
eus-x-bible-batua.txt.clean.txt	243	279	47481	0.005876034624376066	7.599552686167376	8.67497684186127	0.06456927531325862
eus-x-bible-batua.txt.clean.txt	244	280	47426	0.00590393455066841	7.606634392273552	8.678128521775719	0.06429209360554777
eus-x-bible-batua.txt.clean.txt	245	281	47371	0.005931899263262334	7.61281272080566	8.681578131575716	0.06412420235691552
eus-x-bible-batua.txt.clean.txt	246	282	47316	0.005959928988080142	7.6181386515849105	8.685414251261225	0.06405914506089072
eus-x-bible-batua.txt.clean.txt	247	283	47262	0.00598789725360755	7.6248123729309025	8.688682171207995	0.06382660320443723
eus-x-bible-batua.txt.clean.txt	248	284	47209	0.006015802071638882	7.631011024569486	8.69215661811913	0.06365057557353049
eus-x-bible-batua.txt.clean.txt	249	285	47156	0.00604376961574349	7.636268392590159	8.696091739263707	0.06358814010656344
eus-x-bible-batua.txt.clean.txt	250	286	47103	0.006071800097658323	7.642082540854072	8.69965664808846	0.06345550984248072
eus-x-bible-batua.txt.clean.txt	251	287	47050	0.006099893730074389	7.646902435944419	8.704363970365506	0.06344279186317336
eus-x-bible-batua.txt.clean.txt	252	288	46998	0.006127920337035618	7.650403070513898	8.71259769933902	0.06358955937009192
eus-x-bible-batua.txt.clean.txt	253	289	46946	0.006156009031653389	7.654833390949866	8.716964465546479	0.06362043053970834
eus-x-bible-batua.txt.clean.txt	254	290	46895	0.006184028147990191	7.660024839708992	8.720892764860174	0.06355623816657763
eus-x-bible-batua.txt.clean.txt	255	291	46844	0.006212108274272052	7.661663653798283	8.73181188172994	0.06392420986146508
eus-x-bible-batua.txt.clean.txt	256	292	46793	0.0062402496099844	7.66093395295789	8.744155862720014	0.0645789909319443
eus-x-bible-batua.txt.clean.txt	257	293	46742	0.006268452355483291	7.665456074862963	8.748288244695406	0.06459017503047104
eus-x-bible-batua.txt.clean.txt	258	294	46691	0.0062967167120001714	7.670757997706316	8.751930586155645	0.06450432711047593
eus-x-bible-batua.txt.clean.txt	259	295	46641	0.006324907270427307	7.676002220344021	8.755860626400063	0.06442371144233061
eus-x-bible-batua.txt.clean.txt	260	296	46591	0.006353158335300809	7.679915508942621	8.76067601972128	0.06450342466203396
eus-x-bible-batua.txt.clean.txt	261	297	46541	0.00638147010163082	7.6868932768975	8.763645425572086	0.06420810247896125
eus-x-bible-batua.txt.clean.txt	262	298	46492	0.006409704895465887	7.692476639625582	8.767164754274145	0.06408092004992305
eus-x-bible-batua.txt.clean.txt	263	299	46443	0.0064379992679198155	7.698916096692978	8.770317566684218	0.06384794146534833
eus-x-bible-batua.txt.clean.txt	264	300	46394	0.006466353407768246	7.705732176222483	8.773345061879224	0.06356763150919253
eus-x-bible-batua.txt.clean.txt	265	301	46345	0.006494767504585176	7.710737555745565	8.777306760926107	0.06350574128290487
eus-x-bible-batua.txt.clean.txt	266	302	46297	0.006523100848867097	7.710661105508851	8.787314207187444	0.06405895929063832
eus-x-bible-batua.txt.clean.txt	267	303	46249	0.006551493005254168	7.716401572230859	8.790623532297454	0.06390407533533049
eus-x-bible-batua.txt.clean.txt	268	304	46201	0.0065799441570528775	7.719527691459364	8.796850366371128	0.06406455695966828
eus-x-bible-batua.txt.clean.txt	269	305	46153	0.006608454488332286	7.723231085470976	8.80183023960474	0.06415313347097373
eus-x-bible-batua.txt.clean.txt	270	306	46106	0.006636880232507699	7.7276052790386265	8.805873619602025	0.06415861453363292
eus-x-bible-batua.txt.clean.txt	271	307	46059	0.006665363989665429	7.730522304718876	8.811401860412595	0.06433871198527574
eus-x-bible-batua.txt.clean.txt	272	308	46012	0.0066939059375815	7.734636772657196	8.816394035676344	0.06437202235936457
eus-x-bible-batua.txt.clean.txt	273	309	45965	0.0067225062547590555	7.737430135125954	8.821427437442876	0.06456329321388765
eus-x-bible-batua.txt.clean.txt	274	310	45918	0.006751165120432075	7.742099710460446	8.825248250486212	0.06452593855083522
eus-x-bible-batua.txt.clean.txt	275	311	45871	0.0067798827145691175	7.747753830366525	8.828392794077374	0.06436803463835905
eus-x-bible-batua.txt.clean.txt	276	312	45824	0.006808659217877095	7.751633848882566	8.833389823199202	0.06442274688421579
eus-x-bible-batua.txt.clean.txt	277	313	45777	0.006837494811805055	7.7582110754096165	8.836186955150914	0.06415036941921737
eus-x-bible-batua.txt.clean.txt	278	314	45730	0.0068663896785479996	7.763192771523651	8.839546940048827	0.06406899042840375
eus-x-bible-batua.txt.clean.txt	279	315	45684	0.006895193065405832	7.769130061236005	8.842559268799304	0.06387090864295264
eus-x-bible-batua.txt.clean.txt	280	316	45638	0.006924054515973531	7.773361808016543	8.846689003492584	0.06387679976702176
eus-x-bible-batua.txt.clean.txt	281	317	45592	0.006952974206001053	7.773280338376189	8.8568518871454	0.06440019958528831
eus-x-bible-batua.txt.clean.txt	282	318	45546	0.00698195231194836	7.774914968450164	8.863392614782077	0.0647149718969896
eus-x-bible-batua.txt.clean.txt	283	319	45500	0.007010989010989011	7.778031551858948	8.868491774064712	0.06484962174574271
eus-x-bible-batua.txt.clean.txt	284	320	45455	0.007039929600703993	7.783031291638329	8.871749800553674	0.0647562436378305
eus-x-bible-batua.txt.clean.txt	285	321	45410	0.007068927548998018	7.786153625158879	8.876783918007195	0.06488685970367214
eus-x-bible-batua.txt.clean.txt	286	322	45365	0.007097983026562327	7.791063382769657	8.880051022330914	0.06480121014808826
eus-x-bible-batua.txt.clean.txt	287	323	45320	0.007127096204766108	7.7934050068738285	8.885081918960228	0.06502219149399358
eus-x-bible-batua.txt.clean.txt	288	324	45275	0.007156267255659856	7.798393907892043	8.88846523476949	0.06492396083925966
eus-x-bible-batua.txt.clean.txt	289	325	45231	0.007185337489774712	7.801301537498624	8.897064532788507	0.06507371938980266
eus-x-bible-batua.txt.clean.txt	290	326	45188	0.007214304682659113	7.8078461291855605	8.89982443074178	0.06478615844874547
eus-x-bible-batua.txt.clean.txt	291	327	45145	0.00724332705725994	7.813330111655157	8.902929778468511	0.0646243535663864
eus-x-bible-batua.txt.clean.txt	292	328	45102	0.0072724047714070325	7.820111602200545	8.905580829081165	0.06430595970214348
eus-x-bible-batua.txt.clean.txt	293	329	45059	0.007301537983532702	7.8236303379727	8.910238371062325	0.06437659117648897
eus-x-bible-batua.txt.clean.txt	294	330	45016	0.007330726852674605	7.827607724173415	8.914060996050665	0.06439083701020998
eus-x-bible-batua.txt.clean.txt	295	331	44973	0.007359971538478643	7.83233253466585	8.91729165836172	0.0643142965419502
eus-x-bible-batua.txt.clean.txt	296	332	44930	0.00738927220120187	7.834980735354991	8.922042639317928	0.06448431681056321
eus-x-bible-batua.txt.clean.txt	297	333	44887	0.007418629001715419	7.839186866537668	8.925945643725788	0.06446677508398513
eus-x-bible-batua.txt.clean.txt	298	334	44845	0.007447876017393243	7.84255947818229	8.929952253335305	0.06454722106283506
eus-x-bible-batua.txt.clean.txt	299	335	44803	0.007477177867553512	7.844376248358303	8.937110221772372	0.06481162573861621
eus-x-bible-batua.txt.clean.txt	300	336	44762	0.007506367007729771	7.850658953969837	8.939850928428408	0.0645421808449157
eus-x-bible-batua.txt.clean.txt	301	337	44721	0.00753560966883567	7.853906182591745	8.944565623654427	0.06463310025099533
eus-x-bible-batua.txt.clean.txt	302	338	44680	0.00756490599820949	7.856208318705969	8.94957559998129	0.06483501182315021
eus-x-bible-batua.txt.clean.txt	303	339	44639	0.007594256143730819	7.857070413697335	8.96524720062677	0.06520664189208047
eus-x-bible-batua.txt.clean.txt	304	340	44598	0.0076236602538230416	7.859867429012471	8.97008206940557	0.06534640990036056
eus-x-bible-batua.txt.clean.txt	305	341	44558	0.0076529467211275196	7.861266735992643	8.981907217247016	0.06565077487275972
eus-x-bible-batua.txt.clean.txt	306	342	44518	0.00768228581697291	7.864942717540658	8.986665597410466	0.06568299888451223
eus-x-bible-batua.txt.clean.txt	307	343	44478	0.007711677683349071	7.867488696595704	8.991961075400269	0.06584799392716167
eus-x-bible-batua.txt.clean.txt	308	344	44438	0.0077411224627571	7.872461063796768	8.994879887940698	0.06572350941101057
eus-x-bible-batua.txt.clean.txt	309	345	44398	0.007770620298211631	7.8755244218903275	8.99878898350613	0.06582423972786278
eus-x-bible-batua.txt.clean.txt	310	346	44359	0.007799995491332086	7.87955923720802	9.002134702244003	0.06580835283409148
eus-x-bible-batua.txt.clean.txt	311	347	44320	0.00782942238267148	7.884054626466242	9.00524812945279	0.06573656938137795
eus-x-bible-batua.txt.clean.txt	312	348	44281	0.007858901108827714	7.8902586615552215	9.00781109011185	0.06546115517239393
eus-x-bible-batua.txt.clean.txt	313	349	44242	0.00788843180688034	7.891415120232566	9.015442322710642	0.06578224590625037
eus-x-bible-batua.txt.clean.txt	314	350	44203	0.007918014614392689	7.895753547715899	9.018552036001571	0.06572520278646776
eus-x-bible-batua.txt.clean.txt	315	351	44164	0.007947649669414003	7.897633684364768	9.023580493689085	0.06595765266192788
eus-x-bible-batua.txt.clean.txt	316	352	44125	0.007977337110481587	7.901290529386196	9.026973052148684	0.0659785567651423
eus-x-bible-batua.txt.clean.txt	317	353	44086	0.008007077076622965	7.901299077681705	9.035732483297714	0.06642921681244873
eus-x-bible-batua.txt.clean.txt	318	354	44047	0.00803686970735805	7.907056665607635	9.03825993890803	0.06619922021165336
eus-x-bible-batua.txt.clean.txt	319	355	44008	0.008066715142701327	7.907898084041962	9.04848152152713	0.06654848257075696
eus-x-bible-batua.txt.clean.txt	320	356	43969	0.008096613523164048	7.913438712638419	9.050986399236443	0.06634171814248147
eus-x-bible-batua.txt.clean.txt	321	357	43931	0.008126380005007853	7.917829231075494	9.05416312341287	0.06626952768309102
eus-x-bible-batua.txt.clean.txt	322	358	43893	0.008156198027020254	7.920286805899522	9.059814140612989	0.06642399907774199
eus-x-bible-batua.txt.clean.txt	323	359	43855	0.008186067723178658	7.924437542766167	9.06286890148272	0.06637760476302457
eus-x-bible-batua.txt.clean.txt	324	359	43817	0.008193167035625443	7.923407898109967	9.063564290798336	0.06649891297007104
eus-x-bible-batua.txt.clean.txt	325	360	43779	0.008223120674295896	7.927052929881851	9.066836027985918	0.066510826322695
eus-x-bible-batua.txt.clean.txt	326	361	43741	0.008253126357422098	7.930836817210705	9.070724665256838	0.06650516138615004
eus-x-bible-batua.txt.clean.txt	327	362	43703	0.008283184220762877	7.932527108475229	9.078422397709877	0.06674459586027348
eus-x-bible-batua.txt.clean.txt	328	363	43665	0.00831329440054964	7.935371481210678	9.084200158532344	0.06684688448461196
eus-x-bible-batua.txt.clean.txt	329	364	43627	0.008343457033488436	7.938535736425358	9.08800944166757	0.06691027790958104
eus-x-bible-batua.txt.clean.txt	330	365	43589	0.008373672256762027	7.941237419176246	9.092981523869542	0.06702676379330852
eus-x-bible-batua.txt.clean.txt	331	366	43551	0.008403940208031962	7.944399694085907	9.096449215686341	0.06708786770873976
eus-x-bible-batua.txt.clean.txt	332	367	43513	0.008434261025440672	7.948831466347024	9.099138827326026	0.06699872735830681
eus-x-bible-batua.txt.clean.txt	333	368	43475	0.008464634847613572	7.951818921611199	9.102877668693715	0.06707794668395894
eus-x-bible-batua.txt.clean.txt	334	369	43438	0.00849486624614393	7.956439057123774	9.105529453702434	0.06696446657443822
eus-x-bible-batua.txt.clean.txt	335	370	43401	0.008525149190110827	7.9561497930484855	9.11427777924932	0.06742538358295547
eus-x-bible-batua.txt.clean.txt	336	371	43364	0.008555483811456507	7.955830660268747	9.122968197157862	0.06788822747760759
eus-x-bible-batua.txt.clean.txt	337	372	43327	0.008585870242573915	7.957839649060345	9.128721762583467	0.06807686505273636
eus-x-bible-batua.txt.clean.txt	338	373	43290	0.008616308616308617	7.956136420223189	9.143659824418922	0.06869872574283753
eus-x-bible-batua.txt.clean.txt	339	374	43253	0.008646799065960742	7.95884326573811	9.148103923625978	0.06880290811000123
eus-x-bible-batua.txt.clean.txt	340	375	43216	0.008677341725286931	7.959348999093376	9.157258987618823	0.06916329077839256
eus-x-bible-batua.txt.clean.txt	341	376	43179	0.00870793672850228	7.964145002129632	9.159678617083328	0.06902071622439387
eus-x-bible-batua.txt.clean.txt	342	377	43142	0.008738584210282323	7.967378305477449	9.16318260013675	0.06905975151173438
eus-x-bible-batua.txt.clean.txt	343	378	43105	0.008769284305764992	7.972276699344825	9.165476331118171	0.06890317928949763
eus-x-bible-batua.txt.clean.txt	344	379	43068	0.008800037150552614	7.975735830997538	9.169046831825607	0.06891366836387502
eus-x-bible-batua.txt.clean.txt	345	380	43032	0.008830637664993493	7.979193528714855	9.172709787498643	0.06892322421884167
eus-x-bible-batua.txt.clean.txt	346	381	42996	0.008861289422271839	7.982393796064725	9.176452169281575	0.06896171238432558
eus-x-bible-batua.txt.clean.txt	347	382	42960	0.008891992551210428	7.984301189941773	9.182691317398591	0.06914981750187288
eus-x-bible-batua.txt.clean.txt	348	383	42924	0.008922747181064207	7.988126623824289	9.185557396666368	0.06911316807462708
eus-x-bible-batua.txt.clean.txt	349	384	42888	0.008953553441522105	7.990112857111368	9.190959060900964	0.06928971950195695
eus-x-bible-batua.txt.clean.txt	350	385	42852	0.008984411462708859	7.993485009814422	9.194297885149597	0.06930369106709633
