file	merge	types	tokens	TTR	H	Hcross	R
fin-x-bible-1992.txt.clean.txt	0	43	112106	0.00038356555402922234	4.481167320293775	8.128444336431876	0.1741709033989457
fin-x-bible-1992.txt.clean.txt	1	44	110567	0.00039794875505349696	4.524449829171731	8.085161585347844	0.17125991399429652
fin-x-bible-1992.txt.clean.txt	2	45	109156	0.0004122540217670124	4.581945045063828	8.039164719639228	0.1656832466756909
fin-x-bible-1992.txt.clean.txt	3	46	107756	0.0004268903819740896	4.633189591025643	7.997924266017335	0.16119532506646506
fin-x-bible-1992.txt.clean.txt	4	47	106461	0.0004414762213392698	4.684781319449315	7.95896153363251	0.15659260396304886
fin-x-bible-1992.txt.clean.txt	5	48	105212	0.00045622172375774626	4.723007625059868	7.933151037780472	0.15433494415584503
fin-x-bible-1992.txt.clean.txt	6	49	104010	0.00047110854725507164	4.778526510136516	7.896579416815147	0.1489272566515788
fin-x-bible-1992.txt.clean.txt	7	50	102880	0.0004860031104199067	4.827677728055047	7.864819219754229	0.1446136177598557
fin-x-bible-1992.txt.clean.txt	8	51	101881	0.0005005840146837978	4.85273137297529	7.848319602699614	0.14450502555425682
fin-x-bible-1992.txt.clean.txt	9	52	100901	0.0005153566367033033	4.890442917681049	7.826431476025468	0.1420937402218828
fin-x-bible-1992.txt.clean.txt	10	53	99923	0.0005304084144791489	4.930371138760608	7.803524351099811	0.13923889518528765
fin-x-bible-1992.txt.clean.txt	11	54	98984	0.0005455427139739756	4.974943071465682	7.779385163982124	0.13552731142087093
fin-x-bible-1992.txt.clean.txt	12	55	98091	0.0005607038362337014	5.002354356061208	7.765354344123143	0.13474431553551003
fin-x-bible-1992.txt.clean.txt	13	56	97278	0.0005756697300520159	5.028640251156533	7.7576985215440875	0.13409111055763823
fin-x-bible-1992.txt.clean.txt	14	57	96483	0.0005907776499486957	5.06651911136804	7.740233858106705	0.13138785420874155
fin-x-bible-1992.txt.clean.txt	15	58	95691	0.0006061176077165042	5.1116899798702695	7.720963240135173	0.12739730905204993
fin-x-bible-1992.txt.clean.txt	16	59	94951	0.0006213731292982696	5.1547536520593855	7.703982220051398	0.12373509512555225
fin-x-bible-1992.txt.clean.txt	17	60	94214	0.0006368480268325302	5.192698604311204	7.688960252273217	0.12090828156327826
fin-x-bible-1992.txt.clean.txt	18	61	93490	0.0006524762006631725	5.227008937900089	7.675881268392335	0.11865782610294806
fin-x-bible-1992.txt.clean.txt	19	62	92788	0.0006681898521360521	5.266924985040506	7.6616534888934495	0.11542637990411053
fin-x-bible-1992.txt.clean.txt	20	63	92140	0.0006837421315389624	5.297046758373501	7.6525526871817835	0.11380313015826005
fin-x-bible-1992.txt.clean.txt	21	64	91510	0.0006993771172549448	5.330339960097469	7.642945053844586	0.11161000665042187
fin-x-bible-1992.txt.clean.txt	22	65	90891	0.0007151423133203508	5.3569471083867235	7.6371527368942616	0.11049154174911013
fin-x-bible-1992.txt.clean.txt	23	66	90274	0.0007311075171145624	5.390051061094267	7.627978163531018	0.10825618669843418
fin-x-bible-1992.txt.clean.txt	24	67	89661	0.000747259120464862	5.4150303440782475	7.623742689257308	0.10732760860220603
fin-x-bible-1992.txt.clean.txt	25	68	89077	0.0007633844875781627	5.427777825439053	7.628027907068524	0.10836780987656747
fin-x-bible-1992.txt.clean.txt	26	69	88508	0.0007795905454874135	5.461069206183842	7.619997883514945	0.10599208616999067
fin-x-bible-1992.txt.clean.txt	27	70	87954	0.0007958705687063693	5.482530712771608	7.621249983773712	0.1055184272590044
fin-x-bible-1992.txt.clean.txt	28	71	87419	0.0008121804184445029	5.509336334622455	7.6167383547312095	0.10413611689025148
fin-x-bible-1992.txt.clean.txt	29	72	86887	0.0008286625156812871	5.5334901977442845	7.613467316727115	0.10315114098619538
fin-x-bible-1992.txt.clean.txt	30	73	86389	0.0008450149903344176	5.547422777748857	7.625292030451886	0.10378352003685798
fin-x-bible-1992.txt.clean.txt	31	74	85892	0.0008615470590974712	5.531344115359614	7.779900873807607	0.10920594943555884
fin-x-bible-1992.txt.clean.txt	32	75	85396	0.0008782612768747951	5.544020605540737	7.782883349483561	0.10994028225609276
fin-x-bible-1992.txt.clean.txt	33	76	84919	0.00089497050130124	5.558577444275166	7.787606568302024	0.11033259711882926
fin-x-bible-1992.txt.clean.txt	34	77	84447	0.0009118145108766445	5.580395301037132	7.78555729297318	0.10952842181563394
fin-x-bible-1992.txt.clean.txt	35	78	83987	0.000928715158298308	5.6092594798353055	7.779307842443354	0.10757350372866592
fin-x-bible-1992.txt.clean.txt	36	79	83528	0.0009457906330811225	5.636748832132459	7.773630267271328	0.10581458059713345
fin-x-bible-1992.txt.clean.txt	37	80	83085	0.0009628693506649816	5.661525329199975	7.76949615082789	0.10446223933193188
fin-x-bible-1992.txt.clean.txt	38	81	82652	0.0009800125828776072	5.6837815160173495	7.766741017341212	0.10348328218629221
fin-x-bible-1992.txt.clean.txt	39	82	82224	0.0009972757345787118	5.695424328570391	7.778772099262617	0.10414821232555038
fin-x-bible-1992.txt.clean.txt	40	83	81800	0.0010146699266503668	5.714000715938004	7.778368049833103	0.10369170614984813
fin-x-bible-1992.txt.clean.txt	41	84	81379	0.0010322073262143796	5.731507967931318	7.779455727514938	0.1033755696318639
fin-x-bible-1992.txt.clean.txt	42	85	80964	0.0010498493157452696	5.755690754087761	7.775851929169635	0.10199099860865424
fin-x-bible-1992.txt.clean.txt	43	86	80557	0.001067567064314709	5.782505511476303	7.771661982442031	0.10017627156658249
fin-x-bible-1992.txt.clean.txt	44	87	80153	0.0010854241263583396	5.797336484379708	7.77561449773188	0.10020373636444158
fin-x-bible-1992.txt.clean.txt	45	88	79751	0.0011034344396935463	5.825719814240713	7.771009942396171	0.0981064344064182
fin-x-bible-1992.txt.clean.txt	46	89	79374	0.0011212739688059063	5.847380391013034	7.769777666667334	0.09703194960877082
fin-x-bible-1992.txt.clean.txt	47	90	79013	0.0011390530672167872	5.868145417655967	7.769385399844568	0.09607544554979774
fin-x-bible-1992.txt.clean.txt	48	91	78660	0.001156877701500127	5.890802848478174	7.768015249244575	0.09480812254113857
fin-x-bible-1992.txt.clean.txt	49	92	78309	0.0011748330332401128	5.913067085159392	7.766783462716804	0.09358305707984993
fin-x-bible-1992.txt.clean.txt	50	93	77965	0.0011928429423459245	5.9136949146932425	7.7886268500225135	0.09564898398740773
fin-x-bible-1992.txt.clean.txt	51	94	77628	0.001210903282320812	5.9306850830719275	7.789935179069181	0.09518579772490576
fin-x-bible-1992.txt.clean.txt	52	95	77294	0.0012290734080264963	5.958158717813742	7.787301024475752	0.0931065957890368
fin-x-bible-1992.txt.clean.txt	53	96	76961	0.0012473850391756863	5.975714704108991	7.788508644600993	0.09252107305781065
fin-x-bible-1992.txt.clean.txt	54	97	76634	0.001265756713730198	5.997874294905284	7.787644909360957	0.09121916632498073
fin-x-bible-1992.txt.clean.txt	55	98	76312	0.0012842016982912254	6.019780752012956	7.786892063521455	0.08994031576933526
fin-x-bible-1992.txt.clean.txt	56	99	76004	0.0013025630229987896	6.03899783725023	7.787509367187458	0.08905219867660252
fin-x-bible-1992.txt.clean.txt	57	100	75702	0.0013209690629045468	6.056897242342586	7.7902296861396465	0.08834612470021574
fin-x-bible-1992.txt.clean.txt	58	101	75412	0.0013393093937304407	6.062073899169112	7.807085211338438	0.08953419174608468
fin-x-bible-1992.txt.clean.txt	59	102	75131	0.001357628675247235	6.077194607775984	7.810837927588226	0.08920755252986301
fin-x-bible-1992.txt.clean.txt	60	103	74853	0.00137603035282487	6.09859386499287	7.811245384057204	0.08792441723443822
fin-x-bible-1992.txt.clean.txt	61	104	74582	0.0013944383363278003	6.119808876071553	7.81199633022498	0.08665563253968411
fin-x-bible-1992.txt.clean.txt	62	105	74314	0.0014129235406518288	6.135644648625003	7.815406411550349	0.08617511342394912
fin-x-bible-1992.txt.clean.txt	63	106	74047	0.001431523221737545	6.154059576969301	7.81705516264831	0.08529543139956086
fin-x-bible-1992.txt.clean.txt	64	107	73787	0.0014501199398267988	6.167066465640702	7.822619584993396	0.08520408420290748
fin-x-bible-1992.txt.clean.txt	65	108	73534	0.0014687083525987978	6.188467478061733	7.823597051373234	0.08385336157268664
fin-x-bible-1992.txt.clean.txt	66	109	73284	0.0014873642268435129	6.201574305559616	7.828260434300854	0.08371669446753505
fin-x-bible-1992.txt.clean.txt	67	110	73045	0.001505921007598056	6.2137782297244035	7.833506728497441	0.08369729785433433
fin-x-bible-1992.txt.clean.txt	68	111	72808	0.0015245577409075926	6.228943278954388	7.836988573941646	0.08322607837360485
fin-x-bible-1992.txt.clean.txt	69	112	72573	0.001543273669270941	6.248047109017945	7.838996597871377	0.08216228174431683
fin-x-bible-1992.txt.clean.txt	70	113	72348	0.0015618952839055675	6.264096006287201	7.842335267464276	0.08153495079710704
fin-x-bible-1992.txt.clean.txt	71	114	72123	0.0015806330851462086	6.276105109214178	7.848364417666209	0.08148600428169261
fin-x-bible-1992.txt.clean.txt	72	115	71901	0.0015994214266839126	6.290567607063027	7.852288208908929	0.08106394717567278
fin-x-bible-1992.txt.clean.txt	73	116	71680	0.0016183035714285715	6.30187990789838	7.858438729268819	0.08108816393983709
fin-x-bible-1992.txt.clean.txt	74	117	71461	0.001637256685464799	6.317443649588779	7.86184943344624	0.08047914376635201
fin-x-bible-1992.txt.clean.txt	75	118	71242	0.0016563263243592264	6.336191035408687	7.86397001842121	0.07939566385094188
fin-x-bible-1992.txt.clean.txt	76	119	71024	0.001675489975219644	6.350925240100873	7.867490254541064	0.07888424928378768
fin-x-bible-1992.txt.clean.txt	77	120	70806	0.0016947716295229217	6.365035048031092	7.871245581471699	0.07845144498480183
fin-x-bible-1992.txt.clean.txt	78	121	70590	0.0017141238135713274	6.379929342409779	7.8745077754614305	0.07789341635796032
fin-x-bible-1992.txt.clean.txt	79	122	70384	0.0017333484882927938	6.379728588121141	7.89578336767307	0.07950218318841984
fin-x-bible-1992.txt.clean.txt	80	123	70178	0.0017526860269600159	6.387323976977552	7.905759961100296	0.07996966055090138
fin-x-bible-1992.txt.clean.txt	81	124	69974	0.00177208677508789	6.400089091000356	7.90994666399595	0.0796795480965784
fin-x-bible-1992.txt.clean.txt	82	125	69770	0.0017916009746309302	6.4128607881475554	7.914921053100832	0.07937706278559475
fin-x-bible-1992.txt.clean.txt	83	126	69569	0.0018111515186361741	6.42347483475672	7.920965658188272	0.07937263443852183
fin-x-bible-1992.txt.clean.txt	84	127	69375	0.0018306306306306306	6.4378392063583645	7.924984544649954	0.07881962130247688
fin-x-bible-1992.txt.clean.txt	85	128	69184	0.0018501387604070306	6.436209554157106	7.950298670541797	0.08054149226327056
fin-x-bible-1992.txt.clean.txt	86	129	68993	0.0018697549026712855	6.446533699076207	7.957200867323924	0.08054132832597183
fin-x-bible-1992.txt.clean.txt	87	130	68804	0.0018894250334282891	6.460949718656557	7.96055894854344	0.079947121728701
fin-x-bible-1992.txt.clean.txt	88	131	68616	0.0019091757024600677	6.477743600104407	7.963011571307629	0.07900554272245186
fin-x-bible-1992.txt.clean.txt	89	132	68429	0.0019290067076824153	6.482400424291614	7.984137503954825	0.07977885472399171
fin-x-bible-1992.txt.clean.txt	90	133	68245	0.0019488607223972453	6.497090849044688	7.9871202953678235	0.07911683076608811
fin-x-bible-1992.txt.clean.txt	91	134	68064	0.001968735307945463	6.507093247546654	7.992563976790198	0.07910966417831256
fin-x-bible-1992.txt.clean.txt	92	135	67884	0.00198868658299452	6.516484386526637	7.9992808181605	0.07917843878222641
fin-x-bible-1992.txt.clean.txt	93	136	67704	0.002008743944227815	6.528757388411144	8.003676651976427	0.07883010681726987
fin-x-bible-1992.txt.clean.txt	94	137	67527	0.0020288181023886743	6.542055678861299	8.007145496098097	0.07832824613936296
fin-x-bible-1992.txt.clean.txt	95	138	67350	0.0020489977728285077	6.550491786918265	8.016297512046874	0.07850189912870109
fin-x-bible-1992.txt.clean.txt	96	139	67175	0.00206922218087086	6.556981191455397	8.024221475908274	0.0789386898314528
fin-x-bible-1992.txt.clean.txt	97	140	67003	0.002089458680954584	6.571183027988572	8.027344286089141	0.0782827652696485
fin-x-bible-1992.txt.clean.txt	98	141	66832	0.002109767775915729	6.58446167244375	8.03060209380053	0.07774853804623749
fin-x-bible-1992.txt.clean.txt	99	142	66662	0.0021301491104377306	6.599707250947261	8.033212016614009	0.07693137384634197
fin-x-bible-1992.txt.clean.txt	100	143	66496	0.0021505052935514917	6.613377040947672	8.036415278722817	0.07632739055288873
fin-x-bible-1992.txt.clean.txt	101	144	66331	0.0021709306357510063	6.623309156482405	8.041954292559058	0.07623731696634894
fin-x-bible-1992.txt.clean.txt	102	145	66167	0.0021914247283389	6.633995603926824	8.047472234786088	0.07603348165609924
fin-x-bible-1992.txt.clean.txt	103	146	66004	0.0022119871522938003	6.645693086026411	8.051354755467477	0.07568077195730172
fin-x-bible-1992.txt.clean.txt	104	147	65841	0.0022326513874333623	6.6605301250777	8.053963291025326	0.07488427166346534
fin-x-bible-1992.txt.clean.txt	105	148	65681	0.0022533152662109284	6.674002362945786	8.057091390989829	0.07427067983211122
fin-x-bible-1992.txt.clean.txt	106	149	65521	0.0022740800659330597	6.68633031825594	8.06056362366071	0.07380880508550725
fin-x-bible-1992.txt.clean.txt	107	150	65362	0.0022949114164193263	6.699794240481003	8.063734261938144	0.07318269729332327
fin-x-bible-1992.txt.clean.txt	108	151	65207	0.002315702301900103	6.704610314306953	8.075440510029544	0.07374476065397495
fin-x-bible-1992.txt.clean.txt	109	152	65053	0.002336556346363734	6.712763142375669	8.081455700107213	0.07383688234675134
fin-x-bible-1992.txt.clean.txt	110	153	64901	0.0023574367112987474	6.727015735635957	8.084287918799106	0.07308030362339224
fin-x-bible-1992.txt.clean.txt	111	154	64755	0.0023781947339973747	6.7401746468868415	8.087686641717065	0.07246833120237783
fin-x-bible-1992.txt.clean.txt	112	155	64610	0.0023990094412629625	6.751691231805609	8.091611615395133	0.07207589428906458
fin-x-bible-1992.txt.clean.txt	113	156	64465	0.0024199177848444895	6.761703820995024	8.09618010148853	0.07188325121039241
fin-x-bible-1992.txt.clean.txt	114	157	64325	0.0024407306645938594	6.774963781278528	8.099613753553504	0.07123838037667107
fin-x-bible-1992.txt.clean.txt	115	158	64185	0.002461634338241022	6.783772986356606	8.104932363148766	0.07119706625233535
fin-x-bible-1992.txt.clean.txt	116	159	64046	0.0024825906379789524	6.788658599853173	8.114541543315724	0.07168504660017472
fin-x-bible-1992.txt.clean.txt	117	160	63907	0.0025036380991127734	6.7980673100144635	8.119568189143177	0.07154683548977925
fin-x-bible-1992.txt.clean.txt	118	161	63768	0.0025247773177769412	6.810916514581022	8.122898256779227	0.07093251392414224
fin-x-bible-1992.txt.clean.txt	119	162	63632	0.002545888860950465	6.820943420397555	8.127402632673205	0.07069716442204332
fin-x-bible-1992.txt.clean.txt	120	163	63496	0.0025670908403678974	6.830873126772561	8.132426990402436	0.07046866023481324
fin-x-bible-1992.txt.clean.txt	121	164	63365	0.0025881795944133197	6.837078330515579	8.139864669927809	0.07074006052227977
fin-x-bible-1992.txt.clean.txt	122	165	63235	0.0026093144619277297	6.8456884599984145	8.14503424947353	0.07067757004174235
fin-x-bible-1992.txt.clean.txt	123	166	63105	0.0026305364075746773	6.85233193706071	8.1515225099066	0.07087521350251957
fin-x-bible-1992.txt.clean.txt	124	167	62975	0.002651845970623263	6.862178123898858	8.155867608797637	0.07063204970258175
fin-x-bible-1992.txt.clean.txt	125	168	62845	0.0026732436948046783	6.870037532180993	8.161664616491365	0.07065171322167652
fin-x-bible-1992.txt.clean.txt	126	169	62716	0.002694687161170993	6.879442243165263	8.166099070545814	0.0704561123588393
fin-x-bible-1992.txt.clean.txt	127	170	62587	0.002716219023119817	6.890584200572073	8.169825515829379	0.07002015955660545
fin-x-bible-1992.txt.clean.txt	128	171	62458	0.002737839828364661	6.900993053118054	8.17395128508109	0.06967777543846121
fin-x-bible-1992.txt.clean.txt	129	172	62334	0.002759328777232329	6.910155007755698	8.178637144907466	0.06949789214283186
fin-x-bible-1992.txt.clean.txt	130	173	62210	0.0027809033917376626	6.907914392794178	8.206781483344269	0.07084602198191892
fin-x-bible-1992.txt.clean.txt	131	174	62087	0.0028025190458550097	6.910474603745914	8.218502560529213	0.07154009598484734
fin-x-bible-1992.txt.clean.txt	132	175	61965	0.002824174937464698	6.920831426148402	8.222398520555558	0.0711803326631959
fin-x-bible-1992.txt.clean.txt	133	176	61843	0.002845916271849684	6.9222532085498685	8.259031431899881	0.07201331650327025
fin-x-bible-1992.txt.clean.txt	134	177	61723	0.002867650632665295	6.924673382225236	8.27472627453668	0.07270498745769016
fin-x-bible-1992.txt.clean.txt	135	178	61605	0.002889375862348835	6.93645165689494	8.277807008533175	0.0721376409487281
fin-x-bible-1992.txt.clean.txt	136	179	61487	0.002911184478019744	6.941846479710959	8.284437094027151	0.07241884537027132
fin-x-bible-1992.txt.clean.txt	137	180	61370	0.0029330291673456085	6.948493427141793	8.289705691228008	0.07252673833848644
fin-x-bible-1992.txt.clean.txt	138	181	61255	0.002954860827687536	6.957074380582033	8.294163056665882	0.07237102130804773
fin-x-bible-1992.txt.clean.txt	139	182	61140	0.002976774615636245	6.96156573914055	8.302430465073954	0.07275490703135301
fin-x-bible-1992.txt.clean.txt	140	183	61027	0.002998672718632736	6.9706968798684965	8.306409973844342	0.0725152640662109
fin-x-bible-1992.txt.clean.txt	141	184	60914	0.0030206520668483437	6.9805164133287345	8.310198914402065	0.07217931425301649
fin-x-bible-1992.txt.clean.txt	142	185	60802	0.00304266307029374	6.991461363143248	8.313368095589352	0.0716893839733952
fin-x-bible-1992.txt.clean.txt	143	186	60691	0.0030647048162000955	6.999059258656726	8.318057479538698	0.07163923270266359
fin-x-bible-1992.txt.clean.txt	144	187	60581	0.003086776382033971	7.008433183658534	8.32171289229709	0.07134872219176625
fin-x-bible-1992.txt.clean.txt	145	188	60472	0.0031088768355602594	7.0158261810718106	8.32635672153798	0.07131594864837476
fin-x-bible-1992.txt.clean.txt	146	189	60363	0.003131057104517668	7.026852750443792	8.329407474033527	0.07079774010715167
fin-x-bible-1992.txt.clean.txt	147	190	60255	0.0031532652891876193	7.03755030072193	8.332593863354852	0.07031908336840575
fin-x-bible-1992.txt.clean.txt	148	191	60149	0.0031754476383647275	7.0470097273889	8.336341868155204	0.06999987894103987
fin-x-bible-1992.txt.clean.txt	149	192	60043	0.0031977083090451845	7.0534119284504335	8.341807448303294	0.07007952540572016
fin-x-bible-1992.txt.clean.txt	150	193	59939	0.0032199402726104873	7.061990225972171	8.345880942231403	0.0698676079024323
fin-x-bible-1992.txt.clean.txt	151	194	59836	0.0032421953339126946	7.071331441762803	8.349544093053408	0.06955098188628805
fin-x-bible-1992.txt.clean.txt	152	195	59733	0.0032645271457988046	7.081818942305182	8.352787297897295	0.06907960477207242
fin-x-bible-1992.txt.clean.txt	153	196	59630	0.003286936105986919	7.090438887175473	8.356724970428958	0.06884976153686295
fin-x-bible-1992.txt.clean.txt	154	197	59529	0.0033093114280434745	7.097959768597376	8.36114173622791	0.06875996952961938
fin-x-bible-1992.txt.clean.txt	155	198	59428	0.0033317628054115906	7.106250157027035	8.3651022523473	0.06856495103084015
fin-x-bible-1992.txt.clean.txt	156	199	59327	0.0033542906265275505	7.113359411759461	8.369930883655101	0.06852048316955728
fin-x-bible-1992.txt.clean.txt	157	200	59227	0.003376838266331234	7.120873449677128	8.374404899463315	0.0684187047889776
fin-x-bible-1992.txt.clean.txt	158	201	59127	0.003399462174641027	7.126423042504919	8.380072118896646	0.0685694816673198
fin-x-bible-1992.txt.clean.txt	159	202	59027	0.003422162739085503	7.134173134447778	8.385206320736323	0.06842829418909124
fin-x-bible-1992.txt.clean.txt	160	203	58928	0.0034448818897637795	7.142485132008464	8.388945888229417	0.06820976808133294
fin-x-bible-1992.txt.clean.txt	161	204	58829	0.003467677505991943	7.151705334169866	8.392295678646056	0.06786902245279147
fin-x-bible-1992.txt.clean.txt	162	205	58730	0.0034905499744593903	7.151220870240939	8.406974541437235	0.06878841046785533
fin-x-bible-1992.txt.clean.txt	163	206	58633	0.003513379837292992	7.15416514582439	8.415891885064784	0.06925588302195917
fin-x-bible-1992.txt.clean.txt	164	207	58537	0.0035362249517399253	7.151755489560645	8.437700638595102	0.07041429600535298
fin-x-bible-1992.txt.clean.txt	165	208	58441	0.0035591451207200426	7.156043573744093	8.444025242884054	0.07069676074659514
fin-x-bible-1992.txt.clean.txt	166	209	58346	0.003582079319919103	7.1636048238097825	8.447888502048468	0.07055001576451692
fin-x-bible-1992.txt.clean.txt	167	210	58252	0.003605026436860537	7.171528811185748	8.451845795541907	0.07035253223889726
fin-x-bible-1992.txt.clean.txt	168	211	58158	0.003628047732040304	7.180045646053881	8.455474066032021	0.07007467841426573
fin-x-bible-1992.txt.clean.txt	169	212	58065	0.0036510806854387324	7.18370695211324	8.462434453305756	0.07042172673097469
fin-x-bible-1992.txt.clean.txt	170	213	57972	0.0036741875388118404	7.18964044372272	8.467249012171283	0.07047054165780098
fin-x-bible-1992.txt.clean.txt	171	214	57880	0.0036973047684865238	7.19937744794208	8.470162215139785	0.07002413617616843
fin-x-bible-1992.txt.clean.txt	172	215	57788	0.0037204956046237975	7.208347665559446	8.473501427497247	0.06967368966024368
fin-x-bible-1992.txt.clean.txt	173	216	57696	0.0037437603993344427	7.212817320764316	8.479145678568859	0.06990045713079973
fin-x-bible-1992.txt.clean.txt	174	217	57605	0.003767034111622255	7.220841071622566	8.482527666712848	0.06966521828286876
fin-x-bible-1992.txt.clean.txt	175	218	57514	0.00379038147233717	7.227187181849738	8.48670899458383	0.06964267585691253
fin-x-bible-1992.txt.clean.txt	176	219	57423	0.0038138028316179926	7.232932632637605	8.492051529441728	0.06969379647439045
fin-x-bible-1992.txt.clean.txt	177	220	57332	0.003837298541826554	7.236420291706068	8.503013279861811	0.0700313880710901
fin-x-bible-1992.txt.clean.txt	178	221	57241	0.0038608689575653815	7.245993634761933	8.505677535531172	0.0695834238418932
fin-x-bible-1992.txt.clean.txt	179	222	57150	0.003884514435695538	7.253827043902607	8.509321244809149	0.0693559121962325
fin-x-bible-1992.txt.clean.txt	180	223	57060	0.003908166841920785	7.251830339469602	8.528252652188494	0.07038541290041578
fin-x-bible-1992.txt.clean.txt	181	224	56970	0.0039318939792873445	7.258018306129056	8.532144081382727	0.07036142476071416
fin-x-bible-1992.txt.clean.txt	182	225	56883	0.003955487579769	7.266263235452801	8.535329673949127	0.07007080725266102
fin-x-bible-1992.txt.clean.txt	183	226	56797	0.003979083402292374	7.271535613830796	8.541001534165868	0.07015739041539126
fin-x-bible-1992.txt.clean.txt	184	227	56713	0.004002609630948812	7.279908138299232	8.544329572346347	0.0698443700795236
fin-x-bible-1992.txt.clean.txt	185	228	56630	0.004026134557654953	7.2862231260974415	8.548524386769042	0.0697912120658819
fin-x-bible-1992.txt.clean.txt	186	229	56547	0.004049728544396697	7.296549829037097	8.55105869597791	0.06922309634095913
fin-x-bible-1992.txt.clean.txt	187	230	56465	0.004073319755600814	7.303757922947675	8.554749290082647	0.06905013255755654
fin-x-bible-1992.txt.clean.txt	188	231	56383	0.004096979586045439	7.309787611571952	8.559112748017316	0.06902429343900207
fin-x-bible-1992.txt.clean.txt	189	232	56302	0.004120635146175979	7.317080612134934	8.56264324916356	0.06883452420259473
fin-x-bible-1992.txt.clean.txt	190	233	56222	0.004144285155277294	7.325491048533738	8.56571239067815	0.06849978957920799
fin-x-bible-1992.txt.clean.txt	191	234	56142	0.004168002564924655	7.328133897931879	8.572683405620873	0.06889525974600919
fin-x-bible-1992.txt.clean.txt	192	235	56063	0.004191712894422346	7.335497453192399	8.576256189978515	0.06868765687205713
fin-x-bible-1992.txt.clean.txt	193	236	55984	0.004215490140040011	7.343639457257428	8.579405852439704	0.06837853607338595
fin-x-bible-1992.txt.clean.txt	194	237	55906	0.004239258755768612	7.35016073224486	8.583405402128545	0.06827228364018789
fin-x-bible-1992.txt.clean.txt	195	238	55828	0.004263093788063338	7.35332229449507	8.597069227735307	0.06858872301391628
fin-x-bible-1992.txt.clean.txt	196	239	55751	0.004286918620293807	7.3597872702148415	8.600829827343786	0.06848356653973176
fin-x-bible-1992.txt.clean.txt	197	240	55675	0.004310731926358329	7.363003810354995	8.611158378093094	0.06878643111055549
fin-x-bible-1992.txt.clean.txt	198	241	55599	0.0043346103347182505	7.366113293535143	8.618022604713076	0.06909941735079617
fin-x-bible-1992.txt.clean.txt	199	242	55523	0.0043585541127100485	7.374926429762071	8.620800882041596	0.06868874877800368
fin-x-bible-1992.txt.clean.txt	200	243	55448	0.004382484489972587	7.380266276912092	8.625590651451056	0.06871408332322326
fin-x-bible-1992.txt.clean.txt	201	244	55373	0.004406479692268795	7.3842347610765255	8.633057101703201	0.06890942837028835
fin-x-bible-1992.txt.clean.txt	202	245	55298	0.00443053998336287	7.391026542957718	8.636407430883375	0.0687459098220401
fin-x-bible-1992.txt.clean.txt	203	246	55225	0.004454504300588502	7.396951958959831	8.640294146993861	0.06868889518711763
fin-x-bible-1992.txt.clean.txt	204	247	55152	0.004478532056861039	7.399699999694364	8.650314933276746	0.0690289232875474
fin-x-bible-1992.txt.clean.txt	205	248	55079	0.0045026235044209224	7.407628631167575	8.653287033764643	0.06871438142726904
fin-x-bible-1992.txt.clean.txt	206	249	55007	0.004526696602250623	7.412889888920423	8.658351567489381	0.06873265205420775
fin-x-bible-1992.txt.clean.txt	207	250	54935	0.00455083280240284	7.411331667986055	8.67502813238543	0.06960427207947584
fin-x-bible-1992.txt.clean.txt	208	251	54863	0.004575032353316443	7.41600791781862	8.680243944427406	0.06968984518146726
fin-x-bible-1992.txt.clean.txt	209	252	54791	0.00459929550473618	7.422769739613111	8.683413226553492	0.06951118541713686
fin-x-bible-1992.txt.clean.txt	210	253	54720	0.004623538011695906	7.428744458126703	8.687775081723808	0.06942873138775274
fin-x-bible-1992.txt.clean.txt	211	254	54649	0.004647843510402752	7.433227748459194	8.695037972589635	0.06953046215889691
fin-x-bible-1992.txt.clean.txt	212	255	54578	0.004672212246692807	7.44034805044291	8.698211795643886	0.0692995863632504
fin-x-bible-1992.txt.clean.txt	213	256	54507	0.00469664446768305	7.4399329676964925	8.710051968195456	0.07000837903793844
fin-x-bible-1992.txt.clean.txt	214	257	54437	0.004721053695097084	7.445426275913697	8.713689134463076	0.06997558651892954
fin-x-bible-1992.txt.clean.txt	215	258	54367	0.004745525778505343	7.447373456999819	8.720615317202277	0.07038294888485785
fin-x-bible-1992.txt.clean.txt	216	259	54297	0.004770060961010738	7.451852197938857	8.724854330279777	0.07047144817164253
fin-x-bible-1992.txt.clean.txt	217	260	54227	0.004794659486971435	7.458267097791276	8.72797240883878	0.07031598754685242
fin-x-bible-1992.txt.clean.txt	218	261	54158	0.004819232615680047	7.4635824585599	8.731879366994614	0.07029523492815004
fin-x-bible-1992.txt.clean.txt	219	262	54090	0.004843778887040118	7.463097192806622	8.751452675750812	0.07099412151229667
fin-x-bible-1992.txt.clean.txt	220	263	54023	0.004868296836532588	7.470545166618388	8.754184329339312	0.07070276780136464
fin-x-bible-1992.txt.clean.txt	221	264	53956	0.004892875676477129	7.4787344685770965	8.756677730658012	0.07031724731389333
fin-x-bible-1992.txt.clean.txt	222	265	53889	0.004917515633988383	7.485400933821216	8.759809523746846	0.0701190354280482
fin-x-bible-1992.txt.clean.txt	223	266	53823	0.004942125113798933	7.492599225281454	8.762634114198121	0.06985269786939818
fin-x-bible-1992.txt.clean.txt	224	267	53757	0.004966795022043641	7.497387141658213	8.767781395651003	0.06988339403982569
fin-x-bible-1992.txt.clean.txt	225	268	53691	0.004991525581568606	7.504374491299122	8.770544342574414	0.06963903893142687
fin-x-bible-1992.txt.clean.txt	226	269	53625	0.0050163170163170165	7.505782629262477	8.777799655091599	0.07008392133726915
fin-x-bible-1992.txt.clean.txt	227	270	53559	0.00504116955133591	7.511864494885999	8.780862254680951	0.0699472577250766
fin-x-bible-1992.txt.clean.txt	228	271	53494	0.005065988709014095	7.518030135440331	8.783931693150384	0.06979813203482343
fin-x-bible-1992.txt.clean.txt	229	272	53430	0.005090772973984653	7.526178176580541	8.786389622913056	0.06940182300522602
fin-x-bible-1992.txt.clean.txt	230	273	53366	0.005115616684780572	7.529411729416862	8.793841712661049	0.06961106106280102
fin-x-bible-1992.txt.clean.txt	231	274	53302	0.005140520055532625	7.536169438090187	8.796596765410463	0.06938261532114487
fin-x-bible-1992.txt.clean.txt	232	275	53238	0.005165483301401255	7.541702488028833	8.800334014989065	0.06930339063117152
fin-x-bible-1992.txt.clean.txt	233	276	53175	0.0051904090267983075	7.546269485794655	8.804100759786333	0.0693412191059628
fin-x-bible-1992.txt.clean.txt	234	277	53112	0.005215393884621178	7.5515135986987465	8.808236281293855	0.06929337361778742
fin-x-bible-1992.txt.clean.txt	235	278	53050	0.005240339302544769	7.553884237105724	8.816545610517515	0.06959735642325993
fin-x-bible-1992.txt.clean.txt	236	279	52988	0.005265343096550162	7.560265081753321	8.819381280286313	0.06940519576620052
fin-x-bible-1992.txt.clean.txt	237	280	52927	0.005290305515143499	7.563177619954113	8.824993475498898	0.0696378014900999
fin-x-bible-1992.txt.clean.txt	238	281	52866	0.005315325540044641	7.570557470727098	8.827536557257801	0.06931882191767325
fin-x-bible-1992.txt.clean.txt	239	282	52805	0.005340403370892908	7.5728723712704324	8.833618323674747	0.06962041967600052
fin-x-bible-1992.txt.clean.txt	240	283	52744	0.005365539208251176	7.579457986941175	8.836370920145187	0.06939520837330904
fin-x-bible-1992.txt.clean.txt	241	284	52684	0.005390630931592135	7.584078241219707	8.840261742291661	0.06940937798317282
fin-x-bible-1992.txt.clean.txt	242	285	52624	0.005415779872301611	7.5913010519047965	8.842787146360667	0.06910234533886006
fin-x-bible-1992.txt.clean.txt	243	286	52564	0.005440986226314588	7.5937790962630345	8.848359915236227	0.06937514295891511
fin-x-bible-1992.txt.clean.txt	244	287	52505	0.005466146081325588	7.595561794732679	8.854608003373732	0.06973075591136169
fin-x-bible-1992.txt.clean.txt	245	288	52446	0.005491362544331312	7.601714029323222	8.857420428691391	0.06954910504304246
fin-x-bible-1992.txt.clean.txt	246	289	52387	0.005516635806593239	7.606993715616474	8.86060891172684	0.06947243179224549
fin-x-bible-1992.txt.clean.txt	247	290	52328	0.005541966060235438	7.613376109170852	8.863497870772248	0.06925908034059192
fin-x-bible-1992.txt.clean.txt	248	291	52270	0.005567246986799311	7.619432201707179	8.866421801335072	0.06908390384845964
fin-x-bible-1992.txt.clean.txt	249	292	52212	0.005592584080288056	7.622242743516729	8.871402492397571	0.06930329353000297
fin-x-bible-1992.txt.clean.txt	250	293	52154	0.0056179775280898875	7.6266440308716135	8.87497479871753	0.0693263794939879
fin-x-bible-1992.txt.clean.txt	251	294	52096	0.005643427518427518	7.632830672117917	8.877878843398452	0.06912979554303866
fin-x-bible-1992.txt.clean.txt	252	295	52039	0.005668825304098849	7.639322417909289	8.880511991286795	0.06889436588481679
fin-x-bible-1992.txt.clean.txt	253	296	51982	0.0056942787888115114	7.645921856563129	8.883105501563923	0.06864421831363265
fin-x-bible-1992.txt.clean.txt	254	297	51926	0.0057196780033124065	7.6471742960621025	8.889989428420005	0.06904343700289262
fin-x-bible-1992.txt.clean.txt	255	298	51870	0.005745132060921534	7.654442880294972	8.892402715020385	0.0687083661517911
fin-x-bible-1992.txt.clean.txt	256	299	51815	0.005770529769371803	7.6602708245717555	8.895299641775429	0.06854702515382416
fin-x-bible-1992.txt.clean.txt	257	300	51760	0.005795981452859351	7.6652260038781055	8.898617568473531	0.06849010870402505
fin-x-bible-1992.txt.clean.txt	258	301	51706	0.005821374695393185	7.670928680093185	8.901562843568621	0.06834065924307553
fin-x-bible-1992.txt.clean.txt	259	302	51652	0.005846821033067451	7.67776255668697	8.904155137739501	0.06805227472764819
fin-x-bible-1992.txt.clean.txt	260	303	51598	0.0058723206325826584	7.6804594752400295	8.909164430865054	0.06826430078524726
fin-x-bible-1992.txt.clean.txt	261	304	51544	0.005897873661337886	7.685859636864212	8.912130943061197	0.06814655871590036
fin-x-bible-1992.txt.clean.txt	262	305	51490	0.005923480287434453	7.690803036716051	8.915768681390698	0.06808253652509666
fin-x-bible-1992.txt.clean.txt	263	306	51437	0.005949025020899353	7.693684711863867	8.92307820440269	0.06826651982050613
fin-x-bible-1992.txt.clean.txt	264	307	51384	0.00597462245056827	7.695887963196549	8.931782968644708	0.06853066840438349
fin-x-bible-1992.txt.clean.txt	265	308	51331	0.006000272739669985	7.698793129520113	8.938054694907354	0.068707884058543
fin-x-bible-1992.txt.clean.txt	266	309	51278	0.006025976052108116	7.70015127910545	8.944671173651948	0.0690702173087836
fin-x-bible-1992.txt.clean.txt	267	310	51226	0.006051614414555108	7.7063127723878475	8.94739025449093	0.06885005649785292
fin-x-bible-1992.txt.clean.txt	268	311	51174	0.006077304881385078	7.7098797645194495	8.951404014567078	0.06894177141944358
fin-x-bible-1992.txt.clean.txt	269	312	51122	0.006103047611595791	7.715190584361885	8.954331397146731	0.06882123757398773
fin-x-bible-1992.txt.clean.txt	270	313	51070	0.0061288427648325825	7.720234362806158	8.957422367783863	0.06873138585653338
fin-x-bible-1992.txt.clean.txt	271	314	51018	0.006154690501391666	7.725107342552452	8.960477804769841	0.06866057214433552
fin-x-bible-1992.txt.clean.txt	272	315	50966	0.006180590982223443	7.728450523467526	8.964447081897546	0.06877252548137291
fin-x-bible-1992.txt.clean.txt	273	316	50914	0.006206544368935853	7.735150432439603	8.966780333623637	0.06847848383549004
fin-x-bible-1992.txt.clean.txt	274	317	50863	0.006232428287753377	7.7380617498503295	8.972230392779842	0.06863914414425498
fin-x-bible-1992.txt.clean.txt	275	318	50813	0.00625824100131856	7.742183841959207	8.975732488469067	0.06865236962856125
fin-x-bible-1992.txt.clean.txt	276	319	50763	0.006284104564348049	7.7444746187650235	8.982240646157267	0.06888416165042288
fin-x-bible-1992.txt.clean.txt	277	320	50713	0.00631001912724548	7.7503190667002775	8.984838036768242	0.06868709049988742
fin-x-bible-1992.txt.clean.txt	278	321	50663	0.006335984841008231	7.752159269072283	8.993654101196714	0.06896956479823535
fin-x-bible-1992.txt.clean.txt	279	322	50614	0.006361876160746039	7.755327107053153	8.998442832000977	0.06909080710834403
fin-x-bible-1992.txt.clean.txt	280	323	50565	0.0063878176604370614	7.761759160436008	9.000885150149973	0.06881875591283926
fin-x-bible-1992.txt.clean.txt	281	324	50517	0.006413682522715126	7.764369356805827	9.00615136689505	0.06900371659918914
fin-x-bible-1992.txt.clean.txt	282	325	50469	0.006439596584041689	7.767529655044346	9.011055982610227	0.06912102102279494
fin-x-bible-1992.txt.clean.txt	283	326	50421	0.006465559984926915	7.773656142418179	9.013592167472645	0.06888139141546434
fin-x-bible-1992.txt.clean.txt	284	327	50373	0.006491572866416532	7.778581997336217	9.016461349640952	0.06878423666731193
fin-x-bible-1992.txt.clean.txt	285	328	50326	0.006517505861781187	7.77915754277071	9.026700064243325	0.06920620554054269
fin-x-bible-1992.txt.clean.txt	286	329	50279	0.006543487340639233	7.784273138287422	9.029631287297164	0.06908329583155959
fin-x-bible-1992.txt.clean.txt	287	330	50232	0.006569517439082656	7.789809088270519	9.032259412768852	0.06890878825986824
fin-x-bible-1992.txt.clean.txt	288	331	50185	0.006595596293713261	7.792499923489472	9.036522873613329	0.06907287958782826
fin-x-bible-1992.txt.clean.txt	289	332	50139	0.006621591974311414	7.795191464681001	9.043704793603457	0.06923525213452875
fin-x-bible-1992.txt.clean.txt	290	333	50093	0.006647635398159424	7.799799460318718	9.046716899725793	0.0691672915773961
fin-x-bible-1992.txt.clean.txt	291	334	50047	0.006673726696904909	7.800730811286482	9.05590791542545	0.06953650329853567
fin-x-bible-1992.txt.clean.txt	292	335	50001	0.006699866002679946	7.801359549425932	9.062830636299338	0.06993997698886056
fin-x-bible-1992.txt.clean.txt	293	336	49955	0.006726053448103293	7.8067375185509	9.065444906970093	0.0697757097030739
fin-x-bible-1992.txt.clean.txt	294	337	49909	0.006752289166282634	7.811078988284587	9.068783132339984	0.0697336373637032
fin-x-bible-1992.txt.clean.txt	295	338	49863	0.006778573290816838	7.8138796338867955	9.072735771714505	0.06987361345292264
fin-x-bible-1992.txt.clean.txt	296	339	49817	0.006804905955798222	7.819391309425652	9.075192200304611	0.06968950567693621
fin-x-bible-1992.txt.clean.txt	297	340	49771	0.006831287295814832	7.8258936305779265	9.077379872856632	0.06938639313964001
fin-x-bible-1992.txt.clean.txt	298	341	49725	0.00685771744595274	7.828725840407943	9.084594330669315	0.06951841625875987
fin-x-bible-1992.txt.clean.txt	299	342	49679	0.006884196541798345	7.833683459136597	9.08717081280208	0.06939644698172986
fin-x-bible-1992.txt.clean.txt	300	343	49633	0.0069107247194406946	7.838387757635142	9.090093772608492	0.06930331513027621
fin-x-bible-1992.txt.clean.txt	301	344	49587	0.006937302115473814	7.8432719682492165	9.09266134191466	0.06918757046264834
fin-x-bible-1992.txt.clean.txt	302	345	49542	0.006963788300835654	7.84338443292019	9.10151050451447	0.06963660789827464
fin-x-bible-1992.txt.clean.txt	303	346	49497	0.006990322645816918	7.849312078499896	9.103761625585635	0.06939442182158018
fin-x-bible-1992.txt.clean.txt	304	347	49452	0.007016905281889509	7.854402110606035	9.106280024633307	0.06925040363374768
fin-x-bible-1992.txt.clean.txt	305	348	49407	0.007043536341004311	7.856254124633413	9.112684586391063	0.06948872410478435
fin-x-bible-1992.txt.clean.txt	306	349	49363	0.007070072726536069	7.860566609086687	9.115489601306743	0.06943421787335047
fin-x-bible-1992.txt.clean.txt	307	350	49319	0.007096656460998804	7.865763315159533	9.117977292670961	0.0692738341198369
fin-x-bible-1992.txt.clean.txt	308	351	49275	0.007123287671232876	7.86966372003992	9.121176990262107	0.06926562213443765
fin-x-bible-1992.txt.clean.txt	309	352	49231	0.0071499664845321035	7.873634901413975	9.124180161456394	0.06924776316327574
fin-x-bible-1992.txt.clean.txt	310	353	49187	0.007176693028645781	7.878765773768146	9.12663387191376	0.06909161877642511
fin-x-bible-1992.txt.clean.txt	311	354	49143	0.007203467431780721	7.88267163471809	9.12958864030167	0.0690790226239546
fin-x-bible-1992.txt.clean.txt	312	355	49099	0.007230289822603312	7.885974471999168	9.134028964621836	0.06913635468435608
fin-x-bible-1992.txt.clean.txt	313	356	49055	0.007257160330241565	7.888872525591649	9.138159407678451	0.06924013245044158
fin-x-bible-1992.txt.clean.txt	314	357	49012	0.007283930466008325	7.893873834691401	9.140640589022054	0.06909452970415886
fin-x-bible-1992.txt.clean.txt	315	358	48969	0.007310747615838592	7.897906561442431	9.143449843401719	0.06906199182118045
fin-x-bible-1992.txt.clean.txt	316	359	48926	0.007337611903691289	7.903579881479981	9.145645185634404	0.06883496272489364
fin-x-bible-1992.txt.clean.txt	317	360	48883	0.0073645234539615	7.90782749870007	9.14831150658985	0.06877481169357835
fin-x-bible-1992.txt.clean.txt	318	361	48840	0.007391482391482391	7.914062491685051	9.15034933586011	0.06847957425837625
fin-x-bible-1992.txt.clean.txt	319	362	48798	0.007418336817082667	7.918014801317398	9.153339450460862	0.06845195707018503
fin-x-bible-1992.txt.clean.txt	320	363	48756	0.007445237509229634	7.919287949313819	9.167577283288898	0.06873821344552855
fin-x-bible-1992.txt.clean.txt	321	364	48714	0.007472184587592889	7.923651154644949	9.170182880199551	0.06865980083648393
fin-x-bible-1992.txt.clean.txt	322	365	48672	0.007499178172255095	7.927132232508463	9.173345034768056	0.06868390624581389
fin-x-bible-1992.txt.clean.txt	323	366	48631	0.007526063621969526	7.926214510830226	9.1851114170986	0.06922335669978252
fin-x-bible-1992.txt.clean.txt	324	367	48590	0.007552994443301091	7.927564275058401	9.191284450045613	0.06949498314405422
fin-x-bible-1992.txt.clean.txt	325	368	48549	0.007579970751199819	7.931504135604115	9.194654989197707	0.06946131482415863
fin-x-bible-1992.txt.clean.txt	326	369	48508	0.00760699266100437	7.936172804686762	9.197060688600363	0.06934104905277372
fin-x-bible-1992.txt.clean.txt	327	370	48467	0.007634060288443684	7.939265501165988	9.200416511678796	0.0694044642231354
fin-x-bible-1992.txt.clean.txt	328	371	48426	0.007661173749638624	7.943226014522619	9.203370675166344	0.06936499831275289
fin-x-bible-1992.txt.clean.txt	329	372	48385	0.007688333161103648	7.94515498641535	9.207869915519096	0.06956233486605035
fin-x-bible-1992.txt.clean.txt	330	373	48344	0.0077155386397484696	7.948804158270491	9.21087784310456	0.06955699972647333
fin-x-bible-1992.txt.clean.txt	331	374	48303	0.007742790302879738	7.95013415087622	9.216848178975402	0.0698218881503847
fin-x-bible-1992.txt.clean.txt	332	375	48262	0.007770088268202727	7.9544999681468695	9.219352172966053	0.06973037936939097
fin-x-bible-1992.txt.clean.txt	333	376	48221	0.0077974326538230235	7.957530911931094	9.223291788972702	0.06979387906286749
fin-x-bible-1992.txt.clean.txt	334	377	48180	0.007824823578248236	7.9623962454159045	9.225455274203588	0.06964187527363597
fin-x-bible-1992.txt.clean.txt	335	378	48139	0.007852261160389704	7.961231053196815	9.239844677324218	0.07019322056615707
fin-x-bible-1992.txt.clean.txt	336	379	48098	0.007879745519564224	7.96575147329941	9.242276751774394	0.070079240942992
fin-x-bible-1992.txt.clean.txt	337	380	48057	0.007907276775495766	7.970549771757974	9.244430464419844	0.06993184762534088
fin-x-bible-1992.txt.clean.txt	338	381	48017	0.007934689797363434	7.97311989572799	9.24785829932637	0.07004338744441707
fin-x-bible-1992.txt.clean.txt	339	382	47977	0.007962148529503721	7.977488794750038	9.250241073558318	0.06994404096071027
fin-x-bible-1992.txt.clean.txt	340	383	47937	0.007989653086342492	7.981610411075908	9.252765314604982	0.06987252717434411
fin-x-bible-1992.txt.clean.txt	341	384	47897	0.008017203582687852	7.983504070328822	9.256704849168486	0.07005952912919655
fin-x-bible-1992.txt.clean.txt	342	385	47857	0.008044800133731742	7.987857012963012	9.259007376564817	0.06995896919545486
fin-x-bible-1992.txt.clean.txt	343	386	47817	0.008072442855051551	7.9931211604909915	9.261019072304597	0.06975139639076311
fin-x-bible-1992.txt.clean.txt	344	387	47777	0.008100131862611716	7.998746186652465	9.262873221105933	0.06950097501801922
fin-x-bible-1992.txt.clean.txt	345	388	47737	0.00812786727276536	8.002083732887236	9.265571464284918	0.06951571722532146
fin-x-bible-1992.txt.clean.txt	346	389	47697	0.008155649202255907	8.008495785568382	9.267218717445838	0.06917206019350508
fin-x-bible-1992.txt.clean.txt	347	390	47658	0.008183306055646482	8.010583380450585	9.271670868969206	0.0693300839571317
fin-x-bible-1992.txt.clean.txt	348	391	47619	0.008211008211008211	8.015264632195334	9.273789951074058	0.0691857449183414
fin-x-bible-1992.txt.clean.txt	349	392	47580	0.008238755779739386	8.018159369745495	9.278337110666108	0.06924788938506399
fin-x-bible-1992.txt.clean.txt	350	393	47541	0.008266548873603837	8.021010791243288	9.281584929089988	0.06931399284225159
