file	merge	types	tokens	TTR	H	Hcross	R
kat-x-bible.txt.clean.txt	0	63	102696	0.0006134610890394952	4.8370730560369495	8.08733636341888	0.19075681280714296
kat-x-bible.txt.clean.txt	1	64	99681	0.0006420481335460118	4.912288566827781	8.027678878577937	0.1812852388620364
kat-x-bible.txt.clean.txt	2	65	97793	0.0006646692503553424	5.00089812057783	7.976556989389504	0.16961263811234417
kat-x-bible.txt.clean.txt	3	66	96209	0.0006860065066677754	5.0718102853364275	7.934775191117085	0.16090675340099347
kat-x-bible.txt.clean.txt	4	67	94667	0.0007077439868169479	5.12248129062085	7.900021571445402	0.15555457069791512
kat-x-bible.txt.clean.txt	5	68	93560	0.0007268063274903805	5.1783505020723934	7.870445828331425	0.1493417476025558
kat-x-bible.txt.clean.txt	6	69	92541	0.0007456154569326028	5.209403689102369	7.85176565999619	0.14719115459677234
kat-x-bible.txt.clean.txt	7	70	91536	0.0007647264464254501	5.257095503145764	7.827509948332767	0.14229845666906882
kat-x-bible.txt.clean.txt	8	71	90535	0.0007842270944938422	5.306567749548409	7.8034984736795545	0.1371079742908493
kat-x-bible.txt.clean.txt	9	72	89564	0.0008038944218659282	5.349064662218234	7.782781756904095	0.13304219079359791
kat-x-bible.txt.clean.txt	10	73	88643	0.000823528084563925	5.379527198139253	7.7675466096685355	0.1309079688823005
kat-x-bible.txt.clean.txt	11	74	87765	0.0008431607132683872	5.421780125836258	7.74952010957045	0.12685065712107324
kat-x-bible.txt.clean.txt	12	75	86965	0.0008624159144483413	5.467386514011832	7.730981412929154	0.12224343239366797
kat-x-bible.txt.clean.txt	13	76	86214	0.0008815273621453592	5.483201833240097	7.734072223415154	0.12239669531345199
kat-x-bible.txt.clean.txt	14	77	85489	0.0009007006749406357	5.509228102942172	7.731881004395691	0.12088467236490963
kat-x-bible.txt.clean.txt	15	78	84787	0.000919952351185913	5.5492747625727965	7.716958566558916	0.11711700073550779
kat-x-bible.txt.clean.txt	16	79	84105	0.0009393020628975685	5.59147641210803	7.702077852120388	0.11299636908771837
kat-x-bible.txt.clean.txt	17	80	83489	0.0009582100636011929	5.617876539318743	7.694153455329541	0.11136658706036162
kat-x-bible.txt.clean.txt	18	81	82876	0.000977363772382837	5.652035725524321	7.683908894041421	0.10849062312946656
kat-x-bible.txt.clean.txt	19	82	82266	0.0009967665864391122	5.6753634584639725	7.682855326379861	0.10730365172924639
kat-x-bible.txt.clean.txt	20	83	81748	0.0010153153593971719	5.704376097564101	7.676264400396823	0.10520144087032346
kat-x-bible.txt.clean.txt	21	84	81242	0.001033947957952783	5.736754847197534	7.669024131316232	0.10255475944375925
kat-x-bible.txt.clean.txt	22	85	80741	0.0010527489131915632	5.756796242626071	7.6674239797747745	0.10181851910953721
kat-x-bible.txt.clean.txt	23	86	80248	0.0010716777988236466	5.7751860426079	7.666365949054908	0.10131526430152193
kat-x-bible.txt.clean.txt	24	87	79770	0.0010906355772846935	5.7813375044886595	7.6849348101215105	0.10268691503911986
kat-x-bible.txt.clean.txt	25	88	79305	0.001109639997478091	5.8057483433968535	7.68086699140604	0.10119826539449406
kat-x-bible.txt.clean.txt	26	89	78864	0.00112852505579225	5.818400460637549	7.68619311600481	0.10150710762514392
kat-x-bible.txt.clean.txt	27	90	78432	0.0011474908200734394	5.84904532865473	7.680832067948051	0.09901760839880547
kat-x-bible.txt.clean.txt	28	91	78032	0.0011661882304695509	5.877702380109823	7.677031459418795	0.09682116522189999
kat-x-bible.txt.clean.txt	29	92	77633	0.0011850630530830962	5.903806061472834	7.6739437197973706	0.09500268392618638
kat-x-bible.txt.clean.txt	30	93	77247	0.0012039302497184356	5.928879214914757	7.672065427226954	0.09332692687576194
kat-x-bible.txt.clean.txt	31	94	76873	0.0012227960402221847	5.945322108766485	7.678663681985692	0.09295270179382986
kat-x-bible.txt.clean.txt	32	95	76512	0.0012416352990380593	5.960600656330899	7.681317895547781	0.0927349074806878
kat-x-bible.txt.clean.txt	33	96	76161	0.0012604876511600426	5.977731177184625	7.683193914793429	0.09221484913088418
kat-x-bible.txt.clean.txt	34	97	75813	0.001279463944178439	5.989191311259503	7.68909121136235	0.09253478728140885
kat-x-bible.txt.clean.txt	35	98	75467	0.0012985808366570819	6.0092701724787085	7.689789082825409	0.09152928637907387
kat-x-bible.txt.clean.txt	36	99	75124	0.001317821202278899	6.0246143325056245	7.692508682626024	0.09122186695195811
kat-x-bible.txt.clean.txt	37	100	74785	0.0013371665440930667	6.034928766003622	7.699327963298636	0.09165270986874707
kat-x-bible.txt.clean.txt	38	101	74450	0.0013566151779717932	6.06034313561047	7.697748985185351	0.08979413596130315
kat-x-bible.txt.clean.txt	39	102	74118	0.0013761839229337004	6.071005892214541	7.706579222181659	0.09013505868306249
kat-x-bible.txt.clean.txt	40	103	73786	0.0013959287669747648	6.081427226862527	7.712511348734166	0.09049177486202753
kat-x-bible.txt.clean.txt	41	104	73454	0.0014158520979116183	6.0942496849362415	7.717400955173133	0.09047018683917452
kat-x-bible.txt.clean.txt	42	105	73130	0.0014357992615889512	6.099036128078897	7.733198585290567	0.09162747891308465
kat-x-bible.txt.clean.txt	43	106	72818	0.0014556840341673762	6.1099662951844325	7.73915149117764	0.09184920712902311
kat-x-bible.txt.clean.txt	44	107	72511	0.001475638179034905	6.1247291923795295	7.742015815965853	0.09148421185859068
kat-x-bible.txt.clean.txt	45	108	72210	0.0014956377233070212	6.116579060304644	7.79323759117777	0.09449579162560229
kat-x-bible.txt.clean.txt	46	109	71910	0.0015157836184119039	6.139646402714255	7.791998080658078	0.09286654912185588
kat-x-bible.txt.clean.txt	47	110	71616	0.0015359696157283289	6.158603986940542	7.7935801710184185	0.09183346008649296
kat-x-bible.txt.clean.txt	48	111	71335	0.001556038410317516	6.169692113045118	7.799148875207445	0.09194664642165684
kat-x-bible.txt.clean.txt	49	112	71060	0.0015761328454826906	6.181181556378954	7.806596651000782	0.09198482712421596
kat-x-bible.txt.clean.txt	50	113	70794	0.0015961804672712378	6.190310604767388	7.817282683690683	0.0923536407356601
kat-x-bible.txt.clean.txt	51	114	70530	0.0016163334751169716	6.18407922513996	7.857837183001856	0.09495408058373278
kat-x-bible.txt.clean.txt	52	115	70286	0.0016361722106820705	6.203136740622044	7.858802696274518	0.09383598625400302
kat-x-bible.txt.clean.txt	53	116	70044	0.001656101878819028	6.22073064543898	7.860968742462616	0.0929209850743743
kat-x-bible.txt.clean.txt	54	117	69807	0.0016760496798315355	6.234151589400487	7.864452332247952	0.09260252637963229
kat-x-bible.txt.clean.txt	55	118	69572	0.0016960846317484045	6.249131820410035	7.86763105802644	0.0920447601899892
kat-x-bible.txt.clean.txt	56	119	69339	0.0017162058870188494	6.257201601784238	7.876780430544499	0.09247759453729132
kat-x-bible.txt.clean.txt	57	120	69111	0.001736337196683596	6.260304253288107	7.916318274354484	0.093614678467836
kat-x-bible.txt.clean.txt	58	121	68884	0.001756576273154869	6.273441341980606	7.919339727144378	0.09328438403245942
kat-x-bible.txt.clean.txt	59	122	68662	0.0017768197838688067	6.285958888662898	7.9228999614773326	0.09303172483617994
kat-x-bible.txt.clean.txt	60	123	68443	0.0017971158482240697	6.291979860034982	7.936529000150954	0.0937030300482562
kat-x-bible.txt.clean.txt	61	124	68224	0.0018175422138836774	6.304137426735894	7.93992575076294	0.09347721212299476
kat-x-bible.txt.clean.txt	62	125	68006	0.001838073111196071	6.319817153324323	7.942687809579291	0.09273430025103058
kat-x-bible.txt.clean.txt	63	126	67791	0.0018586538036022482	6.32779210381893	7.949008130422038	0.09308610616201185
kat-x-bible.txt.clean.txt	64	127	67577	0.0018793376444648326	6.32020477046841	8.025384276361835	0.09565174940128873
kat-x-bible.txt.clean.txt	65	128	67364	0.0019001246956831543	6.339237957003351	8.02555063653752	0.09439457757094982
kat-x-bible.txt.clean.txt	66	129	67159	0.0019208147828288092	6.352152917363648	8.030183414895136	0.09400270652328446
kat-x-bible.txt.clean.txt	67	130	66958	0.0019415155769288211	6.369949654723057	8.031083188424617	0.09290572292368093
kat-x-bible.txt.clean.txt	68	131	66759	0.001962282239098848	6.386588061938204	8.03244549573948	0.09196588054747368
kat-x-bible.txt.clean.txt	69	132	66564	0.0019830539030106366	6.401183608383728	8.034640107095507	0.0913081380848838
kat-x-bible.txt.clean.txt	70	133	66370	0.0020039174325749585	6.413747841081185	8.038929869748914	0.09092968287022685
kat-x-bible.txt.clean.txt	71	134	66178	0.002024842092538306	6.421019884574979	8.0451546989737	0.09129085247804558
kat-x-bible.txt.clean.txt	72	135	65986	0.002045888521807656	6.422445355491844	8.059677413089886	0.09246676454755831
kat-x-bible.txt.clean.txt	73	136	65796	0.0020669949541005533	6.43921979731107	8.060723430078328	0.09146334287163738
kat-x-bible.txt.clean.txt	74	137	65606	0.0020882236380818826	6.453923237731636	8.06301717924851	0.09074470750493402
kat-x-bible.txt.clean.txt	75	138	65423	0.002109349922810021	6.466910249141832	8.065475946864963	0.09025982980540226
kat-x-bible.txt.clean.txt	76	139	65240	0.002130594727161251	6.4797929018059515	8.068007411547327	0.08978135433182288
kat-x-bible.txt.clean.txt	77	140	65058	0.002151925973746503	6.492651486513527	8.071645468807223	0.08929811439920199
kat-x-bible.txt.clean.txt	78	141	64877	0.002173343403671563	6.497194965112845	8.080709902314235	0.08997153400544211
kat-x-bible.txt.clean.txt	79	142	64698	0.0021948128226529414	6.50798683489935	8.086615641876076	0.08975985777938833
kat-x-bible.txt.clean.txt	80	143	64530	0.0022160235549356887	6.504758652651606	8.1141326153588	0.09149782912461568
kat-x-bible.txt.clean.txt	81	144	64363	0.0022373102558923604	6.51588178190056	8.117426830663554	0.09122037112106252
kat-x-bible.txt.clean.txt	82	145	64198	0.0022586373407271253	6.531219708479922	8.119199501416654	0.09034785446477889
kat-x-bible.txt.clean.txt	83	146	64034	0.002280038729424993	6.541358049564964	8.12291700351649	0.09019225768369332
kat-x-bible.txt.clean.txt	84	147	63870	0.0023015500234852045	6.555049467309061	8.125436781857125	0.0895350297419617
kat-x-bible.txt.clean.txt	85	148	63712	0.0023229532898041186	6.566139519686655	8.129645252891834	0.08923198657602693
kat-x-bible.txt.clean.txt	86	149	63555	0.0023444260876406262	6.58086627192962	8.131721425580478	0.08841769612709893
kat-x-bible.txt.clean.txt	87	150	63399	0.002365967917475039	6.583643336065892	8.143145551844576	0.0892504546113787
kat-x-bible.txt.clean.txt	88	151	63243	0.002387616020745379	6.586250288486417	8.154307514261207	0.09009643344418317
kat-x-bible.txt.clean.txt	89	152	63090	0.0024092566175305118	6.59879569518478	8.157346988330463	0.08956102514198494
kat-x-bible.txt.clean.txt	90	153	62937	0.002431002431002431	6.613361350216909	8.159277563056946	0.08874081231916009
kat-x-bible.txt.clean.txt	91	154	62786	0.0024527760965820404	6.62855938938593	8.161037803298456	0.08782797564436773
kat-x-bible.txt.clean.txt	92	155	62638	0.0024745362240173696	6.629840332269387	8.174056113994087	0.08882257050695552
kat-x-bible.txt.clean.txt	93	156	62495	0.002496199695975678	6.6432758628981645	8.177063524864124	0.08813876525603337
kat-x-bible.txt.clean.txt	94	157	62354	0.002517881771818969	6.644505060510473	8.19805875497091	0.08912261661854526
kat-x-bible.txt.clean.txt	95	158	62213	0.0025396621284940447	6.649710145902144	8.205643949319308	0.0895523325283557
kat-x-bible.txt.clean.txt	96	159	62073	0.0025615001691556716	6.65745601204233	8.210823794890686	0.08962634124595259
kat-x-bible.txt.clean.txt	97	160	61933	0.0025834369399189445	6.664591179143805	8.225391773056323	0.0897764778928315
kat-x-bible.txt.clean.txt	98	161	61794	0.002605430947988478	6.668952372620248	8.233188205501577	0.09029764168661725
kat-x-bible.txt.clean.txt	99	162	61659	0.002627353670996935	6.674009187175109	8.240749804472314	0.09071586142057864
kat-x-bible.txt.clean.txt	100	163	61527	0.0026492434215872706	6.6785421718595135	8.248513815403824	0.0911975471545644
kat-x-bible.txt.clean.txt	101	164	61396	0.0026711837904749495	6.688185627297077	8.252104604545094	0.09097677826821582
kat-x-bible.txt.clean.txt	102	165	61269	0.002693042158350879	6.6980911456635255	8.25572049698524	0.09071434145115054
kat-x-bible.txt.clean.txt	103	166	61142	0.002714991331654182	6.7108512335599695	8.258329152380767	0.09005893513787655
kat-x-bible.txt.clean.txt	104	167	61016	0.0027369870197980857	6.719138915979727	8.262635236699943	0.09000433253694806
kat-x-bible.txt.clean.txt	105	168	60890	0.0027590737395303006	6.726908007214735	8.267598117844573	0.09001364220557229
kat-x-bible.txt.clean.txt	106	169	60765	0.002781206286513618	6.738233535858074	8.270493442865188	0.08953610258472056
kat-x-bible.txt.clean.txt	107	170	60640	0.002803430079155673	6.744264204380487	8.276218831279696	0.08976807101825368
kat-x-bible.txt.clean.txt	108	171	60515	0.00282574568288854	6.751643788559308	8.281209377624556	0.08981153574968825
kat-x-bible.txt.clean.txt	109	172	60390	0.002848153667825799	6.764761384187324	8.283439081147087	0.08907619003159417
kat-x-bible.txt.clean.txt	110	173	60267	0.0028705593442514147	6.770509651894543	8.289245128152768	0.08932774516867636
kat-x-bible.txt.clean.txt	111	174	60144	0.002893056664006385	6.782304265872147	8.292024891510039	0.08876047901546602
kat-x-bible.txt.clean.txt	112	175	60023	0.002915549039534845	6.78527675937329	8.30262500852238	0.0893726325109152
kat-x-bible.txt.clean.txt	113	176	59906	0.0029379360998898272	6.7984260693121055	8.305022371440609	0.08861339350221775
kat-x-bible.txt.clean.txt	114	177	59790	0.002960361264425489	6.806505832474003	8.309175474032575	0.08852900882018966
kat-x-bible.txt.clean.txt	115	178	59676	0.0029827736443461357	6.818494808285507	8.31195983654564	0.08791627319915396
kat-x-bible.txt.clean.txt	116	179	59563	0.003005221362255091	6.828626894869198	8.315251243423347	0.08754743594644787
kat-x-bible.txt.clean.txt	117	180	59451	0.0030277034869051825	6.837213292953637	8.319180061598379	0.08738022421939262
kat-x-bible.txt.clean.txt	118	181	59339	0.0030502704797856386	6.839421749413618	8.329045804341213	0.0880583611467296
kat-x-bible.txt.clean.txt	119	182	59229	0.0030728190582316097	6.851162908858566	8.331854969766107	0.0874600016127709
kat-x-bible.txt.clean.txt	120	183	59121	0.0030953468310752526	6.862399876098743	8.334937954744747	0.08692470112463391
kat-x-bible.txt.clean.txt	121	184	59013	0.0031179570603087456	6.869495758885238	8.341773538231415	0.08693570957373509
kat-x-bible.txt.clean.txt	122	185	58906	0.003140596883169796	6.870976123239815	8.356338482332685	0.08768714488022
kat-x-bible.txt.clean.txt	123	186	58799	0.0031633191040663956	6.880921803700098	8.359523109786487	0.0873090783600553
kat-x-bible.txt.clean.txt	124	187	58694	0.0031860156063652162	6.889691486459112	8.36321364432154	0.08708257110545436
kat-x-bible.txt.clean.txt	125	188	58590	0.00320873869260966	6.898753638188845	8.366942277476603	0.08681282679508784
kat-x-bible.txt.clean.txt	126	189	58486	0.0032315425913893923	6.902154708236156	8.380054025839774	0.08728729905176336
kat-x-bible.txt.clean.txt	127	190	58382	0.0032544277345757256	6.904108457822553	8.39340517448991	0.08794713993959302
kat-x-bible.txt.clean.txt	128	191	58279	0.0032773383208359787	6.9103539939085925	8.40110898189504	0.08803445723687231
kat-x-bible.txt.clean.txt	129	192	58177	0.0033002733038829776	6.913551211199156	8.40889553622474	0.08851873551888545
kat-x-bible.txt.clean.txt	130	193	58076	0.0033232316275225568	6.918396069762808	8.415681387694685	0.08878034662515688
kat-x-bible.txt.clean.txt	131	194	57975	0.003346269943941354	6.923427823865757	8.422955671753638	0.08901220742509064
kat-x-bible.txt.clean.txt	132	195	57875	0.003369330453563715	6.932612049550782	8.426123910271293	0.0886931730806183
kat-x-bible.txt.clean.txt	133	196	57776	0.003392412074217668	6.939086846296679	8.430626359721758	0.08872603311873584
kat-x-bible.txt.clean.txt	134	197	57677	0.003415572932017962	6.947788916737878	8.43464852317993	0.08846212525049313
kat-x-bible.txt.clean.txt	135	198	57579	0.0034387537122909395	6.952917247910722	8.44200626513917	0.08866270196212545
kat-x-bible.txt.clean.txt	136	199	57481	0.0034620135349071866	6.961607654942549	8.445723442314723	0.08839205789756965
kat-x-bible.txt.clean.txt	137	200	57384	0.0034852920674752546	6.969617265005103	8.449926087280472	0.08820664701562009
kat-x-bible.txt.clean.txt	138	201	57287	0.0035086494318082636	6.980135099308015	8.452645110216938	0.08768946008356315
kat-x-bible.txt.clean.txt	139	202	57191	0.0035320242695529016	6.9837455336015015	8.464071073370285	0.088070948506627
kat-x-bible.txt.clean.txt	140	203	57096	0.003555415440661342	6.992914556483336	8.467387552827004	0.08772236050272975
kat-x-bible.txt.clean.txt	141	204	57001	0.003578884580972264	6.999125422160352	8.473953704659163	0.08775581251053699
kat-x-bible.txt.clean.txt	142	205	56907	0.003602368777127594	7.009710121510896	8.476571948606926	0.0872155366399977
kat-x-bible.txt.clean.txt	143	206	56814	0.0036258668638011757	7.0195854419136126	8.479425924336542	0.08676446230779122
kat-x-bible.txt.clean.txt	144	207	56721	0.003649442005606389	7.030287176045922	8.4819605479305	0.08620275632064867
kat-x-bible.txt.clean.txt	145	208	56630	0.003672964859615045	7.03952084694982	8.485129989608545	0.08582871827880756
kat-x-bible.txt.clean.txt	146	209	56540	0.003696498054474708	7.044005526477448	8.496562690426936	0.08606756143518879
kat-x-bible.txt.clean.txt	147	210	56451	0.003720040389009938	7.044501639234282	8.507897001897074	0.08681910329378084
kat-x-bible.txt.clean.txt	148	211	56362	0.003743657073915049	7.0523147704752684	8.51128747458037	0.08661777318054342
kat-x-bible.txt.clean.txt	149	212	56274	0.0037672815154423003	7.059587877861571	8.514906165226913	0.08648284886356328
kat-x-bible.txt.clean.txt	150	213	56186	0.003790979959420496	7.065720639765543	8.519065528447133	0.08649180296451275
kat-x-bible.txt.clean.txt	151	214	56099	0.003814684753738926	7.073750523601735	8.522725685375015	0.08625192924962921
kat-x-bible.txt.clean.txt	152	215	56014	0.003838326132752526	7.079238048119854	8.527503054296107	0.086336880670833
kat-x-bible.txt.clean.txt	153	216	55929	0.0038620393713458133	7.082405953701086	8.534415259789464	0.08671712494536798
kat-x-bible.txt.clean.txt	154	217	55845	0.0038857552153281406	7.090623785314301	8.537848462507995	0.08644244262997314
kat-x-bible.txt.clean.txt	155	218	55762	0.003909472400559521	7.097773816339949	8.541504296856084	0.08630208558500307
kat-x-bible.txt.clean.txt	156	219	55680	0.003933189655172414	7.105637107299575	8.544900384533195	0.08606665972610239
kat-x-bible.txt.clean.txt	157	220	55600	0.003956834532374101	7.1066354221151995	8.560362373848953	0.0867103329302118
kat-x-bible.txt.clean.txt	158	221	55520	0.003980547550432276	7.11490212670889	8.563583058887424	0.08641613419661631
kat-x-bible.txt.clean.txt	159	222	55441	0.004004256777475154	7.122343362498848	8.56712075805181	0.08622487116099564
kat-x-bible.txt.clean.txt	160	223	55362	0.004028033669303855	7.132987042637335	8.56991148793073	0.08561997536845622
kat-x-bible.txt.clean.txt	161	224	55283	0.004051878515999493	7.136936972624252	8.577198322535482	0.08587004896360795
kat-x-bible.txt.clean.txt	162	225	55204	0.004075791609303674	7.144748859873248	8.580797740623186	0.08562209703233115
kat-x-bible.txt.clean.txt	163	226	55125	0.0040997732426303855	7.154229907196154	8.583536966633027	0.08515777687693249
kat-x-bible.txt.clean.txt	164	227	55046	0.004123823711078008	7.161709112978896	8.587249412868113	0.08494668823576756
kat-x-bible.txt.clean.txt	165	228	54968	0.004147867850385679	7.169508653522925	8.59059726481995	0.08469177525053706
kat-x-bible.txt.clean.txt	166	229	54891	0.004171904319469494	7.176310807587007	8.594352936104002	0.08456126392790986
kat-x-bible.txt.clean.txt	167	230	54814	0.004196008319042581	7.186193188177888	8.596982414877452	0.0840351410154585
kat-x-bible.txt.clean.txt	168	231	54737	0.004220180134095767	7.192960343943438	8.600521828600908	0.08390343272532896
kat-x-bible.txt.clean.txt	169	232	54661	0.004244342401346481	7.191177996523219	8.63271041415082	0.084856784334018
kat-x-bible.txt.clean.txt	170	233	54585	0.004268571952001466	7.20002013092464	8.635431641743738	0.08445451334860754
kat-x-bible.txt.clean.txt	171	234	54510	0.004292790313703908	7.1997303914230315	8.657354061281186	0.08521006993382019
kat-x-bible.txt.clean.txt	172	235	54435	0.004317075411040691	7.206271343604454	8.660807894320778	0.08509416122729774
kat-x-bible.txt.clean.txt	173	236	54360	0.004341427520235468	7.214492247592608	8.663602314937553	0.0847622805682322
kat-x-bible.txt.clean.txt	174	237	54287	0.004365686075856098	7.215190306282128	8.674659042025631	0.08538152673560506
kat-x-bible.txt.clean.txt	175	238	54214	0.004390009960526802	7.223446353916743	8.677536728145904	0.08503950686632378
kat-x-bible.txt.clean.txt	176	239	54141	0.004414399438503168	7.227718782788058	8.684913760042694	0.08519926250531618
kat-x-bible.txt.clean.txt	177	240	54068	0.004438854775467929	7.234885238073741	8.687926919907873	0.08498983885119249
kat-x-bible.txt.clean.txt	178	241	53996	0.004463293577302022	7.241119179667573	8.691527424135018	0.08489568449878626
kat-x-bible.txt.clean.txt	179	242	53924	0.004487797641124546	7.249877305006614	8.6941228151257	0.0844800462166111
kat-x-bible.txt.clean.txt	180	243	53853	0.004512283438248566	7.256376110110722	8.697416655812368	0.08434728180520634
kat-x-bible.txt.clean.txt	181	244	53782	0.004536833884942918	7.263294673924215	8.700516686432088	0.08415896722205363
kat-x-bible.txt.clean.txt	182	245	53711	0.004561449237586342	7.264429269450686	8.709585292302464	0.08469690500161142
kat-x-bible.txt.clean.txt	183	246	53641	0.004586044257191327	7.264070851857358	8.72111310530084	0.08541925268450035
kat-x-bible.txt.clean.txt	184	247	53572	0.004610617486746808	7.26852413376646	8.727256397780359	0.08553242169243302
kat-x-bible.txt.clean.txt	185	248	53504	0.0046351674641148324	7.276202303614441	8.73022884648107	0.08523727354919386
kat-x-bible.txt.clean.txt	186	249	53437	0.004659692722271086	7.276558237353161	8.740690016393	0.08585973980251971
kat-x-bible.txt.clean.txt	187	250	53370	0.00468427955780401	7.283491266649634	8.744032244091024	0.08565296192192784
kat-x-bible.txt.clean.txt	188	251	53304	0.004708839861924058	7.287788075732402	8.750676618392895	0.08577453959710157
kat-x-bible.txt.clean.txt	189	252	53238	0.004733461061647695	7.290534247843561	8.757846791307902	0.08608769934640281
kat-x-bible.txt.clean.txt	190	253	53172	0.004758143383735801	7.2974081979694105	8.760822630861842	0.08588073763433446
kat-x-bible.txt.clean.txt	191	254	53106	0.004782887056076526	7.2995805441851225	8.771937123548199	0.08626002522393661
kat-x-bible.txt.clean.txt	192	255	53040	0.004807692307692308	7.302267372500198	8.790101357046497	0.08657186223062385
kat-x-bible.txt.clean.txt	193	256	52974	0.0048325593687469325	7.3074578927279505	8.793742855633916	0.08656776340900618
kat-x-bible.txt.clean.txt	194	257	52909	0.004857396662193578	7.311098470077303	8.798316401024925	0.08675476533389403
kat-x-bible.txt.clean.txt	195	258	52844	0.004882295057149345	7.317348708107686	8.801343828787932	0.08661326475863507
kat-x-bible.txt.clean.txt	196	259	52779	0.0049072547793630045	7.323791708324078	8.804697180710628	0.08644544742661708
kat-x-bible.txt.clean.txt	197	260	52715	0.004932182490752158	7.329006931304301	8.809013372269924	0.08642845826616474
kat-x-bible.txt.clean.txt	198	261	52652	0.004957076654258148	7.333697266260909	8.814518376813792	0.08647444683652161
kat-x-bible.txt.clean.txt	199	262	52589	0.004982030462644279	7.340150631292806	8.817693363125798	0.08629850191032695
kat-x-bible.txt.clean.txt	200	263	52526	0.0050070441305258345	7.344121007112777	8.82236204710916	0.0864292802433988
kat-x-bible.txt.clean.txt	201	264	52464	0.005032021957913998	7.348385881632378	8.826527890020897	0.08652090230775311
kat-x-bible.txt.clean.txt	202	265	52403	0.005056962387649562	7.348548952885679	8.851816652516597	0.08711960135110242
kat-x-bible.txt.clean.txt	203	266	52342	0.005081960949142181	7.353534655530277	8.855271473044688	0.0871164711591208
kat-x-bible.txt.clean.txt	204	267	52282	0.005106920163727478	7.359353778158826	8.858395182086914	0.08700764294701524
kat-x-bible.txt.clean.txt	205	268	52222	0.005131936731645667	7.365018705030758	8.861716983300923	0.08691578643295739
kat-x-bible.txt.clean.txt	206	269	52162	0.005157010850810935	7.364826827222981	8.872058499613347	0.0875473989213792
kat-x-bible.txt.clean.txt	207	270	52103	0.005182043260464848	7.370341013065292	8.875792149129765	0.08746944578547788
kat-x-bible.txt.clean.txt	208	271	52044	0.005207132426408424	7.376438698482884	8.878942573281982	0.08731716518219146
kat-x-bible.txt.clean.txt	209	272	51985	0.005232278541887083	7.381103654101349	8.882635796133657	0.08734002257743734
kat-x-bible.txt.clean.txt	210	273	51926	0.0052574818010245345	7.386699343900617	8.885698367580801	0.08724564258195222
kat-x-bible.txt.clean.txt	211	274	51867	0.005282742398827771	7.392443764313903	8.888648434855032	0.08713083764280061
kat-x-bible.txt.clean.txt	212	275	51809	0.005307958076782027	7.400201819622932	8.89104862903484	0.08676552103446411
kat-x-bible.txt.clean.txt	213	276	51751	0.005333230275743464	7.406344817917696	8.894040852778243	0.0865977086957539
kat-x-bible.txt.clean.txt	214	277	51693	0.0053585591859632836	7.408754081657937	8.899294700940752	0.08688815468418198
kat-x-bible.txt.clean.txt	215	278	51635	0.005383944998547497	7.414378810623861	8.90236876787492	0.0867800684582749
kat-x-bible.txt.clean.txt	216	279	51578	0.005409283027647447	7.417826277647642	8.906719321825811	0.08693802161141284
kat-x-bible.txt.clean.txt	217	280	51521	0.0054346771219502725	7.42419144609156	8.909486459000945	0.08673477960893838
kat-x-bible.txt.clean.txt	218	281	51464	0.0054601274677444425	7.422808967347249	8.927252037436322	0.08748218065540858
kat-x-bible.txt.clean.txt	219	282	51408	0.005485527544351073	7.423429591922902	8.939650976091276	0.08798049541942432
kat-x-bible.txt.clean.txt	220	283	51352	0.005510983019161864	7.424893903895341	8.953026500496966	0.08837256487342571
kat-x-bible.txt.clean.txt	221	284	51296	0.005536494073611978	7.431338960125825	8.955720433444942	0.08815097558788043
kat-x-bible.txt.clean.txt	222	285	51241	0.005561952342850451	7.436091263781259	8.959292655692032	0.08813523927321398
kat-x-bible.txt.clean.txt	223	286	51186	0.005587465322549135	7.438683038604926	8.965002070136627	0.08838231246648509
kat-x-bible.txt.clean.txt	224	287	51131	0.005613033189258963	7.444102139035005	8.967864838455744	0.08828083334125103
kat-x-bible.txt.clean.txt	225	288	51076	0.00563865612029133	7.448992676450171	8.971403899877512	0.08824222068928034
kat-x-bible.txt.clean.txt	226	289	51021	0.0056643342937221924	7.454422952194054	8.974737789275054	0.08813569178358882
kat-x-bible.txt.clean.txt	227	290	50967	0.00568995624619852	7.458125996032882	8.97845727920895	0.08823852270719246
kat-x-bible.txt.clean.txt	228	291	50913	0.0057156325496435095	7.463206631503594	8.981448658188622	0.08817100825243152
kat-x-bible.txt.clean.txt	229	292	50859	0.005741363377180047	7.46593400207403	8.987445220732475	0.08838901878808769
kat-x-bible.txt.clean.txt	230	293	50805	0.005767148902667061	7.472477496557117	8.989805740132045	0.08813920543296638
kat-x-bible.txt.clean.txt	231	294	50752	0.005792875157629256	7.476698142544999	8.994343867133587	0.08817110878176104
kat-x-bible.txt.clean.txt	232	295	50699	0.005818655200299809	7.479189826646853	9.000684373827054	0.08841185052198486
kat-x-bible.txt.clean.txt	233	296	50646	0.005844489199541918	7.483655767946769	9.004810682176814	0.08840997875947798
kat-x-bible.txt.clean.txt	234	297	50593	0.0058703773249263735	7.490220605414536	9.007197560907903	0.08815076511364484
kat-x-bible.txt.clean.txt	235	298	50541	0.005896203082645773	7.496535480192451	9.009626654058614	0.0879204555145291
kat-x-bible.txt.clean.txt	236	299	50489	0.005922082037671572	7.494897596948892	9.024268607253106	0.0886556333684484
kat-x-bible.txt.clean.txt	237	300	50437	0.005948014354541309	7.499634108883236	9.027200686670184	0.08861351902853787
kat-x-bible.txt.clean.txt	238	301	50385	0.005974000198471768	7.505245565954013	9.029780436127679	0.08846341456135076
kat-x-bible.txt.clean.txt	239	302	50334	0.005999920530853896	7.503721199997898	9.044971543837345	0.08917788850798425
kat-x-bible.txt.clean.txt	240	303	50283	0.006025893443111986	7.5027915509030985	9.05768502548722	0.08981763991082481
kat-x-bible.txt.clean.txt	241	304	50232	0.006051919095397356	7.507949161352626	9.060313774953654	0.08971688353041929
kat-x-bible.txt.clean.txt	242	305	50181	0.006077997648512385	7.509915159739974	9.070688992505238	0.0900012582346682
kat-x-bible.txt.clean.txt	243	306	50130	0.006104129263913824	7.516379533643907	9.072848615273355	0.08973882820636758
kat-x-bible.txt.clean.txt	244	307	50080	0.006130191693290735	7.514780426519956	9.095728206152064	0.09045096102582195
kat-x-bible.txt.clean.txt	245	308	50030	0.006156306216270238	7.517307770443823	9.100310727352628	0.09066143979424413
kat-x-bible.txt.clean.txt	246	309	49980	0.006182472989195678	7.521130506739009	9.1036386517765	0.09071339841985204
kat-x-bible.txt.clean.txt	247	310	49930	0.006208692169036651	7.527601865144391	9.105706749876923	0.09044360662979245
kat-x-bible.txt.clean.txt	248	311	49880	0.006234963913392141	7.530301257307031	9.113869496096758	0.09062797819866897
kat-x-bible.txt.clean.txt	249	312	49830	0.0062612883804936785	7.535855492069233	9.116108763562368	0.09046594323286139
kat-x-bible.txt.clean.txt	250	313	49781	0.006287539422671301	7.5399163899990675	9.119189369612041	0.0904825997121943
kat-x-bible.txt.clean.txt	251	314	49732	0.0063138421941607015	7.5445627205464385	9.122169161224448	0.09042704314665817
kat-x-bible.txt.clean.txt	252	315	49683	0.006340196848016424	7.5497504593762965	9.12479414232757	0.09030470827463599
kat-x-bible.txt.clean.txt	253	316	49634	0.006366603537897409	7.553259034324325	9.128098293821736	0.09038313228796846
kat-x-bible.txt.clean.txt	254	317	49586	0.006392933489291332	7.55704583582555	9.131300856788751	0.09042640070277097
kat-x-bible.txt.clean.txt	255	318	49538	0.006419314465662723	7.559155135239207	9.136755973094564	0.09066984632160813
kat-x-bible.txt.clean.txt	256	319	49490	0.006445746615477874	7.5626812937002335	9.141416124023179	0.09074111807506047
kat-x-bible.txt.clean.txt	257	320	49442	0.00647223008777962	7.567556397263287	9.143882501187335	0.09064866807579464
kat-x-bible.txt.clean.txt	258	321	49395	0.0064986334649256	7.572274787276923	9.14649467181042	0.09057360072666909
kat-x-bible.txt.clean.txt	259	322	49348	0.0065250871362567886	7.5768386955955	9.149118954511115	0.0905156291380228
kat-x-bible.txt.clean.txt	260	323	49301	0.006551591245613679	7.582853684573518	9.151213902024868	0.09028211494577798
kat-x-bible.txt.clean.txt	261	324	49254	0.006578145937385796	7.588374959503508	9.15362911439884	0.09010654185880962
kat-x-bible.txt.clean.txt	262	325	49208	0.006604617135425134	7.5925509592782365	9.156534704861327	0.09009087847956554
kat-x-bible.txt.clean.txt	263	326	49162	0.006631137870713152	7.592250173204572	9.165191310263536	0.09060996681789513
kat-x-bible.txt.clean.txt	264	327	49116	0.006657708282433423	7.59487481942482	9.168959469973814	0.09077680805976351
kat-x-bible.txt.clean.txt	265	328	49070	0.00668432851029142	7.59932756468581	9.17523443894671	0.09072326914786843
kat-x-bible.txt.clean.txt	266	329	49025	0.0067108618052014275	7.603552483603739	9.177963985543098	0.09069557397809824
kat-x-bible.txt.clean.txt	267	330	48980	0.006737443854634545	7.606861756708492	9.181152916605154	0.0907759034482496
kat-x-bible.txt.clean.txt	268	331	48935	0.006764074793092878	7.612852713870385	9.183242608708367	0.09053434396804083
kat-x-bible.txt.clean.txt	269	332	48890	0.006790754755573737	7.614611664660674	9.18826958502103	0.09079691778405807
kat-x-bible.txt.clean.txt	270	333	48845	0.006817483877571911	7.618946412608478	9.191184862900272	0.09075040189748196
kat-x-bible.txt.clean.txt	271	334	48800	0.006844262295081967	7.6227454378931006	9.194016146913	0.09076642353238229
kat-x-bible.txt.clean.txt	272	335	48755	0.006871090144600554	7.627546414141244	9.1967721520686	0.0906615765483132
kat-x-bible.txt.clean.txt	273	336	48711	0.006897825953070149	7.625770509435619	9.217972296143227	0.0913391230010615
kat-x-bible.txt.clean.txt	274	337	48667	0.006924610105410237	7.629318885649585	9.221012770102266	0.09138049432216755
kat-x-bible.txt.clean.txt	275	338	48623	0.006951442732863048	7.6302889325259	9.226522890477305	0.09172736135555215
kat-x-bible.txt.clean.txt	276	339	48579	0.006978323967146298	7.631205305077598	9.235681911460123	0.09207889735742225
kat-x-bible.txt.clean.txt	277	340	48535	0.0070052539404553416	7.633213424060424	9.239721758757042	0.09229889750300568
kat-x-bible.txt.clean.txt	278	341	48491	0.007032232785465344	7.634228567791867	9.253050902463169	0.09263534919860694
kat-x-bible.txt.clean.txt	279	342	48447	0.007059260635333457	7.6403692936223155	9.25483359502761	0.0923612310727352
kat-x-bible.txt.clean.txt	280	343	48404	0.007086191223865796	7.643973473973558	9.257833945181396	0.0923872368358476
kat-x-bible.txt.clean.txt	281	344	48361	0.0071131697028597425	7.647482939720664	9.261188390979907	0.092423136188173
kat-x-bible.txt.clean.txt	282	345	48318	0.0071401962001738485	7.652021806155787	9.26384120442562	0.09233558231176531
kat-x-bible.txt.clean.txt	283	346	48276	0.007167122379650344	7.656175150221589	9.26633855844636	0.09229251798727456
kat-x-bible.txt.clean.txt	284	346	48234	0.007173363187792843	7.65487724442733	9.267161192355534	0.0924463962329104
kat-x-bible.txt.clean.txt	285	347	48192	0.007200365205843293	7.659064426928497	9.269639680002529	0.09239799242252167
kat-x-bible.txt.clean.txt	286	348	48150	0.007227414330218069	7.662704401949678	9.272949655524245	0.0924131606805948
kat-x-bible.txt.clean.txt	287	349	48108	0.0072545106842936725	7.663554258713079	9.280251494753482	0.09275733960634325
kat-x-bible.txt.clean.txt	288	350	48067	0.007281502902199014	7.6640658512431425	9.289911285574684	0.093139935823769
kat-x-bible.txt.clean.txt	289	351	48026	0.007308541206846292	7.668854377985959	9.292067175444815	0.09301506870484821
kat-x-bible.txt.clean.txt	290	352	47985	0.007335625716369699	7.669630483855707	9.301906018413508	0.0933633807077
kat-x-bible.txt.clean.txt	291	353	47944	0.0073627565493075255	7.673491238600052	9.304399404794552	0.09334564418177227
kat-x-bible.txt.clean.txt	292	354	47903	0.007389933824603887	7.678291541101966	9.306567122572494	0.0932157271984988
kat-x-bible.txt.clean.txt	293	355	47863	0.007417002695192528	7.683903313817568	9.30852161531272	0.09298891667095266
kat-x-bible.txt.clean.txt	294	356	47823	0.007444116847541977	7.687776472866719	9.311348601345578	0.09296622699586687
kat-x-bible.txt.clean.txt	295	357	47783	0.0074712763953707385	7.690912693780369	9.314221622434564	0.09302924671233237
kat-x-bible.txt.clean.txt	296	358	47743	0.007498481452778418	7.697006922592165	9.315996044113911	0.09274233143777788
kat-x-bible.txt.clean.txt	297	359	47703	0.007525732134247322	7.699040311616711	9.3200442903709	0.09293291568444562
kat-x-bible.txt.clean.txt	298	360	47663	0.007553028554644063	7.701683824226389	9.323194877351742	0.09305027573366875
kat-x-bible.txt.clean.txt	299	361	47623	0.007580370829221175	7.706083158019401	9.325506515428792	0.09295966872885042
kat-x-bible.txt.clean.txt	300	362	47583	0.0076077590736187296	7.709029011285068	9.328395595379494	0.09303896638877918
kat-x-bible.txt.clean.txt	301	363	47543	0.007635193403865974	7.71044644889364	9.333988905244418	0.09329674825734391
kat-x-bible.txt.clean.txt	302	364	47503	0.007662673936382965	7.71323732483206	9.337092783156807	0.0933916894999336
kat-x-bible.txt.clean.txt	303	365	47463	0.007690200787982218	7.712320921869107	9.347295820638205	0.09392093079025698
kat-x-bible.txt.clean.txt	304	366	47423	0.007717774075870358	7.717690753889683	9.349071202833528	0.09371033497525938
kat-x-bible.txt.clean.txt	305	367	47384	0.00774523045753841	7.722124662818107	9.351167931155299	0.09360864318109319
kat-x-bible.txt.clean.txt	306	368	47345	0.007772732073080579	7.7257073162196095	9.353948722969708	0.09360577701560924
kat-x-bible.txt.clean.txt	307	369	47306	0.007800279034371961	7.7296269862473554	9.356822874258766	0.09356225988601508
kat-x-bible.txt.clean.txt	308	370	47268	0.007827705847507827	7.730621229735615	9.368734117984403	0.09386055874850507
kat-x-bible.txt.clean.txt	309	371	47230	0.007855176794410333	7.73412793148044	9.371798438255478	0.09386310456189928
kat-x-bible.txt.clean.txt	310	372	47192	0.007882691981691812	7.737633873922355	9.37467495939459	0.09386462471491042
kat-x-bible.txt.clean.txt	311	372	47154	0.007889044407685456	7.734667194512265	9.385130889045167	0.09421204528357707
kat-x-bible.txt.clean.txt	312	373	47116	0.00791663129297903	7.738038444251066	9.387736720314471	0.09422806714772614
kat-x-bible.txt.clean.txt	313	374	47078	0.007944262712944475	7.7391539471654855	9.393538577701756	0.0945069014848664
kat-x-bible.txt.clean.txt	314	375	47040	0.007971938775510204	7.745924952193301	9.395148753247108	0.09412298754603698
kat-x-bible.txt.clean.txt	315	376	47002	0.007999659588953661	7.749589628035628	9.397623240249159	0.0941014509989152
kat-x-bible.txt.clean.txt	316	377	46964	0.008027425261902733	7.753868907029061	9.399923565221556	0.09400704092429746
kat-x-bible.txt.clean.txt	317	378	46927	0.008055064248726746	7.755019588947978	9.40554908416036	0.09427703576689239
kat-x-bible.txt.clean.txt	318	379	46890	0.008082746854339944	7.757131567766001	9.411305580823061	0.09443350074613843
kat-x-bible.txt.clean.txt	319	379	46853	0.008089129831600964	7.757286725198105	9.410734553986865	0.09441538768831592
kat-x-bible.txt.clean.txt	320	380	46816	0.008116883116883116	7.758379933603339	9.415921136384988	0.0946895387524096
kat-x-bible.txt.clean.txt	321	381	46779	0.008144680305265183	7.7606242990703205	9.41940298681611	0.09482812514246985
kat-x-bible.txt.clean.txt	322	381	46742	0.008151127465662574	7.7576120943770395	9.432035518992615	0.0951794580848464
kat-x-bible.txt.clean.txt	323	381	46705	0.008157584841023444	7.7590420141843754	9.431078787952064	0.09501267727662499
kat-x-bible.txt.clean.txt	324	382	46668	0.00818548041484529	7.761969265209412	9.433767973694568	0.09507039687242469
kat-x-bible.txt.clean.txt	325	383	46631	0.00821342025691064	7.765070799449189	9.436241883938102	0.09510671317890251
kat-x-bible.txt.clean.txt	326	384	46595	0.008241227599527846	7.769574623404738	9.438269622746315	0.09497861839791655
kat-x-bible.txt.clean.txt	327	385	46559	0.00826907794411392	7.774757856097809	9.440014812458179	0.09477049989672559
kat-x-bible.txt.clean.txt	328	386	46523	0.008296971390495024	7.775262427826103	9.445602831218185	0.09510604544166557
kat-x-bible.txt.clean.txt	329	387	46487	0.008324908038806549	7.777940408946411	9.448584810190924	0.0951874458812555
kat-x-bible.txt.clean.txt	330	388	46451	0.008352887989494306	7.779091157062203	9.453040684790322	0.09544534929451365
kat-x-bible.txt.clean.txt	331	389	46415	0.008380911343315738	7.783545856415606	9.454878097447086	0.09531800379133071
kat-x-bible.txt.clean.txt	332	390	46380	0.008408796895213453	7.787766942528379	9.456859997701809	0.09521690714158326
kat-x-bible.txt.clean.txt	333	391	46345	0.008436724565756825	7.788107103079691	9.464320969542666	0.09556559336410075
kat-x-bible.txt.clean.txt	334	392	46310	0.00846469445044267	7.79303606362056	9.466087000218225	0.09538031986717932
kat-x-bible.txt.clean.txt	335	393	46275	0.008492706645056726	7.793850739606418	9.472147312660194	0.09567160374017891
kat-x-bible.txt.clean.txt	336	394	46240	0.008520761245674741	7.798625007875364	9.473919616366254	0.09550241970511941
kat-x-bible.txt.clean.txt	337	395	46205	0.008548858348663564	7.802405922130586	9.475976698132175	0.09544756679282762
kat-x-bible.txt.clean.txt	338	396	46170	0.008576998050682261	7.806017963791777	9.478388399957662	0.09541136060734945
kat-x-bible.txt.clean.txt	339	397	46135	0.008605180448683213	7.807461441266149	9.490337760406042	0.0956254158637797
kat-x-bible.txt.clean.txt	340	398	46100	0.008633405639913232	7.809950846423057	9.493313525852983	0.09571722871389032
kat-x-bible.txt.clean.txt	341	399	46065	0.008661673721914686	7.812340866827941	9.497710113926882	0.09581951385702003
kat-x-bible.txt.clean.txt	342	400	46030	0.008689984792526613	7.817362235789767	9.499273946138596	0.09561634713019185
kat-x-bible.txt.clean.txt	343	401	45995	0.008718338949885857	7.821368774535428	9.501167184047828	0.09552976275575487
kat-x-bible.txt.clean.txt	344	402	45961	0.008746545984639151	7.82177488848431	9.506483767668051	0.09585849585665907
kat-x-bible.txt.clean.txt	345	403	45927	0.008774794783025236	7.825442320041365	9.508505394072333	0.09580919471984273
kat-x-bible.txt.clean.txt	346	404	45893	0.00880308543786634	7.827231965649691	9.51300513376267	0.09597588586944494
kat-x-bible.txt.clean.txt	347	405	45859	0.00883141804225997	7.827942845158493	9.517679346499332	0.09626606029401485
kat-x-bible.txt.clean.txt	348	406	45825	0.008859792689579924	7.828115155177914	9.527519999197292	0.09661723100045994
kat-x-bible.txt.clean.txt	349	407	45791	0.008888209473477321	7.831561271359102	9.529781287318576	0.09658955153135163
kat-x-bible.txt.clean.txt	350	408	45757	0.008916668487881635	7.835924406706724	9.531459202777143	0.09645524778592218
