file	merge	types	tokens	TTR	H	Hcross	R
kew-x-bible.txt.clean.txt	0	51	138694	0.00036771597906181953	4.2737997309477676	9.368669017337686	0.2465657151403996
kew-x-bible.txt.clean.txt	1	52	135558	0.0003835996400064917	4.400602467258421	9.26978412564382	0.2280240323822854
kew-x-bible.txt.clean.txt	2	53	132681	0.0003994543303110468	4.491083904866014	9.183659046806257	0.21593116725492378
kew-x-bible.txt.clean.txt	3	54	130204	0.0004147338023409419	4.554035709567464	9.111077082313457	0.20866642347822806
kew-x-bible.txt.clean.txt	4	55	127982	0.00042974793330312073	4.639532556842084	9.037366956836262	0.19750148983316762
kew-x-bible.txt.clean.txt	5	56	125949	0.00044462441146813394	4.707325316304686	8.972207086853977	0.1894200751489743
kew-x-bible.txt.clean.txt	6	57	124308	0.0004585384689641857	4.768641329302419	8.915675850179877	0.182456497941479
kew-x-bible.txt.clean.txt	7	58	122788	0.00047235886242955337	4.810930709624492	8.868546759128549	0.17873910590935216
kew-x-bible.txt.clean.txt	8	59	121268	0.00048652571164693075	4.855120765953137	8.823460614550914	0.1746701737274663
kew-x-bible.txt.clean.txt	9	60	119760	0.000501002004008016	4.893119716355962	8.780842952073204	0.17162513218142983
kew-x-bible.txt.clean.txt	10	61	118263	0.0005157995315525566	4.938479204400041	8.736250938999861	0.16730771853244708
kew-x-bible.txt.clean.txt	11	62	116804	0.000530803739597959	4.976557885418801	8.698828861386739	0.16419317973487368
kew-x-bible.txt.clean.txt	12	63	115374	0.0005460502366217692	5.022990556322029	8.656740824227192	0.15965278176550846
kew-x-bible.txt.clean.txt	13	64	113990	0.0005614527590139486	5.071185593452522	8.616298710073684	0.15480240109124643
kew-x-bible.txt.clean.txt	14	65	112685	0.0005768292141811244	5.117306879412219	8.578045486905115	0.15028323770897511
kew-x-bible.txt.clean.txt	15	66	111446	0.0005922150637977137	5.1406199938148305	8.553756746087188	0.14952269949590058
kew-x-bible.txt.clean.txt	16	67	110292	0.0006074783302506075	5.185460478740278	8.519389720597745	0.1451723975807614
kew-x-bible.txt.clean.txt	17	68	109169	0.0006228874497338988	5.224881132039766	8.48814113221284	0.14169806563179
kew-x-bible.txt.clean.txt	18	69	108085	0.0006383864551047786	5.264737831442037	8.458054675909665	0.1381326425565581
kew-x-bible.txt.clean.txt	19	70	107072	0.000653765690376569	5.285037861341297	8.439597796097782	0.13773962684863406
kew-x-bible.txt.clean.txt	20	71	106063	0.0006694134618104334	5.328215778101224	8.410399491824831	0.1335878249038681
kew-x-bible.txt.clean.txt	21	72	105060	0.0006853226727584238	5.356341174403889	8.388257381978596	0.13186283898884277
kew-x-bible.txt.clean.txt	22	73	104069	0.0007014576867270753	5.38095656292017	8.368596724050764	0.13067704718697282
kew-x-bible.txt.clean.txt	23	74	103085	0.0007178541979919484	5.366455188625778	8.429294972513935	0.13576044900657458
kew-x-bible.txt.clean.txt	24	75	102236	0.0007335967760867014	5.37580728965659	8.422945415815432	0.13694593521253728
kew-x-bible.txt.clean.txt	25	76	101404	0.0007494773381720643	5.392530507926943	8.41685038450656	0.13690891958591
kew-x-bible.txt.clean.txt	26	77	100579	0.0007655673649568995	5.430434067183721	8.39333412201041	0.13345794819723356
kew-x-bible.txt.clean.txt	27	78	99760	0.0007818765036086608	5.46458733078944	8.371843647847825	0.13059067017375192
kew-x-bible.txt.clean.txt	28	79	98981	0.000798132975015407	5.495642502692734	8.354165539427195	0.12819897737053476
kew-x-bible.txt.clean.txt	29	80	98221	0.000814489773062787	5.518111998812465	8.340333616644138	0.12714730126794005
kew-x-bible.txt.clean.txt	30	81	97464	0.0008310760896330953	5.545720181540367	8.323110648626962	0.12526003312111944
kew-x-bible.txt.clean.txt	31	82	96710	0.0008478957708613381	5.574938155761013	8.306074657127995	0.12309987370745612
kew-x-bible.txt.clean.txt	32	83	95992	0.0008646553879489957	5.589258849835327	8.306122135125152	0.12325893666599286
kew-x-bible.txt.clean.txt	33	84	95298	0.0008814455707360071	5.6157136627305535	8.290977613236807	0.12149017464007839
kew-x-bible.txt.clean.txt	34	85	94605	0.0008984725965858042	5.652809453399359	8.272455642748824	0.11804264871293035
kew-x-bible.txt.clean.txt	35	86	93950	0.0009153805215540181	5.672875114054205	8.262600153399147	0.11723601024944363
kew-x-bible.txt.clean.txt	36	87	93305	0.0009324259150099137	5.678283758181991	8.272555977023076	0.11868173889145806
kew-x-bible.txt.clean.txt	37	88	92669	0.0009496163765660577	5.709646571888795	8.257475500356891	0.11607600962678499
kew-x-bible.txt.clean.txt	38	89	92053	0.0009668343237048222	5.73436462306913	8.247145500437249	0.11448414543318075
kew-x-bible.txt.clean.txt	39	90	91440	0.000984251968503937	5.760298974167587	8.234868325184419	0.11268802779528231
kew-x-bible.txt.clean.txt	40	91	90834	0.0010018275095228658	5.788635843442961	8.22154287422829	0.11050729725143538
kew-x-bible.txt.clean.txt	41	92	90229	0.0010196278358399185	5.804093350746144	8.216495497374838	0.11028769407836392
kew-x-bible.txt.clean.txt	42	93	89635	0.0010375411390639818	5.827276734915863	8.207289260905775	0.10886447274883404
kew-x-bible.txt.clean.txt	43	94	89070	0.001055349724935444	5.836574663749401	8.212950467002791	0.10954374167106784
kew-x-bible.txt.clean.txt	44	95	88508	0.0010733493017580332	5.8676825673822	8.199983437137215	0.10687800201550135
kew-x-bible.txt.clean.txt	45	96	87955	0.0010914672275595474	5.88978828827798	8.192368918113779	0.10556995766749522
kew-x-bible.txt.clean.txt	46	97	87438	0.0011093574875912075	5.907509688076209	8.186400648312707	0.1049109542303388
kew-x-bible.txt.clean.txt	47	98	86924	0.0011274216556992314	5.919419682603648	8.18473040304707	0.10511272268883076
kew-x-bible.txt.clean.txt	48	99	86414	0.0011456476959751892	5.94245907137667	8.176184663981696	0.10361451164392033
kew-x-bible.txt.clean.txt	49	100	85905	0.0011640765962400326	5.955177616298199	8.176825049079055	0.10365645399375756
kew-x-bible.txt.clean.txt	50	101	85407	0.0011825728570257707	5.9781887886170155	8.168299569289104	0.10213293703517667
kew-x-bible.txt.clean.txt	51	102	84925	0.0012010597586105387	5.990746373186658	8.167124567559245	0.10216359627089089
kew-x-bible.txt.clean.txt	52	103	84482	0.001219194621339457	6.007217027862632	8.162934023095632	0.10159028576443474
kew-x-bible.txt.clean.txt	53	104	84062	0.001237182079893412	6.036201092920151	8.15433451843125	0.09913358722152954
kew-x-bible.txt.clean.txt	54	105	83650	0.0012552301255230125	6.057643932636591	8.148359293548324	0.09779231088614804
kew-x-bible.txt.clean.txt	55	106	83242	0.001273395641623219	6.073607483901347	8.14539140904264	0.09725337495898378
kew-x-bible.txt.clean.txt	56	107	82840	0.0012916465475615645	6.101537671434956	8.1376587605636	0.09492434157981533
kew-x-bible.txt.clean.txt	57	108	82447	0.0013099324414472327	6.119678929693648	8.135275300279691	0.09403688399938193
kew-x-bible.txt.clean.txt	58	109	82058	0.0013283287430841599	6.13779826586755	8.13282215534619	0.09313961155012618
kew-x-bible.txt.clean.txt	59	110	81672	0.0013468508179057695	6.152607125900758	8.131133499346344	0.09271777551778082
kew-x-bible.txt.clean.txt	60	111	81293	0.0013654312179400441	6.171813311039411	8.126931676752292	0.09163444916496566
kew-x-bible.txt.clean.txt	61	112	80952	0.0013835359225219882	6.18643484046223	8.127811596858338	0.09121312003042925
kew-x-bible.txt.clean.txt	62	113	80611	0.001401793799853618	6.201693328327789	8.12633432677891	0.09068466348108539
kew-x-bible.txt.clean.txt	63	114	80277	0.0014200829627415076	6.211665315767269	8.128742207114826	0.09091682979085847
kew-x-bible.txt.clean.txt	64	115	79944	0.0014385069548684079	6.225044349595511	8.130100634519119	0.09063568812918943
kew-x-bible.txt.clean.txt	65	116	79613	0.0014570484719832189	6.238685961022064	8.130408632454683	0.09030282156592473
kew-x-bible.txt.clean.txt	66	117	79286	0.001475670357944656	6.258147584807347	8.127248423951	0.08910984493020935
kew-x-bible.txt.clean.txt	67	118	78962	0.001494389706441073	6.2758495106062995	8.124861280552865	0.08816286627152692
kew-x-bible.txt.clean.txt	68	119	78649	0.0015130516599066739	6.27979292247489	8.13392336129609	0.08920102922894102
kew-x-bible.txt.clean.txt	69	120	78338	0.001531823636038704	6.293135168709438	8.13410988620919	0.0888613216617784
kew-x-bible.txt.clean.txt	70	121	78030	0.0015506856337306164	6.29940908666369	8.166933504859776	0.0895312032291179
kew-x-bible.txt.clean.txt	71	122	77723	0.001569676929608996	6.305061428721844	8.18113303835858	0.09027551880375462
kew-x-bible.txt.clean.txt	72	123	77419	0.0015887572818042083	6.304620609383343	8.208779156254465	0.0918822561285707
kew-x-bible.txt.clean.txt	73	124	77119	0.0016079046668136256	6.310307107769611	8.219903448669948	0.09259002390478155
kew-x-bible.txt.clean.txt	74	125	76819	0.0016272016037699006	6.330722327606047	8.216141348656903	0.09116876594274947
kew-x-bible.txt.clean.txt	75	126	76523	0.0016465637782104726	6.346358215940315	8.215192232593306	0.09042516775550569
kew-x-bible.txt.clean.txt	76	127	76228	0.001666054468174424	6.3619199881784825	8.21335229008829	0.08968278391211326
kew-x-bible.txt.clean.txt	77	128	75938	0.0016855856093128604	6.375721153709889	8.212521473855597	0.0891826923271587
kew-x-bible.txt.clean.txt	78	129	75650	0.00170522141440846	6.381570485900548	8.218071415338105	0.0898069263174518
kew-x-bible.txt.clean.txt	79	130	75362	0.0017250072981077997	6.393831949221553	8.218795172927745	0.08950483377427076
kew-x-bible.txt.clean.txt	80	131	75075	0.001744921744921745	6.402381524052039	8.223411100100714	0.08972039323491143
kew-x-bible.txt.clean.txt	81	132	74792	0.0017648946411380896	6.411729620995086	8.229545550905044	0.08981105935353106
kew-x-bible.txt.clean.txt	82	133	74510	0.0017849953026439404	6.426528358920228	8.227999081732364	0.08911820077069621
kew-x-bible.txt.clean.txt	83	134	74231	0.0018051757352049683	6.441642727234596	8.226470706362807	0.08837228718630452
kew-x-bible.txt.clean.txt	84	135	73956	0.0018254097030666883	6.44887193820845	8.23753060155243	0.08873251679810168
kew-x-bible.txt.clean.txt	85	136	73683	0.001845744608661428	6.443866310107998	8.266459039964685	0.09080774679995374
kew-x-bible.txt.clean.txt	86	137	73413	0.001866154495797747	6.453024447761758	8.269977107814974	0.09087133273843151
kew-x-bible.txt.clean.txt	87	138	73145	0.0018866634766559573	6.456301772669575	8.278087639092393	0.09175218965261944
kew-x-bible.txt.clean.txt	88	139	72880	0.001907244785949506	6.46042123357482	8.285110045786043	0.09250249895617635
kew-x-bible.txt.clean.txt	89	140	72619	0.001927870116636142	6.4708540572887685	8.286833437910559	0.0923555648010096
kew-x-bible.txt.clean.txt	90	141	72358	0.0019486442411343597	6.474055379418163	8.295128439692746	0.09321257599149191
kew-x-bible.txt.clean.txt	91	142	72107	0.0019692956301052603	6.488961073768299	8.294155967876918	0.0924208975075137
kew-x-bible.txt.clean.txt	92	143	71862	0.0019899251342851577	6.499310518198805	8.295772600829798	0.092258755431324
kew-x-bible.txt.clean.txt	93	144	71622	0.0020105554159336515	6.517646066344268	8.293455656277754	0.09097430377121529
kew-x-bible.txt.clean.txt	94	145	71382	0.002031324423524138	6.527893820383146	8.294507063110174	0.0908110759422488
kew-x-bible.txt.clean.txt	95	146	71148	0.0020520604936189353	6.540282581735444	8.294370642823148	0.09034183961308717
kew-x-bible.txt.clean.txt	96	147	70914	0.0020729334123022252	6.553265040409526	8.295989714542756	0.08978287809034036
kew-x-bible.txt.clean.txt	97	148	70683	0.0020938556654358192	6.567572065458945	8.294979205865756	0.08903328277705114
kew-x-bible.txt.clean.txt	98	149	70453	0.002114885100705435	6.583274735496036	8.293673451820304	0.08808407549480735
kew-x-bible.txt.clean.txt	99	150	70223	0.002136052290560073	6.592723242649718	8.295301846079202	0.08799438401774706
kew-x-bible.txt.clean.txt	100	151	69993	0.002157358593002157	6.610550111753421	8.293174664744807	0.0867393645675304
kew-x-bible.txt.clean.txt	101	152	69766	0.0021787116933749966	6.62390220297242	8.294050293257403	0.08609706834315212
kew-x-bible.txt.clean.txt	102	153	69548	0.0021999194800713176	6.640412201492146	8.292761492035966	0.08501345864018128
kew-x-bible.txt.clean.txt	103	154	69333	0.0022211645248294463	6.656329529382565	8.29161830039828	0.08400645978710142
kew-x-bible.txt.clean.txt	104	155	69119	0.002242509295562725	6.665814517083135	8.293422561795762	0.08387842953162095
kew-x-bible.txt.clean.txt	105	156	68908	0.002263888082660939	6.6771763403185425	8.296236385722153	0.08348555924187429
kew-x-bible.txt.clean.txt	106	157	68697	0.0022853981978834593	6.68936881412016	8.29667021018034	0.08297236492567917
kew-x-bible.txt.clean.txt	107	158	68488	0.0023069734844060274	6.700342678800304	8.300194358160752	0.08261995946789702
kew-x-bible.txt.clean.txt	108	159	68279	0.0023286808535567306	6.712534709098561	8.301370371262541	0.08209460617060438
kew-x-bible.txt.clean.txt	109	160	68072	0.002350452462098954	6.708872779645835	8.326083670096097	0.08372867191492928
kew-x-bible.txt.clean.txt	110	161	67866	0.002372321928506174	6.723592039617437	8.32511325728474	0.08284432201247016
kew-x-bible.txt.clean.txt	111	162	67661	0.0023942891769261464	6.739388481692748	8.32392231940321	0.08180841855840237
kew-x-bible.txt.clean.txt	112	163	67458	0.002416318301758131	6.751416552792131	8.325017919909204	0.08128094942456676
kew-x-bible.txt.clean.txt	113	164	67260	0.002438299137674695	6.756710723446375	8.337302646400603	0.08166320547847727
kew-x-bible.txt.clean.txt	114	165	67065	0.002460299709237307	6.763773482590687	8.341294485393412	0.081797770193904
kew-x-bible.txt.clean.txt	115	166	66872	0.0024823543486062927	6.777809546315216	8.34125412404176	0.08097989042516007
kew-x-bible.txt.clean.txt	116	167	66681	0.002504461540768735	6.785015721705329	8.346329332241927	0.08108241433489494
kew-x-bible.txt.clean.txt	117	168	66491	0.0025266577431532085	6.800303617370972	8.345497452370576	0.08008500873941804
kew-x-bible.txt.clean.txt	118	169	66308	0.002548712070941666	6.809545410385773	8.347568668398072	0.07990050790416148
kew-x-bible.txt.clean.txt	119	170	66126	0.00257084959017633	6.815466399469395	8.355863306244794	0.08015834793809684
kew-x-bible.txt.clean.txt	120	171	65948	0.002592952022805847	6.823969934500677	8.358243220501212	0.08006125481646309
kew-x-bible.txt.clean.txt	121	172	65771	0.002615134329719785	6.831797851023524	8.362204438036851	0.0800492472749742
kew-x-bible.txt.clean.txt	122	173	65594	0.002637436350885752	6.831992945972566	8.374928399636918	0.0810578906183882
kew-x-bible.txt.clean.txt	123	174	65419	0.002659777740411807	6.843055791478303	8.37637913106549	0.08059818063982482
kew-x-bible.txt.clean.txt	124	175	65244	0.002682238979829563	6.858427412395143	8.375594871277963	0.07955534886078597
kew-x-bible.txt.clean.txt	125	176	65069	0.0027048210361308766	6.872269799307551	8.37539748279837	0.07871401593959648
kew-x-bible.txt.clean.txt	126	177	64898	0.002727356775247311	6.883823031726369	8.377034711615675	0.07817532868352162
kew-x-bible.txt.clean.txt	127	178	64730	0.0027498841340954736	6.893487835549799	8.378669856644649	0.07788474546253732
kew-x-bible.txt.clean.txt	128	179	64564	0.0027724428474072238	6.90481702301876	8.379989957316827	0.0773667834000521
kew-x-bible.txt.clean.txt	129	180	64398	0.0027951178608031303	6.918629695468387	8.379831402318311	0.07651289921075932
kew-x-bible.txt.clean.txt	130	181	64233	0.002817866205844348	6.931518456807521	8.379971293108007	0.07577854783049609
kew-x-bible.txt.clean.txt	131	182	64069	0.0028406873839142174	6.943187221399002	8.38057958853413	0.07520283197100763
kew-x-bible.txt.clean.txt	132	183	63905	0.0028636256943901104	6.956957410005368	8.380589581976945	0.07434336659275687
kew-x-bible.txt.clean.txt	133	184	63741	0.002886682041386235	6.968760831626316	8.381094957431133	0.07374181639908506
kew-x-bible.txt.clean.txt	134	185	63578	0.002909811570039951	6.975640239753789	8.385178750585531	0.07379007738168986
kew-x-bible.txt.clean.txt	135	186	63415	0.002933060001576914	6.989044335222271	8.385111734909191	0.07296762008451574
kew-x-bible.txt.clean.txt	136	187	63253	0.002956381515501241	6.992652344850831	8.397479368044744	0.07343975962333216
kew-x-bible.txt.clean.txt	137	188	63092	0.0029797755658403603	7.002373156242046	8.40042390394464	0.07309672389556465
kew-x-bible.txt.clean.txt	138	189	62931	0.0030032893168708587	7.000869420492691	8.416722630430925	0.07423366935849118
kew-x-bible.txt.clean.txt	139	190	62773	0.0030267790292004522	7.014363235131906	8.416619956487807	0.07338216234768058
kew-x-bible.txt.clean.txt	140	191	62615	0.0030503872873912	7.026874079775553	8.416928733622479	0.072657198207286
kew-x-bible.txt.clean.txt	141	192	62458	0.0030740657721989176	7.040434156924819	8.416714921023479	0.0717905123122975
kew-x-bible.txt.clean.txt	142	193	62301	0.003097863597695061	7.049772412885199	8.418160679307803	0.07147681201475076
kew-x-bible.txt.clean.txt	143	194	62148	0.0031215807427431293	7.057806236422119	8.420464528774406	0.0713306345772513
kew-x-bible.txt.clean.txt	144	195	61995	0.0031454149528187757	7.068839268712419	8.421578436433487	0.07078581089924729
kew-x-bible.txt.clean.txt	145	196	61843	0.0031693158481962387	7.078952290544558	8.42267014625833	0.07035823616899772
kew-x-bible.txt.clean.txt	146	197	61696	0.0031930757261410788	7.08553353687849	8.427436030250572	0.07039026961327488
kew-x-bible.txt.clean.txt	147	198	61550	0.0032168968318440293	7.085112166518925	8.443226553611558	0.0713355634901498
kew-x-bible.txt.clean.txt	148	199	61406	0.003240725661987428	7.09201878666142	8.449329099296518	0.071314993330582
kew-x-bible.txt.clean.txt	149	200	61263	0.003264613224948174	7.102180185288871	8.450632774415194	0.07086423279528198
kew-x-bible.txt.clean.txt	150	201	61120	0.003288612565445026	7.111176607629423	8.452964496486874	0.07056220573858363
kew-x-bible.txt.clean.txt	151	202	60978	0.0033126701433303816	7.123793751035123	8.453241715269012	0.06978362153099504
kew-x-bible.txt.clean.txt	152	203	60837	0.003336785180071338	7.125109815459048	8.469867968326962	0.07047650716976117
kew-x-bible.txt.clean.txt	153	204	60700	0.0033607907742998354	7.134508449594074	8.472676448840536	0.07011041077647018
kew-x-bible.txt.clean.txt	154	205	60563	0.003384904974984727	7.146239847301707	8.473226031156033	0.06943702507127791
kew-x-bible.txt.clean.txt	155	206	60426	0.003409128520835402	7.152766088553873	8.479654647520414	0.06943789787586685
kew-x-bible.txt.clean.txt	156	207	60291	0.0034333482609344677	7.1620238033576005	8.481153832377814	0.06907961982358002
kew-x-bible.txt.clean.txt	157	208	60158	0.0034575617540476746	7.173667410994012	8.481763810285395	0.06840808141203703
kew-x-bible.txt.clean.txt	158	209	60027	0.0034817665383910573	7.185495062509428	8.482310600317767	0.06770984206500286
kew-x-bible.txt.clean.txt	159	210	59897	0.0035060186653755616	7.195377168126201	8.483703316278348	0.06726106245279329
kew-x-bible.txt.clean.txt	160	211	59769	0.0035302581605849187	7.197074200187417	8.493249961257716	0.06786922117076333
kew-x-bible.txt.clean.txt	161	212	59641	0.0035546017001727	7.205686291165716	8.495060827262767	0.06757758008354153
kew-x-bible.txt.clean.txt	162	213	59513	0.0035790499554719138	7.2163806950155145	8.49595764603239	0.06701336580948336
kew-x-bible.txt.clean.txt	163	214	59385	0.0036036036036036037	7.2247301027534885	8.497904093409321	0.0667492200839157
kew-x-bible.txt.clean.txt	164	215	59258	0.00362820209929461	7.2258952524862785	8.507815361788564	0.06740895680350234
kew-x-bible.txt.clean.txt	165	216	59132	0.003652844483528377	7.234643745011586	8.510860627076115	0.06708591930015029
kew-x-bible.txt.clean.txt	166	217	59006	0.0036775921092770227	7.234519164564801	8.539535012830516	0.06790292972319811
kew-x-bible.txt.clean.txt	167	218	58881	0.003702382772031725	7.236598289649377	8.55565248543546	0.06843118197286258
kew-x-bible.txt.clean.txt	168	218	58756	0.003710259377765675	7.2326073658044345	8.560877114086086	0.06894493443780003
kew-x-bible.txt.clean.txt	169	219	58632	0.0037351616864510846	7.2413010780868365	8.562293675645417	0.06861743960633993
kew-x-bible.txt.clean.txt	170	220	58509	0.0037601052829479226	7.2468705777925955	8.567515694723955	0.06868839835319229
kew-x-bible.txt.clean.txt	171	221	58386	0.0037851539752680437	7.258370626218343	8.567930470791696	0.06799416519850088
kew-x-bible.txt.clean.txt	172	222	58263	0.003810308429020133	7.2655131441238385	8.570128968793995	0.06785662085463462
kew-x-bible.txt.clean.txt	173	223	58140	0.0038355693154454766	7.261124863978982	8.605974130924677	0.06919394465590267
kew-x-bible.txt.clean.txt	174	224	58018	0.003860870764245579	7.272348878663417	8.60631058052078	0.06852590265656677
kew-x-bible.txt.clean.txt	175	225	57897	0.00388621172081455	7.282379960676931	8.606939853545496	0.06800820467527557
kew-x-bible.txt.clean.txt	176	226	57778	0.003911523417217626	7.290208725872535	8.608807734294636	0.06776957907098535
kew-x-bible.txt.clean.txt	177	227	57659	0.003936939593125097	7.295882570515364	8.611890556454437	0.06780331299771147
kew-x-bible.txt.clean.txt	178	227	57540	0.00394508168230796	7.295436252338392	8.611320505508598	0.06786033917952028
kew-x-bible.txt.clean.txt	179	228	57422	0.003970603601407126	7.3068595519738295	8.611514168433239	0.06715662561834213
kew-x-bible.txt.clean.txt	180	229	57304	0.003996230629624459	7.315726187120669	8.612611643946133	0.06677688386811986
kew-x-bible.txt.clean.txt	181	230	57188	0.004021822760019584	7.31293623921247	8.63419954508576	0.06788024817746097
kew-x-bible.txt.clean.txt	182	231	57073	0.0040474480051863404	7.322590229937008	8.634925845507686	0.06739374993875447
kew-x-bible.txt.clean.txt	183	232	56959	0.004073105216032585	7.330834427262157	8.637256540851078	0.06708422534901504
kew-x-bible.txt.clean.txt	184	233	56847	0.004098721128643552	7.341251295960353	8.637802954406196	0.06649573637691608
kew-x-bible.txt.clean.txt	185	234	56736	0.004124365482233503	7.3471362645289275	8.640602097800667	0.06648083966840268
kew-x-bible.txt.clean.txt	186	235	56626	0.004150037085437785	7.351553742058634	8.64461156065133	0.06664915572044894
kew-x-bible.txt.clean.txt	187	236	56519	0.004175586970753198	7.356626865085701	8.64929111498455	0.06673094049574213
kew-x-bible.txt.clean.txt	188	237	56413	0.004201159307251874	7.364896532992274	8.650737369194237	0.06640433075054708
kew-x-bible.txt.clean.txt	189	238	56308	0.004226752859273993	7.368595399963745	8.65561110294147	0.0666541494839662
kew-x-bible.txt.clean.txt	190	239	56205	0.004252290721466062	7.375957660519542	8.657599330743338	0.06643690625577825
kew-x-bible.txt.clean.txt	191	240	56104	0.004277769855981748	7.384484902303734	8.659210912564015	0.06606967517609619
kew-x-bible.txt.clean.txt	192	241	56004	0.0043032640525676735	7.389207060048342	8.663623110904858	0.06618091747901589
kew-x-bible.txt.clean.txt	193	242	55905	0.0043287720239692335	7.395442426346207	8.666417882920971	0.06609797331321654
kew-x-bible.txt.clean.txt	194	243	55806	0.004354370497795936	7.404906332299877	8.667514859628817	0.06560485450846287
kew-x-bible.txt.clean.txt	195	244	55708	0.004379981331227112	7.415902154185361	8.668217957118511	0.0649164335501412
kew-x-bible.txt.clean.txt	196	245	55611	0.004405603207998417	7.4167192493942915	8.67727803425969	0.06550868183784375
kew-x-bible.txt.clean.txt	197	246	55514	0.004431314623338257	7.4207728950661185	8.681538474731852	0.06568972709113574
kew-x-bible.txt.clean.txt	198	247	55417	0.0044571160474222715	7.427933419167281	8.684524967306933	0.06547682023917223
kew-x-bible.txt.clean.txt	199	248	55320	0.004483007953723789	7.435067418682439	8.686489528886366	0.06526478244276401
kew-x-bible.txt.clean.txt	200	249	55224	0.004508909169926119	7.443331438207498	8.6880045578065	0.06490833774538374
kew-x-bible.txt.clean.txt	201	250	55130	0.0045347360783602395	7.447843949084085	8.692802480905105	0.06502063288046633
kew-x-bible.txt.clean.txt	202	251	55036	0.004560651210117015	7.451510596755492	8.697347246902268	0.06523616833750434
kew-x-bible.txt.clean.txt	203	252	54942	0.0045866550180190015	7.454248700801515	8.702989915619355	0.06556510837204388
kew-x-bible.txt.clean.txt	204	253	54849	0.00461266385895823	7.460872165860411	8.705231419088278	0.06540421258624063
kew-x-bible.txt.clean.txt	205	254	54757	0.004638676333619446	7.463663918501577	8.710624940241896	0.0657205521129065
kew-x-bible.txt.clean.txt	206	255	54667	0.004664605703623759	7.469183126934657	8.713570275302953	0.06569265595674623
kew-x-bible.txt.clean.txt	207	256	54578	0.00469053464766023	7.47597926211143	8.715737161107185	0.06550259223607124
kew-x-bible.txt.clean.txt	208	257	54489	0.004716548294151113	7.481867841093596	8.720335140891962	0.06542359123661656
kew-x-bible.txt.clean.txt	209	258	54402	0.0047424727032094405	7.490963095785586	8.721672383596985	0.06494188007030655
kew-x-bible.txt.clean.txt	210	259	54316	0.004768392370572207	7.495442485175279	8.725484155904162	0.06503408635978847
kew-x-bible.txt.clean.txt	211	260	54230	0.004794394246726904	7.50294791330933	8.727333127589585	0.06474645788187094
kew-x-bible.txt.clean.txt	212	261	54144	0.004820478723404255	7.5102482678374285	8.729233912930479	0.06448228578581239
kew-x-bible.txt.clean.txt	213	262	54058	0.004846646194827778	7.515255717209056	8.734728310817559	0.06450143161006539
kew-x-bible.txt.clean.txt	214	263	53975	0.004872626215840667	7.523367070843272	8.736560861106547	0.06413199574914685
kew-x-bible.txt.clean.txt	215	264	53892	0.004898686261411712	7.528243319658782	8.740172287692051	0.06416279362265209
kew-x-bible.txt.clean.txt	216	265	53809	0.0049248267018528495	7.531104795474553	8.745586930003599	0.06444143026907212
kew-x-bible.txt.clean.txt	217	266	53726	0.00495104790976436	7.533056504145484	8.752065554114207	0.06483024469187504
kew-x-bible.txt.clean.txt	218	267	53644	0.0049772574752069195	7.533747975666715	8.760471862424755	0.06537251379863418
kew-x-bible.txt.clean.txt	219	268	53562	0.005003547290989881	7.542003209860317	8.762193900795545	0.06497398779292596
kew-x-bible.txt.clean.txt	220	269	53481	0.005029823675697912	7.545021746455876	8.767617031715783	0.06522245814375549
kew-x-bible.txt.clean.txt	221	270	53400	0.0050561797752808986	7.551670752705226	8.769712332025042	0.0650187983166729
kew-x-bible.txt.clean.txt	222	271	53320	0.005082520630157539	7.558357209305779	8.772020249970417	0.06480848464535982
kew-x-bible.txt.clean.txt	223	272	53240	0.005108940646130729	7.561974986131546	8.776187914502373	0.06497561292504817
kew-x-bible.txt.clean.txt	224	273	53160	0.005135440180586907	7.568002400235745	8.77858873129378	0.06484251677722552
kew-x-bible.txt.clean.txt	225	274	53080	0.005162019593067069	7.576218040386879	8.780154612300535	0.06443714191644456
kew-x-bible.txt.clean.txt	226	275	53001	0.005188581347521745	7.581485667922443	8.783255455211961	0.06439387972224009
kew-x-bible.txt.clean.txt	227	276	52922	0.005215222402781452	7.586413642739844	8.787991025306635	0.06439036064100112
kew-x-bible.txt.clean.txt	228	277	52843	0.0052419431145090175	7.592276712040686	8.79041583117742	0.0642694139567932
kew-x-bible.txt.clean.txt	229	278	52764	0.005268743840497309	7.593519840381147	8.798035458621403	0.06471548784946501
kew-x-bible.txt.clean.txt	230	279	52685	0.005295624940685205	7.593969926225798	8.80673393330642	0.0652564585454255
kew-x-bible.txt.clean.txt	231	280	52606	0.005322586777173706	7.600415814983005	8.808698895629144	0.06505705372288961
kew-x-bible.txt.clean.txt	232	281	52527	0.005349629714242199	7.608870190922197	8.809865036824817	0.06460887450566466
kew-x-bible.txt.clean.txt	233	282	52449	0.0053766516044157185	7.6163534377343085	8.811475465449911	0.06427847089020389
kew-x-bible.txt.clean.txt	234	283	52372	0.005403650805774078	7.61970535047705	8.815635411726547	0.06445364270708887
kew-x-bible.txt.clean.txt	235	284	52296	0.005430625669267248	7.626678415158507	8.817860924263272	0.06418220058562574
kew-x-bible.txt.clean.txt	236	285	52220	0.005457679050172348	7.630946847039012	8.822469756389188	0.06424070469843823
kew-x-bible.txt.clean.txt	237	285	52144	0.005465633629947837	7.630490160236063	8.822194283794627	0.06429670678172716
kew-x-bible.txt.clean.txt	238	286	52069	0.005492711594230732	7.634742956825926	8.82701387904359	0.06435498285194652
kew-x-bible.txt.clean.txt	239	287	51995	0.0055197615155303395	7.641033363238688	8.829084595379133	0.06416160871662169
kew-x-bible.txt.clean.txt	240	288	51921	0.005546888542208355	7.64354717902939	8.834164391247768	0.06442872147785883
kew-x-bible.txt.clean.txt	241	289	51848	0.005573985496065422	7.651345094285004	8.835633114340338	0.06404713737477219
kew-x-bible.txt.clean.txt	242	290	51775	0.005601158860453887	7.652704993729129	8.842173873306464	0.06445109480854183
kew-x-bible.txt.clean.txt	243	290	51702	0.005609067347491393	7.654159486836327	8.840830506523648	0.06427328193908421
kew-x-bible.txt.clean.txt	244	291	51630	0.005636257989540964	7.660584646918229	8.842800715625199	0.06405603922169945
kew-x-bible.txt.clean.txt	245	292	51558	0.005663524574265875	7.668567782191619	8.844384576757385	0.06364687948329895
kew-x-bible.txt.clean.txt	246	293	51487	0.0056907568900887604	7.677036194285169	8.845704393602198	0.06317706178892857
kew-x-bible.txt.clean.txt	247	294	51416	0.005718064415746071	7.678403789991876	8.855104489480217	0.06357187615828941
kew-x-bible.txt.clean.txt	248	295	51345	0.005745447463238874	7.686123352670497	8.856662103485535	0.06319011468894398
kew-x-bible.txt.clean.txt	249	296	51275	0.005772793759141882	7.691605211745658	8.860025211405071	0.06307949272863878
kew-x-bible.txt.clean.txt	250	297	51205	0.005800214822771214	7.694985751447672	8.864246678242235	0.06322293567071302
kew-x-bible.txt.clean.txt	251	298	51136	0.005827596996245307	7.7005913883994985	8.867953117343385	0.06309362446719902
kew-x-bible.txt.clean.txt	252	299	51067	0.005855053165449312	7.700741707535293	8.87771626138468	0.06362595575636631
kew-x-bible.txt.clean.txt	253	300	50999	0.0058824682836918375	7.7075777100708125	8.879830324862155	0.06334335462113072
kew-x-bible.txt.clean.txt	254	301	50932	0.005909840571742716	7.710009254643207	8.88481738820986	0.06359419583035175
kew-x-bible.txt.clean.txt	255	302	50865	0.005937284970018677	7.714482623216437	8.887938078072914	0.06359509306550082
kew-x-bible.txt.clean.txt	256	303	50798	0.005964801763848971	7.721102500708833	8.889929722625363	0.06333379397436467
kew-x-bible.txt.clean.txt	257	304	50732	0.0059922731215012225	7.723091577906688	8.898188803755142	0.06363246217688612
kew-x-bible.txt.clean.txt	258	305	50666	0.006019816050211187	7.729527319287611	8.900201388010418	0.06339020010500007
kew-x-bible.txt.clean.txt	259	306	50601	0.006047311317958143	7.731015910180431	8.909832318899191	0.06374557457392915
kew-x-bible.txt.clean.txt	260	307	50537	0.006074757108653066	7.73328615929543	8.920324608508494	0.06400418973295574
kew-x-bible.txt.clean.txt	261	308	50473	0.006102272502129851	7.739093588141956	8.922433162278015	0.06383289927171487
kew-x-bible.txt.clean.txt	262	309	50409	0.006129857763494614	7.748329237377964	8.923516098964305	0.06324561794710082
kew-x-bible.txt.clean.txt	263	310	50346	0.006157390855281452	7.749107490870314	8.930646250562333	0.0636791919256392
kew-x-bible.txt.clean.txt	264	311	50283	0.006184992939959827	7.752076229637456	8.93464468696349	0.06384605433110047
kew-x-bible.txt.clean.txt	265	312	50220	0.006212664277180406	7.752883910278136	8.944194327629294	0.06427187172299254
kew-x-bible.txt.clean.txt	266	313	50158	0.006240280712947088	7.758221166012158	8.946580079760762	0.06414915222023054
kew-x-bible.txt.clean.txt	267	314	50096	0.0062679655062280425	7.7614813344043005	8.950230477175205	0.06427532139532344
kew-x-bible.txt.clean.txt	268	315	50034	0.006295718911140425	7.7636372611954965	8.956602759972231	0.0645327549333865
kew-x-bible.txt.clean.txt	269	316	49973	0.00632341464390771	7.769067267444926	8.959736280158914	0.06439397871259545
kew-x-bible.txt.clean.txt	270	317	49913	0.006351050828441489	7.77341648698716	8.962576327852869	0.06438381260222503
kew-x-bible.txt.clean.txt	271	318	49853	0.006378753535394058	7.777727777558669	8.965433427395302	0.0643766044348667
kew-x-bible.txt.clean.txt	272	319	49794	0.006406394344700164	7.782582630897991	8.96823626188726	0.06430244689096742
kew-x-bible.txt.clean.txt	273	320	49735	0.006434100733889615	7.786907018098141	8.97128031545249	0.064290519058668
kew-x-bible.txt.clean.txt	274	321	49677	0.006461742858868289	7.7907627625177875	8.97490250523315	0.06433330462150433
kew-x-bible.txt.clean.txt	275	322	49621	0.006489188045384011	7.796691765120175	8.97701748157668	0.06412560835864967
kew-x-bible.txt.clean.txt	276	323	49565	0.0065166952486633714	7.797920076349216	8.984660995155753	0.06448051686530087
kew-x-bible.txt.clean.txt	277	324	49509	0.006544264679149246	7.804724792823942	8.986505660119501	0.06416484827372082
kew-x-bible.txt.clean.txt	278	325	49453	0.006571896548237721	7.80996951172439	8.989344190455753	0.06403492902073826
kew-x-bible.txt.clean.txt	279	326	49397	0.006599591068283499	7.816566539530916	8.991278425349329	0.06374163883039663
kew-x-bible.txt.clean.txt	280	327	49341	0.0066273484526053385	7.822070188166057	8.993759191681953	0.06357803213884716
kew-x-bible.txt.clean.txt	281	328	49286	0.006655033883861542	7.824715219071672	8.999036122720987	0.06375512653130788
kew-x-bible.txt.clean.txt	282	329	49231	0.006682781174463245	7.830887470989552	9.001018618488782	0.06350871485332521
kew-x-bible.txt.clean.txt	283	330	49176	0.006710590531966813	7.836278788829754	9.00334095222808	0.06335441211115767
kew-x-bible.txt.clean.txt	284	331	49122	0.006738324986767639	7.839227748207131	9.008773077753256	0.06349056329207714
kew-x-bible.txt.clean.txt	285	332	49068	0.0067661204858563626	7.844299438550949	9.011127891128044	0.06337164107066418
kew-x-bible.txt.clean.txt	286	333	49014	0.006793977230995226	7.848155827661677	9.014892649713696	0.06339641392697437
kew-x-bible.txt.clean.txt	287	334	48960	0.006821895424836601	7.853870014825112	9.016924540698746	0.06319811137954434
kew-x-bible.txt.clean.txt	288	335	48906	0.006849875270927903	7.858730972357692	9.019315897432413	0.06310028877887153
kew-x-bible.txt.clean.txt	289	336	48852	0.006877916973716531	7.864330653671665	9.021473038851159	0.06291310760887237
kew-x-bible.txt.clean.txt	290	337	48798	0.0069060207385548585	7.8672547957368995	9.025271600421924	0.06304333706777743
kew-x-bible.txt.clean.txt	291	338	48745	0.006934044517386399	7.869577668100872	9.031511392675473	0.06324358922313489
kew-x-bible.txt.clean.txt	292	339	48693	0.006961986322469349	7.872371057477379	9.03540100431649	0.06338625090316619
kew-x-bible.txt.clean.txt	293	340	48641	0.006989987870315166	7.875522792257671	9.03952592658506	0.06348475744965532
kew-x-bible.txt.clean.txt	294	341	48590	0.007017904918707553	7.881110285651622	9.041986875295507	0.06329227389953207
kew-x-bible.txt.clean.txt	295	342	48539	0.007045880632069058	7.885613300448852	9.044550007451885	0.06322743401548658
kew-x-bible.txt.clean.txt	296	343	48489	0.007073769308502959	7.890869012132915	9.04680167896729	0.06307191511675903
kew-x-bible.txt.clean.txt	297	344	48439	0.007101715559776213	7.8939329025904055	9.05063509390064	0.06317530573848107
kew-x-bible.txt.clean.txt	298	345	48389	0.007129719564363802	7.89695453028443	9.056079298425336	0.06328225182593594
kew-x-bible.txt.clean.txt	299	346	48339	0.007157781501479137	7.901056458802846	9.05889439721992	0.06325966651210413
kew-x-bible.txt.clean.txt	300	347	48290	0.0071857527438393045	7.906234910389053	9.061167623586588	0.06310819741649376
kew-x-bible.txt.clean.txt	301	348	48241	0.007213780808855538	7.9074372978337255	9.068299836201609	0.06342648133062878
kew-x-bible.txt.clean.txt	302	349	48192	0.007241865869853917	7.911776817141604	9.070877127837818	0.06337174557569147
kew-x-bible.txt.clean.txt	303	350	48143	0.007270008100866169	7.91751102608298	9.073068999294048	0.06315072226773844
kew-x-bible.txt.clean.txt	304	351	48094	0.00729820767663326	7.922608341222125	9.075746484940078	0.06300393411187788
kew-x-bible.txt.clean.txt	305	352	48045	0.007326464772609013	7.926995993678426	9.079190562915706	0.06293988165656916
kew-x-bible.txt.clean.txt	306	353	47996	0.007354779564963747	7.931312281787453	9.082599034798328	0.06288303406610574
kew-x-bible.txt.clean.txt	307	354	47948	0.007382998248102111	7.933016258612039	9.087656564386062	0.06313346651648388
kew-x-bible.txt.clean.txt	308	355	47900	0.007411273486430062	7.9375073948361425	9.090138612179814	0.06305338743964539
kew-x-bible.txt.clean.txt	309	356	47852	0.007439605450137925	7.94342935819939	9.092055672051274	0.06280330511837673
kew-x-bible.txt.clean.txt	310	357	47804	0.007467994310099573	7.948198567519098	9.094635049742172	0.06268814520642119
kew-x-bible.txt.clean.txt	311	358	47756	0.007496440237875869	7.947900896537842	9.11004475866294	0.06316908509053332
kew-x-bible.txt.clean.txt	312	359	47709	0.007524785679850762	7.950915938285341	9.113508537575836	0.06325803660273166
kew-x-bible.txt.clean.txt	313	360	47662	0.0075531870253031765	7.9531279329448985	9.117560127121092	0.063440235867672
kew-x-bible.txt.clean.txt	314	361	47615	0.007581644439777381	7.957211208670957	9.120476480607937	0.06340077796896793
kew-x-bible.txt.clean.txt	315	362	47569	0.0076099981080115205	7.960613446645786	9.12381968444446	0.06344026087071353
kew-x-bible.txt.clean.txt	316	363	47523	0.0076384066662458176	7.96648309735433	9.125693190227752	0.06318834101227311
kew-x-bible.txt.clean.txt	317	364	47477	0.007666870274027424	7.971329910463325	9.127962089512895	0.06305567452235095
kew-x-bible.txt.clean.txt	318	365	47431	0.007695389091522422	7.975790854588839	9.130635837841352	0.06296726666996355
kew-x-bible.txt.clean.txt	319	366	47385	0.007723963279518835	7.981308431760309	9.13256299077366	0.0627536687144925
kew-x-bible.txt.clean.txt	320	367	47340	0.007752429235318969	7.982243196554143	9.138480365857372	0.06307699534821443
kew-x-bible.txt.clean.txt	321	368	47295	0.007780949360397505	7.983598809533233	9.146586679276226	0.06334947165369875
kew-x-bible.txt.clean.txt	322	369	47251	0.007809358532094559	7.988688712897396	9.148701568290196	0.06318261459750496
kew-x-bible.txt.clean.txt	323	370	47207	0.00783782066218993	7.991019260798893	9.152969742251825	0.06333818294472526
kew-x-bible.txt.clean.txt	324	371	47163	0.007866335898903802	7.992996721314126	9.157105559696994	0.06353382068867353
kew-x-bible.txt.clean.txt	325	372	47120	0.007894736842105263	7.996701385122433	9.161226242912058	0.06352586220553136
kew-x-bible.txt.clean.txt	326	373	47077	0.007923189667990738	7.999285678443697	9.165332454832663	0.06364791250365431
kew-x-bible.txt.clean.txt	327	374	47034	0.007951694518858698	8.001326298286779	9.170172745985157	0.06383232695352958
kew-x-bible.txt.clean.txt	328	375	46992	0.007980081716036772	8.00533553312072	9.172761695626031	0.0637852185255744
kew-x-bible.txt.clean.txt	329	376	46950	0.008008519701810437	8.005592249696377	9.179628233903074	0.06417568529592121
kew-x-bible.txt.clean.txt	330	377	46908	0.008037008612603393	8.010186697663137	9.182044579069748	0.06405784828450467
kew-x-bible.txt.clean.txt	331	378	46866	0.008065548585328383	8.011035063861423	9.187790871899999	0.06437651879610196
kew-x-bible.txt.clean.txt	332	379	46824	0.008094139757389374	8.013318123353084	9.191496454289144	0.06452631659279384
kew-x-bible.txt.clean.txt	333	380	46782	0.008122782266683767	8.01793087168679	9.193674827389398	0.06440303802874092
kew-x-bible.txt.clean.txt	334	381	46740	0.008151476251604622	8.020105572435195	9.197447690419002	0.06456314366021465
kew-x-bible.txt.clean.txt	335	382	46699	0.008180046681941798	8.021480093038562	9.202447592327093	0.06481531309009991
kew-x-bible.txt.clean.txt	336	383	46658	0.008208667323931588	8.025375747138192	9.204977916940647	0.06477238580782374
kew-x-bible.txt.clean.txt	337	384	46617	0.008237338310058562	8.028139602968565	9.20818612597122	0.06486025975137533
kew-x-bible.txt.clean.txt	338	385	46576	0.00826605977327379	8.032584694756265	9.210395956526334	0.06475124211508942
kew-x-bible.txt.clean.txt	339	386	46535	0.008294831846996885	8.035236810662406	9.2143454485568	0.06484992874434414
kew-x-bible.txt.clean.txt	340	387	46494	0.00832365466511808	8.039073803175498	9.218425309488254	0.06480963877870372
kew-x-bible.txt.clean.txt	341	388	46453	0.008352528362000301	8.042260821145945	9.221624776323573	0.06484391542965451
kew-x-bible.txt.clean.txt	342	389	46412	0.008381453072481254	8.04474504062403	9.228996926770415	0.06495880712995561
kew-x-bible.txt.clean.txt	343	390	46372	0.00841024756318468	8.047627503113771	9.232200596703558	0.06502629621890454
kew-x-bible.txt.clean.txt	344	391	46332	0.008439091772425106	8.051356553831413	9.234745846377244	0.06499438297413185
kew-x-bible.txt.clean.txt	345	392	46292	0.008467985829084939	8.05530920110623	9.237108234525833	0.0649355176356996
kew-x-bible.txt.clean.txt	346	393	46252	0.008496929862492432	8.057340841059773	9.241256115560189	0.06509858036076488
kew-x-bible.txt.clean.txt	347	394	46212	0.008525924002423612	8.059783332005972	9.245394400591081	0.06521284019444162
kew-x-bible.txt.clean.txt	348	395	46172	0.00855496837910422	8.061371843747423	9.250229643081465	0.06542499979822525
kew-x-bible.txt.clean.txt	349	396	46132	0.008584063123211654	8.062589103757247	9.255407400973487	0.06567900033283525
kew-x-bible.txt.clean.txt	350	397	46093	0.008613021500010847	8.065833908899318	9.258222346054065	0.06569693082087413
