file	merge	types	tokens	TTR	H	Hcross	R
pes-x-bible-2007.txt.clean.txt	0	80	90989	0.0008792271593269516	5.076981812994999	8.647956027478866	0.19692509361173693
pes-x-bible-2007.txt.clean.txt	1	81	89724	0.0009027684900361107	5.1256854933726155	8.60940644313628	0.19151312869540527
pes-x-bible-2007.txt.clean.txt	2	82	88672	0.0009247564056297366	5.163002440041776	8.578384330010735	0.18789458013219473
pes-x-bible-2007.txt.clean.txt	3	83	87625	0.0009472182596291013	5.21253319435996	8.546985405551812	0.18235279161894524
pes-x-bible-2007.txt.clean.txt	4	84	86608	0.0009698873083317938	5.255754634868665	8.516192087657783	0.17780136885255438
pes-x-bible-2007.txt.clean.txt	5	85	85630	0.000992642765385963	5.305777576617461	8.484056126970028	0.17218693172510358
pes-x-bible-2007.txt.clean.txt	6	86	84824	0.0010138640007545034	5.360675984484632	8.454827356660351	0.1658177511964123
pes-x-bible-2007.txt.clean.txt	7	87	84022	0.0010354430982361762	5.358110017548671	8.46395843052905	0.16837544501190016
pes-x-bible-2007.txt.clean.txt	8	88	83234	0.0010572602542230339	5.411236321095342	8.43577034467739	0.16227361158489761
pes-x-bible-2007.txt.clean.txt	9	89	82469	0.0010791933938813373	5.448506104686867	8.412116969751846	0.15862717902614987
pes-x-bible-2007.txt.clean.txt	10	90	81816	0.0011000293341155763	5.47078667135271	8.410351794192149	0.1572842776670731
pes-x-bible-2007.txt.clean.txt	11	91	81183	0.0011209243314487024	5.501933780266281	8.391925619981143	0.15456247708235982
pes-x-bible-2007.txt.clean.txt	12	92	80552	0.0011421193763035058	5.54338214084018	8.370913256973378	0.15025224284208005
pes-x-bible-2007.txt.clean.txt	13	93	79939	0.001163387082650521	5.570885926596688	8.355188437505944	0.14807300334510054
pes-x-bible-2007.txt.clean.txt	14	94	79343	0.001184729591772431	5.591943569265567	8.342201650599444	0.14686585294601406
pes-x-bible-2007.txt.clean.txt	15	95	78780	0.0012058898197512059	5.623029938671676	8.325834834620549	0.1441166634558365
pes-x-bible-2007.txt.clean.txt	16	96	78217	0.0012273546671439713	5.662988214023034	8.307523885471172	0.1400120785193767
pes-x-bible-2007.txt.clean.txt	17	97	77655	0.0012491146738780503	5.697641241060649	8.291193375933787	0.13670962370276962
pes-x-bible-2007.txt.clean.txt	18	98	77104	0.0012710105831085288	5.7348638565392385	8.27413892929906	0.13301354228843865
pes-x-bible-2007.txt.clean.txt	19	99	76615	0.0012921751615218953	5.767899910713426	8.260037154471366	0.12994574869557074
pes-x-bible-2007.txt.clean.txt	20	100	76156	0.0013130941751142392	5.78775084618096	8.252258859571908	0.128856693934971
pes-x-bible-2007.txt.clean.txt	21	101	75701	0.001334196377854982	5.79503902936348	8.262378171925382	0.12964028787976734
pes-x-bible-2007.txt.clean.txt	22	102	75249	0.0013554997408603436	5.821757555919679	8.251680325501694	0.12749004184443524
pes-x-bible-2007.txt.clean.txt	23	103	74802	0.0013769685302532017	5.81873502334695	8.29878868543332	0.12977872361012532
pes-x-bible-2007.txt.clean.txt	24	104	74362	0.0013985637825771227	5.848620184324377	8.286399232334453	0.1271289004377516
pes-x-bible-2007.txt.clean.txt	25	105	73927	0.0014203200454502415	5.86777993669868	8.278487987007937	0.126070096593917
pes-x-bible-2007.txt.clean.txt	26	106	73535	0.0014414904467260489	5.890546267528328	8.2698113344483	0.12446255758968183
pes-x-bible-2007.txt.clean.txt	27	107	73152	0.0014627077865266842	5.911451979778947	8.26297673886354	0.12312082938275914
pes-x-bible-2007.txt.clean.txt	28	108	72769	0.0014841484698154433	5.93936975579325	8.253007626898627	0.120730026385935
pes-x-bible-2007.txt.clean.txt	29	109	72395	0.0015056288417708405	5.9602237776509375	8.24577191042112	0.119376262281778
pes-x-bible-2007.txt.clean.txt	30	110	72021	0.0015273323058552367	5.99057869988846	8.235726313439523	0.1166109817267289
pes-x-bible-2007.txt.clean.txt	31	111	71673	0.001548700347411159	6.015733056520389	8.22782923529145	0.11460629215915474
pes-x-bible-2007.txt.clean.txt	32	112	71347	0.0015697927032671311	6.025843264772746	8.229761957427531	0.11480401216521796
pes-x-bible-2007.txt.clean.txt	33	113	71022	0.0015910562924164344	6.045250495877569	8.224817815579742	0.11362289330061781
pes-x-bible-2007.txt.clean.txt	34	114	70704	0.0016123557365919892	6.064365289829944	8.219990782925027	0.11247432971138538
pes-x-bible-2007.txt.clean.txt	35	115	70396	0.00163361554633786	6.0756148282446025	8.220261297198642	0.11246458865184727
pes-x-bible-2007.txt.clean.txt	36	116	70120	0.0016543069024529378	6.088353185723305	8.226150680959538	0.11222367194529537
pes-x-bible-2007.txt.clean.txt	37	117	69846	0.001675113821836612	6.113230780647897	8.220908621021096	0.11020287420511465
pes-x-bible-2007.txt.clean.txt	38	118	69575	0.0016960114983830398	6.132238760912916	8.217557216824707	0.109028505919467
pes-x-bible-2007.txt.clean.txt	39	119	69305	0.0017170478320467498	6.144272230320625	8.219411755889503	0.10885647144751043
pes-x-bible-2007.txt.clean.txt	40	120	69038	0.0017381731799878328	6.150277534838285	8.234726993810158	0.10954467141137247
pes-x-bible-2007.txt.clean.txt	41	121	68772	0.0017594369801663468	6.15952477541224	8.236441175141568	0.10974902029736677
pes-x-bible-2007.txt.clean.txt	42	122	68506	0.0017808659095553674	6.180091255368218	8.232348216713063	0.10830681435961398
pes-x-bible-2007.txt.clean.txt	43	123	68252	0.001802144992088144	6.1909534248269935	8.233285237724564	0.1082548808409759
pes-x-bible-2007.txt.clean.txt	44	124	68004	0.001823422151638139	6.201687970347386	8.235997118690195	0.10820924610878946
pes-x-bible-2007.txt.clean.txt	45	125	67758	0.0018448006139496443	6.2176380924079	8.23423085894466	0.10740300900524946
pes-x-bible-2007.txt.clean.txt	46	126	67519	0.0018661413824256877	6.228235281600219	8.235414374281985	0.10735482166579957
pes-x-bible-2007.txt.clean.txt	47	127	67286	0.0018874654460065987	6.250206596380648	8.23212732516585	0.10566767903970142
pes-x-bible-2007.txt.clean.txt	48	128	67059	0.0019087669067537542	6.271261886422721	8.229300147464274	0.1041054447967541
pes-x-bible-2007.txt.clean.txt	49	129	66837	0.001930068674536559	6.2869602055481755	8.22838709287298	0.10330103753445596
pes-x-bible-2007.txt.clean.txt	50	130	66615	0.0019515124221271486	6.30440650559326	8.226707334803676	0.10223920571394385
pes-x-bible-2007.txt.clean.txt	51	131	66410	0.00197259448878181	6.320000600593938	8.226757848934824	0.10143317141419805
pes-x-bible-2007.txt.clean.txt	52	132	66206	0.001993776999063529	6.322102090959857	8.237683316203492	0.10253430119897622
pes-x-bible-2007.txt.clean.txt	53	132	66003	0.0019999090950411345	6.324366270892794	8.234866536078732	0.10221288534765194
pes-x-bible-2007.txt.clean.txt	54	133	65804	0.00202115372925658	6.339569642010855	8.234637253699088	0.10144353539823836
pes-x-bible-2007.txt.clean.txt	55	134	65607	0.002042464980870944	6.357616290227654	8.233637715999174	0.10026379247899364
pes-x-bible-2007.txt.clean.txt	56	135	65411	0.0020638730488755715	6.373888532672472	8.233230820923195	0.09932815893511393
pes-x-bible-2007.txt.clean.txt	57	136	65215	0.002085409798359273	6.380047207210229	8.245069738250166	0.09981225297194096
pes-x-bible-2007.txt.clean.txt	58	137	65021	0.0021070115808738714	6.389795636571256	8.25035571380948	0.09977926812833893
pes-x-bible-2007.txt.clean.txt	59	138	64831	0.0021286113124893953	6.402049108784377	8.252252945618922	0.09938424665897416
pes-x-bible-2007.txt.clean.txt	60	139	64643	0.002150271491112727	6.412465193100728	8.255375326061227	0.09923889977537081
pes-x-bible-2007.txt.clean.txt	61	140	64460	0.0021718895439031957	6.4298767199123645	8.254786386333254	0.0981033149294599
pes-x-bible-2007.txt.clean.txt	62	141	64279	0.0021935624387436022	6.442692150181387	8.256208363031115	0.09760546115874225
pes-x-bible-2007.txt.clean.txt	63	142	64101	0.0022152540521988735	6.455733828894615	8.257447946515196	0.09706822898907608
pes-x-bible-2007.txt.clean.txt	64	143	63926	0.002236961486719019	6.462597974991341	8.26285315176763	0.09738629774048269
pes-x-bible-2007.txt.clean.txt	65	144	63752	0.002258752666583009	6.457255616493711	8.322557774374324	0.09939704875647082
pes-x-bible-2007.txt.clean.txt	66	145	63581	0.0022805555118667526	6.471477090298009	8.322769899821553	0.0986686587302531
pes-x-bible-2007.txt.clean.txt	67	146	63423	0.0023020040048562823	6.469662144587003	8.344720131076116	0.10016411504833667
pes-x-bible-2007.txt.clean.txt	68	147	63265	0.0023235596301272427	6.477857081941856	8.348313650513614	0.10025668229363205
pes-x-bible-2007.txt.clean.txt	69	148	63110	0.0023451117097131992	6.488233068106069	8.350637075967736	0.10003813894702429
pes-x-bible-2007.txt.clean.txt	70	149	62956	0.0023667323209860857	6.497050184736063	8.353912108612457	0.10002790954101037
pes-x-bible-2007.txt.clean.txt	71	150	62802	0.0023884589662749593	6.511587843878582	8.354519246749877	0.09921826474362694
pes-x-bible-2007.txt.clean.txt	72	151	62649	0.0024102539545722995	6.518618178720455	8.358928899591039	0.09943994381719767
pes-x-bible-2007.txt.clean.txt	73	152	62497	0.002432116741603597	6.532169549769614	8.359790610626565	0.09875346605583046
pes-x-bible-2007.txt.clean.txt	74	153	62345	0.002454086133611356	6.541199509189178	8.363920796486568	0.09868403742878273
pes-x-bible-2007.txt.clean.txt	75	154	62196	0.00247604347546466	6.550342491040388	8.367546952875838	0.0985915914334814
pes-x-bible-2007.txt.clean.txt	76	155	62050	0.0024979854955680903	6.562659129964081	8.368985374375114	0.09805567298890427
pes-x-bible-2007.txt.clean.txt	77	156	61905	0.0025199903077295855	6.576008541581357	8.369997619248515	0.09737193032997382
pes-x-bible-2007.txt.clean.txt	78	157	61761	0.0025420572853418824	6.58043159780412	8.376583127172388	0.09790627582606315
pes-x-bible-2007.txt.clean.txt	79	158	61618	0.0025641857898665976	6.588512104152209	8.380408560259085	0.09793128636883197
pes-x-bible-2007.txt.clean.txt	80	159	61476	0.0025863751707983604	6.599593741691269	8.38215624591199	0.0975387159830936
pes-x-bible-2007.txt.clean.txt	81	160	61334	0.0026086672970945966	6.604850298051156	8.389551106953828	0.09793565131251647
pes-x-bible-2007.txt.clean.txt	82	161	61193	0.002631019887895674	6.616990746158371	8.390881690442171	0.09738565364007445
pes-x-bible-2007.txt.clean.txt	83	162	61055	0.0026533453443616413	6.621914150632113	8.398276893707099	0.09781342288607475
pes-x-bible-2007.txt.clean.txt	84	163	60918	0.0026757280278407037	6.619362587196011	8.419121154706334	0.09925058482604632
pes-x-bible-2007.txt.clean.txt	85	164	60783	0.002698122830396657	6.625581148513621	8.424571500357196	0.09948565170114043
pes-x-bible-2007.txt.clean.txt	86	165	60651	0.0027204827620319534	6.632609406986905	8.429351595571013	0.09960368090333804
pes-x-bible-2007.txt.clean.txt	87	166	60522	0.002742804269521827	6.6428280555395	8.431967888915551	0.0992823675891451
pes-x-bible-2007.txt.clean.txt	88	167	60393	0.0027652211348997402	6.651657584242337	8.434680549327101	0.09914355711371914
pes-x-bible-2007.txt.clean.txt	89	168	60266	0.0027876414562107987	6.66350798236203	8.43623724539804	0.0985901171087391
pes-x-bible-2007.txt.clean.txt	90	169	60140	0.0028101097439308283	6.675984867477727	8.437620558758198	0.09794708521405215
pes-x-bible-2007.txt.clean.txt	91	170	60014	0.002832672376445496	6.683640890684119	8.441432161486823	0.09795002743260506
pes-x-bible-2007.txt.clean.txt	92	171	59890	0.002855234596760728	6.695810463216433	8.443089748738617	0.09733842108891966
pes-x-bible-2007.txt.clean.txt	93	172	59769	0.002877745988723251	6.700606661892078	8.450149373198226	0.0977150851443257
pes-x-bible-2007.txt.clean.txt	94	173	59648	0.002900348712446352	6.709250109971667	8.453051019265319	0.09756750377491785
pes-x-bible-2007.txt.clean.txt	95	174	59528	0.002922994221206827	6.721014677448345	8.454863640064568	0.09699506906145883
pes-x-bible-2007.txt.clean.txt	96	175	59410	0.0029456320484766876	6.73209559515071	8.457118821474845	0.09650988354627099
pes-x-bible-2007.txt.clean.txt	97	176	59292	0.0029683599811104367	6.738016242245355	8.463270316100717	0.09671184257383558
pes-x-bible-2007.txt.clean.txt	98	177	59175	0.002991128010139417	6.749681275943939	8.46496826893904	0.09613848365773414
pes-x-bible-2007.txt.clean.txt	99	178	59059	0.003013935217325048	6.752592393840498	8.477600550057918	0.09673178475445166
pes-x-bible-2007.txt.clean.txt	100	179	58944	0.0030367806731813247	6.762390346424793	8.480049367035631	0.09639807449979532
pes-x-bible-2007.txt.clean.txt	101	180	58831	0.003059611429348473	6.77195686039815	8.482865042541782	0.09609054351108515
pes-x-bible-2007.txt.clean.txt	102	181	58718	0.003082530058925713	6.783883129018272	8.484492687740277	0.095463662699792
pes-x-bible-2007.txt.clean.txt	103	182	58608	0.0031053781053781053	6.793809359342555	8.486954577474794	0.09509920223886748
pes-x-bible-2007.txt.clean.txt	104	183	58499	0.0031282586027111575	6.804749601203879	8.489157588794123	0.09459534738982944
pes-x-bible-2007.txt.clean.txt	105	184	58390	0.003151224524747388	6.813659289843061	8.491986086195643	0.09435725662396244
pes-x-bible-2007.txt.clean.txt	106	185	58282	0.003174221886688858	6.821889416331536	8.495113236303993	0.09420476812976841
pes-x-bible-2007.txt.clean.txt	107	186	58174	0.003197304637810706	6.8323542283267775	8.497238501243798	0.09375112005066977
pes-x-bible-2007.txt.clean.txt	108	187	58067	0.003220417793238845	6.8419929181983665	8.499787225514853	0.09340286198990588
pes-x-bible-2007.txt.clean.txt	109	188	57961	0.003243560325046152	6.8519675557767785	8.50224337615541	0.09300589478735544
pes-x-bible-2007.txt.clean.txt	110	189	57855	0.003266787658802178	6.85697301205024	8.507499808859556	0.09326194171082491
pes-x-bible-2007.txt.clean.txt	111	190	57749	0.0032901002614763894	6.866041657221357	8.510119993876597	0.09297587530401685
pes-x-bible-2007.txt.clean.txt	112	191	57644	0.0033134411213656236	6.8793243464965235	8.511518523286556	0.0921294673143358
pes-x-bible-2007.txt.clean.txt	113	192	57541	0.0033367511861107733	6.88590543553047	8.515341610220782	0.09216354927584969
pes-x-bible-2007.txt.clean.txt	114	193	57439	0.0033600863524782813	6.890662385436019	8.521358204949127	0.09243314099602484
pes-x-bible-2007.txt.clean.txt	115	194	57337	0.00338350454331409	6.900528952521293	8.523637249667175	0.09202525136650952
pes-x-bible-2007.txt.clean.txt	116	195	57237	0.003406887153414749	6.912293355109875	8.52551041274595	0.09136410934904649
pes-x-bible-2007.txt.clean.txt	117	196	57139	0.0034302315406289923	6.919616662225699	8.528980066290915	0.09128295051540158
pes-x-bible-2007.txt.clean.txt	118	197	57042	0.003453595596227341	6.921719705570711	8.539178036615311	0.09188236061292154
pes-x-bible-2007.txt.clean.txt	119	198	56945	0.0034770392483975767	6.930546295892421	8.542033558432024	0.09159492195554186
pes-x-bible-2007.txt.clean.txt	120	199	56849	0.0035005013280796494	6.941046990773273	8.54432358851146	0.09108443380851394
pes-x-bible-2007.txt.clean.txt	121	200	56754	0.0035239806885858267	6.94850698504653	8.548401651215725	0.09096837871680152
pes-x-bible-2007.txt.clean.txt	122	201	56660	0.0035474761736674905	6.959641150207837	8.550501596328653	0.09036803943805982
pes-x-bible-2007.txt.clean.txt	123	202	56570	0.003570797242354605	6.9694177189092565	8.553161020589796	0.08994185723309855
pes-x-bible-2007.txt.clean.txt	124	203	56481	0.0035941289991324515	6.973717755953844	8.561229739216476	0.09022672570431911
pes-x-bible-2007.txt.clean.txt	125	204	56392	0.003617534402042843	6.981613949066762	8.564984352920357	0.09003820332088408
pes-x-bible-2007.txt.clean.txt	126	205	56303	0.0036410138003303556	6.986662916184596	8.570013221869113	0.09021667799692168
pes-x-bible-2007.txt.clean.txt	127	206	56215	0.003664502357022147	6.996186387091373	8.57266819142871	0.08980863757838276
pes-x-bible-2007.txt.clean.txt	128	207	56127	0.003688064567855043	6.996697759066247	8.586728981770895	0.09056871120758492
pes-x-bible-2007.txt.clean.txt	129	208	56040	0.0037116345467523197	7.005799358686058	8.589614977704183	0.09020788226139398
pes-x-bible-2007.txt.clean.txt	130	209	55955	0.003735144312393888	7.008255081039178	8.604256664872377	0.09070604328423915
pes-x-bible-2007.txt.clean.txt	131	210	55870	0.0037587256130302486	7.015925077546825	8.607761971491003	0.09052349170377039
pes-x-bible-2007.txt.clean.txt	132	211	55785	0.0037823787756565384	7.025467787261608	8.610275355169113	0.09009486660435628
pes-x-bible-2007.txt.clean.txt	133	212	55700	0.0038061041292639136	7.033555077990503	8.613217138450812	0.08985151706144767
pes-x-bible-2007.txt.clean.txt	134	213	55619	0.0038296265664611016	7.040336066776492	8.616918494308063	0.08977370677673513
pes-x-bible-2007.txt.clean.txt	135	214	55538	0.0038532176167668983	7.041916767346017	8.629223866677984	0.09036403827387973
pes-x-bible-2007.txt.clean.txt	136	215	55458	0.0038768076742760286	7.050816166211444	8.632160850754708	0.09000507562417825
pes-x-bible-2007.txt.clean.txt	137	216	55378	0.003900465888981184	7.059525437065414	8.63510016930148	0.08966758897586347
pes-x-bible-2007.txt.clean.txt	138	217	55298	0.003924192556692828	7.057970474658706	8.659001373250302	0.09064950249180825
pes-x-bible-2007.txt.clean.txt	139	218	55218	0.0039479879749357094	7.065574803812375	8.66225813403976	0.09044707123176143
pes-x-bible-2007.txt.clean.txt	140	219	55139	0.00397178040951051	7.073979742785504	8.665052231043585	0.09013845799805342
pes-x-bible-2007.txt.clean.txt	141	220	55061	0.003995568551243166	7.0830102698021005	8.667718391615836	0.08974645427440775
pes-x-bible-2007.txt.clean.txt	142	221	54985	0.004019277984904974	7.089023597094156	8.671574470990008	0.08973904808997601
pes-x-bible-2007.txt.clean.txt	143	222	54910	0.004042979420870515	7.097738003966148	8.674446664097568	0.08938166430041816
pes-x-bible-2007.txt.clean.txt	144	223	54835	0.004066745691620316	7.100291295230682	8.681161715641654	0.08981125430115833
pes-x-bible-2007.txt.clean.txt	145	224	54760	0.0040905770635500365	7.109779624013313	8.683753134205451	0.08934848037630228
pes-x-bible-2007.txt.clean.txt	146	225	54686	0.004114398566360677	7.11495856441754	8.688263315540969	0.08943462962400306
pes-x-bible-2007.txt.clean.txt	147	226	54612	0.004138284626089504	7.118327937123673	8.694400590248838	0.08974871657857242
pes-x-bible-2007.txt.clean.txt	148	227	54538	0.004162235505519088	7.125808384873402	8.69753424860106	0.08953373298017708
pes-x-bible-2007.txt.clean.txt	149	228	54465	0.0041861746075461306	7.124461945942884	8.713499509915593	0.09044274424136678
pes-x-bible-2007.txt.clean.txt	150	229	54392	0.00421017796734814	7.13226514840923	8.716456755848018	0.09017990331634573
pes-x-bible-2007.txt.clean.txt	151	230	54319	0.004234245843995656	7.137042693733746	8.720734019133094	0.09029994973039979
pes-x-bible-2007.txt.clean.txt	152	231	54247	0.00425829999815658	7.13950388930352	8.729099703477068	0.09071165524466174
pes-x-bible-2007.txt.clean.txt	153	232	54175	0.0042824180895246885	7.145648928010092	8.732851626435753	0.09065077499667773
pes-x-bible-2007.txt.clean.txt	154	233	54104	0.0043065207748040815	7.14830116423972	8.739909602925241	0.09103103197794815
pes-x-bible-2007.txt.clean.txt	155	234	54034	0.004330606655069031	7.152816251204608	8.747347171388386	0.09117092967665907
pes-x-bible-2007.txt.clean.txt	156	235	53964	0.00435475502186643	7.160999379618009	8.750109121591441	0.0908418748796106
pes-x-bible-2007.txt.clean.txt	157	236	53895	0.004378884868726227	7.169380995839171	8.752825545852325	0.0904851391920396
pes-x-bible-2007.txt.clean.txt	158	237	53826	0.004403076580091406	7.175258174435436	8.756719629273896	0.0904434397155045
pes-x-bible-2007.txt.clean.txt	159	238	53757	0.0044273303941812225	7.179735881533651	8.76223555599034	0.09057610995122856
pes-x-bible-2007.txt.clean.txt	160	239	53688	0.004451646550439577	7.1876476318934595	8.764951064331845	0.09027100360265017
pes-x-bible-2007.txt.clean.txt	161	240	53619	0.004476025289542886	7.192421296610459	8.769049006122954	0.0903603370198236
pes-x-bible-2007.txt.clean.txt	162	241	53550	0.00450046685340803	7.199279014991984	8.772222688967494	0.09018328083657645
pes-x-bible-2007.txt.clean.txt	163	242	53482	0.004524886877828055	7.203159725613786	8.778455818297191	0.09037957724688894
pes-x-bible-2007.txt.clean.txt	164	243	53414	0.004549369079267607	7.208868876816599	8.78187537566265	0.0903420272042309
pes-x-bible-2007.txt.clean.txt	165	244	53346	0.004573913695497319	7.2164219533281315	8.784677010390931	0.09006922734050149
pes-x-bible-2007.txt.clean.txt	166	245	53279	0.004598434655305092	7.224987895140832	8.787134954802642	0.08966643676216057
pes-x-bible-2007.txt.clean.txt	167	246	53213	0.004622930486911093	7.232042860493378	8.790109160668953	0.08945172770767462
pes-x-bible-2007.txt.clean.txt	168	247	53147	0.0046474871582591675	7.238638904579583	8.79322476614365	0.08929234222908389
pes-x-bible-2007.txt.clean.txt	169	248	53081	0.004672104896290575	7.23906485269061	8.809762475758571	0.08990618659517124
pes-x-bible-2007.txt.clean.txt	170	249	53015	0.004696783929076676	7.246875464939151	8.812334662982781	0.0895887304067089
pes-x-bible-2007.txt.clean.txt	171	250	52950	0.004721435316336166	7.2506838341286795	8.818583559935934	0.08977150585289073
pes-x-bible-2007.txt.clean.txt	172	251	52886	0.00474605755776576	7.256195815796518	8.82251973290228	0.08973766916191794
pes-x-bible-2007.txt.clean.txt	173	252	52822	0.004770739464617015	7.258539761200392	8.830162745431531	0.09009840060673058
pes-x-bible-2007.txt.clean.txt	174	253	52758	0.0047954812540278256	7.26702324215506	8.832528325814483	0.08968694836594138
pes-x-bible-2007.txt.clean.txt	175	254	52694	0.00482028314419099	7.269027030311788	8.839107818470634	0.09008462402477868
pes-x-bible-2007.txt.clean.txt	176	255	52630	0.004845145354360631	7.277193936381468	8.84146104937558	0.08970825547577699
pes-x-bible-2007.txt.clean.txt	177	256	52567	0.004869975459889284	7.2803282693868905	8.852715768707892	0.08995896632663869
pes-x-bible-2007.txt.clean.txt	178	257	52505	0.004894771926483192	7.287793641591255	8.855309914989107	0.08966582222181596
pes-x-bible-2007.txt.clean.txt	179	258	52443	0.004919627023625651	7.295136701209383	8.857907404140967	0.08938587452117386
pes-x-bible-2007.txt.clean.txt	180	259	52382	0.004944446565614142	7.3022004003178544	8.860695733171664	0.08913870230205012
pes-x-bible-2007.txt.clean.txt	181	260	52321	0.0049693239808107645	7.305204991930633	8.866235797018206	0.08939540517366173
pes-x-bible-2007.txt.clean.txt	182	261	52261	0.0049941639080767685	7.312198222645758	8.86898280693839	0.0891524856207746
pes-x-bible-2007.txt.clean.txt	183	262	52201	0.005019060937529933	7.315505274750585	8.874931347432192	0.08936635437340579
pes-x-bible-2007.txt.clean.txt	184	263	52141	0.005044015266297156	7.323034045145666	8.877459424941751	0.08905238939466642
pes-x-bible-2007.txt.clean.txt	185	264	52081	0.00506902709241374	7.33075041264993	8.879930886571657	0.0887131704538412
pes-x-bible-2007.txt.clean.txt	186	265	52022	0.005093998692860713	7.332787519561654	8.886737251809327	0.0890775802158229
pes-x-bible-2007.txt.clean.txt	187	266	51963	0.005119026999980756	7.338597311993956	8.889874912765826	0.08897082495191766
pes-x-bible-2007.txt.clean.txt	188	267	51904	0.005144112207151665	7.3456853989622966	8.892466246730557	0.08870332521965829
pes-x-bible-2007.txt.clean.txt	189	268	51846	0.0051691548046136635	7.348297337503567	8.900567320818787	0.08898883163892568
pes-x-bible-2007.txt.clean.txt	190	269	51788	0.005194253495018151	7.34990793366916	8.908941852344768	0.08939574967663133
pes-x-bible-2007.txt.clean.txt	191	270	51730	0.005219408467040402	7.350907223758517	8.91871998883684	0.08987556600368252
pes-x-bible-2007.txt.clean.txt	192	271	51672	0.0052446199102028175	7.357041103904691	8.92173776382198	0.08971721923699072
pes-x-bible-2007.txt.clean.txt	193	272	51615	0.005269785914947206	7.363797592456526	8.924362079214351	0.08947988547196006
pes-x-bible-2007.txt.clean.txt	194	273	51558	0.00529500756429652	7.368321834411324	8.928752439623086	0.08951650147086787
pes-x-bible-2007.txt.clean.txt	195	274	51501	0.0053202850430088735	7.373545392366904	8.931860477141903	0.08946453696053536
pes-x-bible-2007.txt.clean.txt	196	275	51445	0.005345514627271844	7.3782227704706855	8.93578434528551	0.08947788293890369
pes-x-bible-2007.txt.clean.txt	197	276	51389	0.005370799198272004	7.382969103567877	8.939397468251526	0.08948056543182492
pes-x-bible-2007.txt.clean.txt	198	277	51333	0.005396138935967116	7.3837105768157425	8.950851851797962	0.08997470886962133
pes-x-bible-2007.txt.clean.txt	199	278	51277	0.005421534021101079	7.387538878463032	8.956844032551103	0.09008590993691312
pes-x-bible-2007.txt.clean.txt	200	279	51222	0.00544687829448284	7.392776264485958	8.960168578064177	0.09002143361379267
pes-x-bible-2007.txt.clean.txt	201	280	51167	0.005472277053569684	7.400175169432846	8.96251801644231	0.08968907171669904
pes-x-bible-2007.txt.clean.txt	202	281	51112	0.005497730474252622	7.402035237663069	8.973848495083566	0.09003598455827744
pes-x-bible-2007.txt.clean.txt	203	282	51057	0.005523238733180563	7.407474311911093	8.977068948552681	0.08994071156906591
pes-x-bible-2007.txt.clean.txt	204	283	51002	0.005548802007764401	7.413623603013345	8.979724145046777	0.0897563308395316
pes-x-bible-2007.txt.clean.txt	205	284	50948	0.005574311062259559	7.419207301660586	8.982690991774529	0.08963956882732027
pes-x-bible-2007.txt.clean.txt	206	285	50894	0.005599874248437929	7.425550109775733	8.985221547166326	0.08942786822760174
pes-x-bible-2007.txt.clean.txt	207	286	50840	0.005625491738788356	7.431489498635395	8.987844020304218	0.089263887637543
pes-x-bible-2007.txt.clean.txt	208	287	50786	0.005651163706533297	7.438153363502447	8.99026081905987	0.08900941182793565
pes-x-bible-2007.txt.clean.txt	209	288	50732	0.0056768903256327365	7.4414150214338495	8.995399960568552	0.08916972675757151
pes-x-bible-2007.txt.clean.txt	210	289	50679	0.005702559245446832	7.44623595450768	8.998825739871293	0.08913716849473485
pes-x-bible-2007.txt.clean.txt	211	290	50626	0.005728281910480781	7.452230895335367	9.001486896319395	0.08895920317352068
pes-x-bible-2007.txt.clean.txt	212	291	50573	0.005754058489707947	7.45359100521809	9.007578758833922	0.0893458124959482
pes-x-bible-2007.txt.clean.txt	213	292	50520	0.005779889152810768	7.458829959670995	9.010490816821727	0.08925644181430281
pes-x-bible-2007.txt.clean.txt	214	293	50468	0.005805659031465483	7.462704947804943	9.014781203846308	0.08933174218857487
pes-x-bible-2007.txt.clean.txt	215	294	50416	0.005831482069184386	7.469053001596535	9.017230555830725	0.08910348029942028
pes-x-bible-2007.txt.clean.txt	216	295	50364	0.0058573584306250495	7.475506648211846	9.019608912729996	0.08886076837158985
pes-x-bible-2007.txt.clean.txt	217	296	50314	0.005883054418253369	7.482563238754008	9.021992350416117	0.08854306060355477
pes-x-bible-2007.txt.clean.txt	218	297	50264	0.005908801527932516	7.487647201063336	9.025038770000402	0.08846404784753381
pes-x-bible-2007.txt.clean.txt	219	298	50214	0.0059345999123750345	7.492391441630313	9.028302104559796	0.08842464745947098
pes-x-bible-2007.txt.clean.txt	220	299	50164	0.00596044972490232	7.497551262790067	9.031167115749	0.08833296005850733
pes-x-bible-2007.txt.clean.txt	221	300	50115	0.00598623166716552	7.500075062560521	9.038461283437208	0.08855993251826588
pes-x-bible-2007.txt.clean.txt	222	301	50066	0.006012064075420445	7.503240444198035	9.042558106790814	0.08870694314716077
pes-x-bible-2007.txt.clean.txt	223	302	50017	0.006037947097986685	7.502796751481303	9.05230807171881	0.08929010058615294
pes-x-bible-2007.txt.clean.txt	224	303	49969	0.006063759530909164	7.5062568516769765	9.057221805756267	0.08939725562913603
pes-x-bible-2007.txt.clean.txt	225	303	49921	0.006069589952124356	7.504738631443173	9.05834961754634	0.08958143471316937
pes-x-bible-2007.txt.clean.txt	226	304	49873	0.006095482525615062	7.508946164701534	9.06185500375678	0.089596004273505
pes-x-bible-2007.txt.clean.txt	227	305	49825	0.006121424987456096	7.5127876571475944	9.065407219182806	0.08965318918580967
pes-x-bible-2007.txt.clean.txt	228	306	49777	0.0061474174819695845	7.517997268809575	9.068187506589656	0.08954291453530283
pes-x-bible-2007.txt.clean.txt	229	307	49729	0.006173460154034869	7.523632133127624	9.07075500426523	0.0893795975552576
pes-x-bible-2007.txt.clean.txt	230	308	49682	0.006199428364397568	7.529527452987288	9.073381730470507	0.08918327382451563
pes-x-bible-2007.txt.clean.txt	231	309	49636	0.006225320332017084	7.533822041108495	9.076941226733037	0.08917902241808917
pes-x-bible-2007.txt.clean.txt	232	310	49590	0.006251260334744909	7.540050844352539	9.079448757851237	0.08893940265719202
pes-x-bible-2007.txt.clean.txt	233	311	49544	0.006277248506378169	7.544016692206578	9.08279948417829	0.0889716788902738
pes-x-bible-2007.txt.clean.txt	234	312	49498	0.006303284981211362	7.550629924649995	9.085180684881799	0.08868275489866961
pes-x-bible-2007.txt.clean.txt	235	313	49452	0.006329369894038664	7.550664786016769	9.095296447315672	0.08918605307989336
pes-x-bible-2007.txt.clean.txt	236	314	49406	0.0063555033801562565	7.554327766541096	9.098679340689916	0.08924976858640021
pes-x-bible-2007.txt.clean.txt	237	315	49360	0.006381685575364668	7.560880272402235	9.10097403299913	0.08896363898208659
pes-x-bible-2007.txt.clean.txt	238	316	49315	0.006407786677481497	7.5661612324766025	9.103677163503114	0.0888293583452846
pes-x-bible-2007.txt.clean.txt	239	317	49270	0.0064339354576821595	7.571698800350317	9.106292553696385	0.08866275522903522
pes-x-bible-2007.txt.clean.txt	240	318	49225	0.0064601320467242256	7.575823596001517	9.10948161308719	0.08866471033545609
pes-x-bible-2007.txt.clean.txt	241	319	49180	0.006486376575843839	7.5828244513952034	9.111729970117308	0.08831931232484025
pes-x-bible-2007.txt.clean.txt	242	320	49135	0.006512669176757912	7.586974478462061	9.11501230628942	0.08831530482423
pes-x-bible-2007.txt.clean.txt	243	321	49091	0.006538876779857815	7.5920906413760845	9.117911853940171	0.08819372660057356
pes-x-bible-2007.txt.clean.txt	244	322	49047	0.006565131404571126	7.5963644993561	9.12149096310075	0.08817185305115605
pes-x-bible-2007.txt.clean.txt	245	323	49003	0.006591433177560557	7.601898716895494	9.124037297003742	0.08799727506287425
pes-x-bible-2007.txt.clean.txt	246	324	48959	0.0066177822259441575	7.605483790061076	9.127528822688006	0.08805508643075632
pes-x-bible-2007.txt.clean.txt	247	325	48915	0.0066441786772973525	7.608893035147609	9.131535025321316	0.08813240576362669
pes-x-bible-2007.txt.clean.txt	248	326	48871	0.0066706226596550105	7.611377866113772	9.136226917974545	0.08831887618039413
pes-x-bible-2007.txt.clean.txt	249	327	48828	0.00669697714426149	7.614547186332622	9.14043724749001	0.08842172352470523
pes-x-bible-2007.txt.clean.txt	250	328	48785	0.006723378087526904	7.616028831165031	9.147313589618282	0.08872492483963168
pes-x-bible-2007.txt.clean.txt	251	329	48742	0.00674982561240819	7.618293037549173	9.151726434955954	0.08893275969181536
pes-x-bible-2007.txt.clean.txt	252	330	48700	0.006776180698151951	7.622339647827415	9.154970176325024	0.08892588013781966
pes-x-bible-2007.txt.clean.txt	253	331	48658	0.006802581281598093	7.628201762001403	9.15739770452182	0.08870067758139066
pes-x-bible-2007.txt.clean.txt	254	332	48616	0.006829027480664802	7.6340210777480175	9.159810850653834	0.08847938683432954
pes-x-bible-2007.txt.clean.txt	255	333	48574	0.0068555194136781	7.637483020241448	9.163395298045213	0.08853823211340661
pes-x-bible-2007.txt.clean.txt	256	334	48532	0.006882057199373609	7.6402817653843424	9.167541659564229	0.08867470764171281
pes-x-bible-2007.txt.clean.txt	257	335	48490	0.006908640956898329	7.643818076142964	9.171069439790667	0.088721706678213
pes-x-bible-2007.txt.clean.txt	258	336	48448	0.006935270805812417	7.64868860865623	9.173659405038723	0.08860828024737755
pes-x-bible-2007.txt.clean.txt	259	337	48407	0.006961803045014151	7.650933757742266	9.179810314345893	0.08880625477463955
pes-x-bible-2007.txt.clean.txt	260	338	48366	0.0069883802671298016	7.654764132265032	9.182839552154423	0.0888139521196778
pes-x-bible-2007.txt.clean.txt	261	339	48325	0.0070150025866528715	7.659221676393054	9.185600693879422	0.08874565526526579
pes-x-bible-2007.txt.clean.txt	262	340	48284	0.007041670118465744	7.6604841703601405	9.19117735489544	0.08905600553772364
pes-x-bible-2007.txt.clean.txt	263	341	48244	0.00706823646463809	7.659748867929344	9.205043087343515	0.0896021392263141
pes-x-bible-2007.txt.clean.txt	264	342	48204	0.007094846900672144	7.663012565907265	9.20842060729521	0.08967132028552338
pes-x-bible-2007.txt.clean.txt	265	343	48164	0.007121501536417241	7.667670136213835	9.211078548376939	0.08957359636902829
pes-x-bible-2007.txt.clean.txt	266	344	48124	0.007148200482087939	7.6731929211888925	9.213421606362305	0.08937196437994299
pes-x-bible-2007.txt.clean.txt	267	345	48084	0.0071749438482655355	7.678376950663452	9.215832484736868	0.0892093984745218
pes-x-bible-2007.txt.clean.txt	268	346	48044	0.007201731745899592	7.68230542026407	9.218675063712114	0.08919454267203031
pes-x-bible-2007.txt.clean.txt	269	347	48005	0.007228413706905531	7.684983054638763	9.222818543468687	0.08932662531653635
pes-x-bible-2007.txt.clean.txt	270	348	47966	0.007255139056831923	7.687266924283542	9.22679464674577	0.0895039238313915
pes-x-bible-2007.txt.clean.txt	271	349	47927	0.007281907901600351	7.6919781358641295	9.229345010563696	0.08939240565341888
pes-x-bible-2007.txt.clean.txt	272	350	47888	0.007308720347477447	7.692437894702964	9.239661901671447	0.08978277871523355
pes-x-bible-2007.txt.clean.txt	273	351	47849	0.007335576501076303	7.696266041356129	9.243105951347825	0.08977312872358478
pes-x-bible-2007.txt.clean.txt	274	352	47810	0.007362476469357875	7.70146963493948	9.245474404466474	0.08959963480618738
pes-x-bible-2007.txt.clean.txt	275	353	47772	0.007389265678640207	7.704274676850904	9.250651067780524	0.08970845512279468
pes-x-bible-2007.txt.clean.txt	276	354	47734	0.007416097540537144	7.707269721877708	9.255254157527347	0.08979348692002265
pes-x-bible-2007.txt.clean.txt	277	355	47696	0.007442972156994297	7.711883259460853	9.257805380668536	0.08968615246727407
pes-x-bible-2007.txt.clean.txt	278	356	47658	0.007469889630282429	7.716686632821201	9.260242520951703	0.08955529386660421
pes-x-bible-2007.txt.clean.txt	279	357	47620	0.00749685006299874	7.7181712741611985	9.268391601760145	0.08981470818278348
pes-x-bible-2007.txt.clean.txt	280	358	47582	0.007523853558068177	7.721496324490599	9.27138723811603	0.08985572916571272
pes-x-bible-2007.txt.clean.txt	281	359	47544	0.007550900218744742	7.72665338366178	9.273675963551511	0.08967966492394186
pes-x-bible-2007.txt.clean.txt	282	360	47506	0.007577990148612807	7.731326507764752	9.276237272439717	0.0895595554866151
pes-x-bible-2007.txt.clean.txt	283	361	47469	0.007604963239166614	7.736299283039132	9.278610572723899	0.0894030961503276
pes-x-bible-2007.txt.clean.txt	284	362	47432	0.00763197841119919	7.740212803381265	9.281473904767969	0.08937021844787996
pes-x-bible-2007.txt.clean.txt	285	363	47395	0.007659035763266167	7.745386363680096	9.28377095759895	0.08918801933192133
pes-x-bible-2007.txt.clean.txt	286	364	47358	0.007686135394231176	7.750216505181448	9.28613358339324	0.08904518351180557
pes-x-bible-2007.txt.clean.txt	287	365	47321	0.007713277403267048	7.749708607157009	9.294753075473615	0.08952845290600431
pes-x-bible-2007.txt.clean.txt	288	366	47284	0.007740461889857034	7.749216947420436	9.303303784719306	0.0900082090044706
pes-x-bible-2007.txt.clean.txt	289	367	47247	0.007767688953796008	7.752619786594778	9.306336065419194	0.09002925048501487
pes-x-bible-2007.txt.clean.txt	290	368	47210	0.007794958695191697	7.752170439485397	9.314902666275824	0.09050107461510848
pes-x-bible-2007.txt.clean.txt	291	369	47173	0.007822271214465902	7.756147424560527	9.317411577384215	0.09045226166563602
pes-x-bible-2007.txt.clean.txt	292	370	47137	0.007849460084434733	7.755278563544664	9.327596222517583	0.0909703663543231
pes-x-bible-2007.txt.clean.txt	293	371	47101	0.007876690516124923	7.758149981570185	9.330947692779489	0.09104866108705323
pes-x-bible-2007.txt.clean.txt	294	372	47065	0.007903962604908105	7.763187124867717	9.333154380688724	0.09087214600469817
pes-x-bible-2007.txt.clean.txt	295	373	47029	0.007931276446447937	7.768159333771207	9.335343809359077	0.09070228260730973
pes-x-bible-2007.txt.clean.txt	296	374	46993	0.007958632136701211	7.772551745629223	9.337793051399778	0.09059930690528195
pes-x-bible-2007.txt.clean.txt	297	375	46957	0.00798602977191899	7.776159459936075	9.340411393580144	0.09058709664648912
pes-x-bible-2007.txt.clean.txt	298	376	46921	0.008013469448647727	7.77944076429788	9.34317889944158	0.09061196286806272
pes-x-bible-2007.txt.clean.txt	299	377	46886	0.008040779763682122	7.784058602723131	9.34567924737155	0.09047955650801198
pes-x-bible-2007.txt.clean.txt	300	378	46851	0.008068130883012102	7.786830617526453	9.349482617826505	0.09056176738246935
pes-x-bible-2007.txt.clean.txt	301	379	46816	0.008095522898154477	7.789020039032054	9.355222585118465	0.09071084488569725
pes-x-bible-2007.txt.clean.txt	302	380	46781	0.008122955900899937	7.790561179709869	9.361230259545456	0.0909343709202649
pes-x-bible-2007.txt.clean.txt	303	381	46746	0.00815042998331408	7.796045659743019	9.363245229616858	0.09069670243541361
pes-x-bible-2007.txt.clean.txt	304	382	46711	0.008177945237738434	7.798087555603413	9.371357932142796	0.09085954404949648
pes-x-bible-2007.txt.clean.txt	305	383	46677	0.008205325963536646	7.802313503077439	9.373726139929719	0.09076667902252855
pes-x-bible-2007.txt.clean.txt	306	384	46643	0.008232746607207941	7.804958946288648	9.376832733723422	0.09085695532938964
pes-x-bible-2007.txt.clean.txt	307	385	46609	0.008260207256109335	7.80712189100969	9.380329217276753	0.09100229519030778
pes-x-bible-2007.txt.clean.txt	308	386	46575	0.008287707997852925	7.808925598000975	9.384176826053395	0.0911882871067835
pes-x-bible-2007.txt.clean.txt	309	387	46541	0.008315248920306826	7.814028472523294	9.386243912892263	0.09098929942327538
pes-x-bible-2007.txt.clean.txt	310	388	46507	0.008342830111596105	7.816514268764647	9.389416369823545	0.09109378057641415
pes-x-bible-2007.txt.clean.txt	311	389	46473	0.008370451660103716	7.819823961464644	9.392202308971328	0.09110139749133961
pes-x-bible-2007.txt.clean.txt	312	390	46439	0.008398113654471457	7.821364546920267	9.398498011901678	0.09131353604192671
pes-x-bible-2007.txt.clean.txt	313	391	46405	0.008425816183600904	7.824288181004235	9.401605819758323	0.0913638776826109
pes-x-bible-2007.txt.clean.txt	314	392	46371	0.008453559336654374	7.825629403279338	9.407005918489368	0.09159686804482425
pes-x-bible-2007.txt.clean.txt	315	393	46337	0.008481343203055873	7.831144745374708	9.408874613069623	0.09134434247314505
pes-x-bible-2007.txt.clean.txt	316	394	46303	0.008509167872492063	7.831850363003865	9.41782675037284	0.09164888741092403
pes-x-bible-2007.txt.clean.txt	317	395	46269	0.008537033434913225	7.834873410396781	9.42133791951413	0.09168352967345506
pes-x-bible-2007.txt.clean.txt	318	396	46236	0.008564754736568907	7.835952789248969	9.426398854432803	0.09194240842758472
pes-x-bible-2007.txt.clean.txt	319	397	46203	0.008592515637512716	7.837961996437027	9.43067604639516	0.09209239464989416
pes-x-bible-2007.txt.clean.txt	320	397	46170	0.008598657136668833	7.83790638171869	9.430273028551177	0.09209883676147501
pes-x-bible-2007.txt.clean.txt	321	398	46137	0.008626481999263065	7.841396918162928	9.432701709671608	0.09207621464630289
pes-x-bible-2007.txt.clean.txt	322	399	46104	0.008654346694429984	7.841249525413186	9.441120431318112	0.09247369914937764
pes-x-bible-2007.txt.clean.txt	323	400	46071	0.008682251307764103	7.8464170196942025	9.443000679258443	0.09225502513841632
pes-x-bible-2007.txt.clean.txt	324	401	46038	0.008710195925105347	7.852016586065627	9.444804095275686	0.09198562180487857
pes-x-bible-2007.txt.clean.txt	325	402	46005	0.00873818063253994	7.85465504386241	9.448331174111217	0.0920577839256892
pes-x-bible-2007.txt.clean.txt	326	403	45972	0.008766205516401287	7.857959354488882	9.450805501853175	0.0920520136737153
pes-x-bible-2007.txt.clean.txt	327	404	45939	0.00879427066327086	7.860290761978963	9.454565439158458	0.0921576843395876
pes-x-bible-2007.txt.clean.txt	328	405	45906	0.008822376159979087	7.864599490316646	9.456571408127262	0.09203406026533911
pes-x-bible-2007.txt.clean.txt	329	406	45873	0.008850522093606261	7.868332341076739	9.459075507067308	0.0919760738331924
pes-x-bible-2007.txt.clean.txt	330	407	45841	0.008878514866604131	7.8726032414316265	9.461202560911811	0.09185515141564882
pes-x-bible-2007.txt.clean.txt	331	408	45809	0.008906546748455544	7.874514815421587	9.468235105112871	0.09200546503275175
pes-x-bible-2007.txt.clean.txt	332	409	45777	0.008934617821176574	7.876938732174491	9.471620482363289	0.09209569592535616
pes-x-bible-2007.txt.clean.txt	333	410	45745	0.008962728167012789	7.879229740572317	9.475916752654275	0.09220026427374683
pes-x-bible-2007.txt.clean.txt	334	411	45713	0.00899087786844005	7.877687093982636	9.489241842437398	0.09274536358832886
pes-x-bible-2007.txt.clean.txt	335	412	45681	0.00901906700816532	7.878776993155669	9.494759647852511	0.09298606861300351
pes-x-bible-2007.txt.clean.txt	336	413	45649	0.009047295669127473	7.880533520174593	9.502312720939937	0.09314898046088194
pes-x-bible-2007.txt.clean.txt	337	414	45617	0.009075563934498104	7.883967152932423	9.504672432407187	0.09311796388773308
pes-x-bible-2007.txt.clean.txt	338	415	45586	0.00910367218005528	7.885335507239462	9.509567151281406	0.09332356554701937
pes-x-bible-2007.txt.clean.txt	339	416	45555	0.00913181868071562	7.888926334952905	9.511765406894561	0.09327268614896778
pes-x-bible-2007.txt.clean.txt	340	417	45524	0.009160003514629646	7.891225752327371	9.514660486244807	0.09336935023002169
pes-x-bible-2007.txt.clean.txt	341	418	45493	0.009188226760160904	7.893146515703686	9.517931178354173	0.09350856029095667
pes-x-bible-2007.txt.clean.txt	342	419	45462	0.009216488495886674	7.895546070065824	9.520755167317919	0.0935918355939519
pes-x-bible-2007.txt.clean.txt	343	420	45431	0.009244788800598711	7.898648293189215	9.52321463912389	0.09359355584180795
pes-x-bible-2007.txt.clean.txt	344	421	45400	0.009273127753303965	7.901733171881677	9.525634142396349	0.09359641395106
pes-x-bible-2007.txt.clean.txt	345	422	45369	0.00930150543322533	7.902513594779357	9.53690276798952	0.09386266297576362
pes-x-bible-2007.txt.clean.txt	346	423	45339	0.009329716138423873	7.905216216874025	9.539987139026916	0.09390754029841308
pes-x-bible-2007.txt.clean.txt	347	424	45309	0.009357964201372795	7.907931077090612	9.542933252874183	0.09395014330634444
pes-x-bible-2007.txt.clean.txt	348	425	45279	0.009386249696327216	7.912113658699575	9.544891775697236	0.09382378188388274
pes-x-bible-2007.txt.clean.txt	349	426	45249	0.009414572697739177	7.917054659167153	9.54665525627605	0.09360986187398224
pes-x-bible-2007.txt.clean.txt	350	427	45219	0.009442933280258298	7.920104203456228	9.549224856733616	0.09361174405816919
