file	merge	types	tokens	TTR	H	Hcross	R
tgl-x-bible-1996.txt.clean.txt	0	52	127995	0.0004062658697605375	4.343692691670558	8.370009888702716	0.23800743338322117
tgl-x-bible-1996.txt.clean.txt	1	53	121901	0.0004347790420094995	4.411821994694793	8.311829565607106	0.22976898340477547
tgl-x-bible-1996.txt.clean.txt	2	54	118556	0.0004554809541482506	4.520331157797296	8.23895943639051	0.21452310647289952
tgl-x-bible-1996.txt.clean.txt	3	55	115847	0.00047476412854886185	4.636202149280172	8.167578065351416	0.19807754939820754
tgl-x-bible-1996.txt.clean.txt	4	56	113226	0.0004945860491406567	4.715782330006481	8.11571846005279	0.1879638160059912
tgl-x-bible-1996.txt.clean.txt	5	57	110830	0.0005143011819904358	4.796329025055091	8.062803600147836	0.17770967506543722
tgl-x-bible-1996.txt.clean.txt	6	58	108936	0.0005324227069104795	4.857344941749731	8.023595548907288	0.17081585860557225
tgl-x-bible-1996.txt.clean.txt	7	59	107093	0.0005509230295164016	4.916046314491555	7.9802250406334565	0.1643133412582537
tgl-x-bible-1996.txt.clean.txt	8	60	105452	0.0005689792512233053	4.980545174579215	7.940716508928943	0.1568245434777471
tgl-x-bible-1996.txt.clean.txt	9	61	103843	0.0005874252477297458	5.054145447090089	7.898094968794011	0.1478048749387062
tgl-x-bible-1996.txt.clean.txt	10	62	102521	0.0006047541479306678	5.107708305483776	7.866695980884236	0.14216662682525805
tgl-x-bible-1996.txt.clean.txt	11	63	101272	0.0006220870526897859	5.161030202946356	7.838266958124619	0.13655872420236537
tgl-x-bible-1996.txt.clean.txt	12	64	100048	0.0006396929473852551	5.208874028956497	7.810476328569103	0.13185432850725043
tgl-x-bible-1996.txt.clean.txt	13	65	98873	0.0006574089994235029	5.256256874480544	7.787070682504192	0.12721091808616358
tgl-x-bible-1996.txt.clean.txt	14	66	97733	0.0006753092609456376	5.295578367564578	7.76993876629955	0.12388599039159842
tgl-x-bible-1996.txt.clean.txt	15	67	96737	0.0006925995224164488	5.3353453008232	7.749835240374871	0.1204637562507429
tgl-x-bible-1996.txt.clean.txt	16	68	95793	0.0007098639775348929	5.333610943775063	7.794518554094034	0.12383679656604496
tgl-x-bible-1996.txt.clean.txt	17	69	94861	0.0007273800613529269	5.37205515301687	7.777474501036736	0.12056419008752506
tgl-x-bible-1996.txt.clean.txt	18	70	94022	0.0007445066048371657	5.40953054136451	7.761410337082051	0.11742849426117785
tgl-x-bible-1996.txt.clean.txt	19	71	93188	0.0007619006739065116	5.449265011292454	7.745600291881338	0.11390421339286672
tgl-x-bible-1996.txt.clean.txt	20	72	92369	0.0007794822938431725	5.479634636812938	7.734694463096078	0.11187986312119003
tgl-x-bible-1996.txt.clean.txt	21	73	91556	0.0007973262265717157	5.512812795284807	7.720870035168452	0.10937495193203162
tgl-x-bible-1996.txt.clean.txt	22	74	90777	0.000815184463024775	5.538932450684012	7.7137480293311915	0.10798388770522993
tgl-x-bible-1996.txt.clean.txt	23	75	90019	0.0008331574445394861	5.571074699102756	7.701497840010077	0.10559690754793194
tgl-x-bible-1996.txt.clean.txt	24	76	89318	0.0008508923173380506	5.598922443045924	7.692247916397894	0.10387525607510728
tgl-x-bible-1996.txt.clean.txt	25	77	88622	0.0008688587483920471	5.621056039897736	7.686926423664774	0.1030401301534618
tgl-x-bible-1996.txt.clean.txt	26	78	87953	0.0008868372880970519	5.646850954286475	7.68640369671758	0.10159274495743575
tgl-x-bible-1996.txt.clean.txt	27	79	87374	0.0009041591320072332	5.678601052895954	7.678799891951651	0.09917535527578991
tgl-x-bible-1996.txt.clean.txt	28	80	86796	0.0009217014608968155	5.709307809949538	7.670985774687174	0.09690402607287807
tgl-x-bible-1996.txt.clean.txt	29	81	86243	0.000939206660250687	5.730033225032453	7.668242464255631	0.0961878873435027
tgl-x-bible-1996.txt.clean.txt	30	82	85716	0.0009566475337159923	5.756467670858521	7.66476106135596	0.09454650678798049
tgl-x-bible-1996.txt.clean.txt	31	83	85195	0.000974235577205235	5.754477843955089	7.697100272319194	0.09734239200787531
tgl-x-bible-1996.txt.clean.txt	32	84	84677	0.0009920049127862347	5.777600774092733	7.694140536757377	0.09616491297749241
tgl-x-bible-1996.txt.clean.txt	33	85	84163	0.0010099449877024346	5.801302906648381	7.69004254251209	0.09487454198819001
tgl-x-bible-1996.txt.clean.txt	34	86	83671	0.001027835211722102	5.7941055638678725	7.743631445651895	0.09837117127358852
tgl-x-bible-1996.txt.clean.txt	35	87	83180	0.001045924501081991	5.790005741621879	7.843128841121146	0.10134153041192195
tgl-x-bible-1996.txt.clean.txt	36	88	82697	0.0010641256635669975	5.813872781819928	7.838160298770632	0.09994050172382796
tgl-x-bible-1996.txt.clean.txt	37	89	82215	0.0010825275193091285	5.836798307964846	7.835580453386129	0.09866606305105441
tgl-x-bible-1996.txt.clean.txt	38	90	81741	0.0011010386464564907	5.858173715884336	7.8313194119335305	0.09761147873225984
tgl-x-bible-1996.txt.clean.txt	39	91	81269	0.00111973815353948	5.876122466743196	7.829151536668287	0.09706393768999055
tgl-x-bible-1996.txt.clean.txt	40	92	80814	0.0011384166109832455	5.901154478105978	7.8245879946895	0.09540914643619514
tgl-x-bible-1996.txt.clean.txt	41	93	80381	0.0011569898359064953	5.923360806143105	7.821262786513371	0.09417082881040806
tgl-x-bible-1996.txt.clean.txt	42	94	79949	0.0011757495403319617	5.944151892261057	7.818505602265484	0.09313123572355575
tgl-x-bible-1996.txt.clean.txt	43	95	79525	0.0011945928953159383	5.967851969382671	7.814988913587024	0.09163118260695147
tgl-x-bible-1996.txt.clean.txt	44	96	79124	0.0012132854759617814	5.981279489652139	7.8190573594855195	0.0916759983071892
tgl-x-bible-1996.txt.clean.txt	45	97	78737	0.001231949401170987	5.995884581057355	7.820707196975162	0.09152064210132893
tgl-x-bible-1996.txt.clean.txt	46	98	78368	0.00125051041241323	6.011144989377835	7.822586374395479	0.09124585491445802
tgl-x-bible-1996.txt.clean.txt	47	99	77999	0.001269247041628739	6.033111441949243	7.820574619434882	0.08994012727033018
tgl-x-bible-1996.txt.clean.txt	48	100	77635	0.001288078830424422	6.049737175276881	7.821729627367325	0.08942382217908729
tgl-x-bible-1996.txt.clean.txt	49	101	77273	0.0013070542103969045	6.0678923271765814	7.821367762518003	0.08866031923204065
tgl-x-bible-1996.txt.clean.txt	50	102	76918	0.0013260875217764373	6.087452250054237	7.821418566174853	0.08767023412575448
tgl-x-bible-1996.txt.clean.txt	51	103	76573	0.0013451216486228827	6.106079615333045	7.82166390261525	0.08680488537921105
tgl-x-bible-1996.txt.clean.txt	52	104	76232	0.001364256480218281	6.129530569072708	7.819340132692864	0.08520472880648067
tgl-x-bible-1996.txt.clean.txt	53	105	75891	0.0013835632683717436	6.146710165272439	7.819546090130719	0.08452704788652998
tgl-x-bible-1996.txt.clean.txt	54	106	75552	0.0014030072003388394	6.163899834776531	7.819742173286741	0.0838328311988471
tgl-x-bible-1996.txt.clean.txt	55	107	75214	0.0014226074932858245	6.179971479500896	7.822236768575595	0.08328981036811367
tgl-x-bible-1996.txt.clean.txt	56	108	74882	0.0014422691701610534	6.184025492166139	7.838673204056026	0.08451095740891201
tgl-x-bible-1996.txt.clean.txt	57	109	74550	0.0014621059691482226	6.194373420878277	7.8500072863067984	0.08478062599418956
tgl-x-bible-1996.txt.clean.txt	58	110	74232	0.0014818407155943528	6.213727259322006	7.849566304118011	0.08370481410543296
tgl-x-bible-1996.txt.clean.txt	59	111	73923	0.001501562436589424	6.227877379566645	7.8534377149324435	0.0833829571117789
tgl-x-bible-1996.txt.clean.txt	60	112	73620	0.0015213257267047	6.238090316543327	7.858314774223182	0.08362493391812298
tgl-x-bible-1996.txt.clean.txt	61	113	73330	0.0015409791354152461	6.249373794952857	7.86346780163015	0.08369357616683348
tgl-x-bible-1996.txt.clean.txt	62	114	73045	0.0015606817715107125	6.260935987746976	7.869654980932911	0.08370601974158687
tgl-x-bible-1996.txt.clean.txt	63	115	72767	0.00158038671375761	6.278043026788946	7.870877139807404	0.08289355764634354
tgl-x-bible-1996.txt.clean.txt	64	116	72493	0.0016001544976756376	6.289789866974063	7.875548779413419	0.08285107942952807
tgl-x-bible-1996.txt.clean.txt	65	117	72221	0.0016200274158485759	6.304480722933475	7.8784955169344775	0.08236593248636781
tgl-x-bible-1996.txt.clean.txt	66	118	71963	0.0016397315287022497	6.313575122220356	7.8857629092488555	0.08268159819711263
tgl-x-bible-1996.txt.clean.txt	67	119	71708	0.0016595080046856697	6.311374848286837	7.910599859167875	0.08462049832934049
tgl-x-bible-1996.txt.clean.txt	68	120	71472	0.0016789791806581598	6.31442380486997	7.925557706629263	0.0857790901039095
tgl-x-bible-1996.txt.clean.txt	69	121	71242	0.0016984363156564949	6.327132128482334	7.929826657332701	0.085524325094963
tgl-x-bible-1996.txt.clean.txt	70	122	71013	0.0017179952966358272	6.345306165971957	7.9311051337796705	0.0844688152324049
tgl-x-bible-1996.txt.clean.txt	71	123	70787	0.0017376071877604645	6.359419691119639	7.933935255713687	0.08398899473255172
tgl-x-bible-1996.txt.clean.txt	72	124	70562	0.0017573198038604348	6.373232587399433	7.936742905067929	0.08354146145108199
tgl-x-bible-1996.txt.clean.txt	73	125	70340	0.0017770827409724196	6.38780451390691	7.939572259215122	0.08297411276829614
tgl-x-bible-1996.txt.clean.txt	74	126	70119	0.0017969451931716084	6.3975211375571455	7.951107424937448	0.08309237873488595
tgl-x-bible-1996.txt.clean.txt	75	127	69901	0.0018168552667343816	6.401114290750921	7.967777506966225	0.08407453224114814
tgl-x-bible-1996.txt.clean.txt	76	128	69683	0.0018368899157613764	6.4143465063730405	7.970480669850868	0.08366478480385131
tgl-x-bible-1996.txt.clean.txt	77	129	69466	0.001857023579880805	6.4139993618575435	8.00130565891926	0.08518164820627494
tgl-x-bible-1996.txt.clean.txt	78	130	69253	0.001877174996029053	6.42529527573487	8.006295890822528	0.08502438966324832
tgl-x-bible-1996.txt.clean.txt	79	131	69042	0.0018973957880710293	6.430668314255383	8.018099299003543	0.0856986259962339
tgl-x-bible-1996.txt.clean.txt	80	132	68831	0.0019177405529485262	6.443243734798072	8.020788591778427	0.08533741502457692
tgl-x-bible-1996.txt.clean.txt	81	133	68621	0.0019381821891257779	6.453949167564929	8.026486074034192	0.08523163649841092
tgl-x-bible-1996.txt.clean.txt	82	134	68415	0.001958634802309435	6.469228644667076	8.02793958201551	0.08446830059783439
tgl-x-bible-1996.txt.clean.txt	83	135	68213	0.0019790948939351735	6.480367767457084	8.031834148314012	0.0842819515944867
tgl-x-bible-1996.txt.clean.txt	84	136	68014	0.0019995883200517543	6.493386720546741	8.034572553293089	0.08382070340403991
tgl-x-bible-1996.txt.clean.txt	85	137	67820	0.002020053081686818	6.501250330107777	8.04191580645599	0.08407707176829726
tgl-x-bible-1996.txt.clean.txt	86	138	67635	0.0020403637170104236	6.51521776276946	8.044401292896026	0.08346411377159646
tgl-x-bible-1996.txt.clean.txt	87	139	67451	0.0020607552148967398	6.526675331039179	8.048194685884393	0.08319576403766249
tgl-x-bible-1996.txt.clean.txt	88	140	67267	0.0020812582692850876	6.538117797331948	8.05194513346109	0.08292071141066082
tgl-x-bible-1996.txt.clean.txt	89	141	67085	0.002101811135127078	6.544793410804113	8.07190629144379	0.08330466611110654
tgl-x-bible-1996.txt.clean.txt	90	142	66913	0.002122158623884746	6.556948142863769	8.075164667929828	0.08291188020115337
tgl-x-bible-1996.txt.clean.txt	91	143	66742	0.0021425788858589795	6.567192633295673	8.079333212593543	0.08277784272997757
tgl-x-bible-1996.txt.clean.txt	92	144	66573	0.0021630390698932	6.5715102094098246	8.089271647271545	0.08346179240537521
tgl-x-bible-1996.txt.clean.txt	93	145	66405	0.0021835705142685038	6.5839145123159755	8.092339863491791	0.08300865236968058
tgl-x-bible-1996.txt.clean.txt	94	146	66238	0.002204172831305293	6.579651513878344	8.144742952009672	0.08486619388341832
tgl-x-bible-1996.txt.clean.txt	95	147	66072	0.0022248456229567743	6.571915677305727	8.21209439116706	0.08719239396788203
tgl-x-bible-1996.txt.clean.txt	96	148	65911	0.0022454522006948763	6.584442203237533	8.214363248991653	0.08669328043248836
tgl-x-bible-1996.txt.clean.txt	97	149	65755	0.00226598737738575	6.590042050839667	8.224018868678838	0.08714666624546652
tgl-x-bible-1996.txt.clean.txt	98	150	65599	0.002286620222869251	6.597490877112929	8.229514805345412	0.08733485240306171
tgl-x-bible-1996.txt.clean.txt	99	151	65444	0.0023073161787176824	6.604512025014303	8.234996672009558	0.08757353825034664
tgl-x-bible-1996.txt.clean.txt	100	152	65289	0.002328110401445879	6.6174167749934725	8.237451139009622	0.08699186592037933
tgl-x-bible-1996.txt.clean.txt	101	153	65136	0.002348931466470155	6.627527952080612	8.240722961521843	0.08678878740733631
tgl-x-bible-1996.txt.clean.txt	102	154	64986	0.0023697411750223125	6.637787125093803	8.244721693739976	0.08655812470596513
tgl-x-bible-1996.txt.clean.txt	103	155	64841	0.0023904628244474945	6.649603860952148	8.24789266618452	0.0861063540733229
tgl-x-bible-1996.txt.clean.txt	104	156	64697	0.0024112400884121364	6.658421795658455	8.25207623271882	0.08605982269318113
tgl-x-bible-1996.txt.clean.txt	105	157	64556	0.002431997025838032	6.669154964495491	8.255643170149604	0.08574342737299556
tgl-x-bible-1996.txt.clean.txt	106	158	64416	0.0024528067560854448	6.677330629938512	8.260165634375156	0.08577066314524062
tgl-x-bible-1996.txt.clean.txt	107	159	64276	0.002473707137967515	6.685460485158842	8.264927632005907	0.08579687025786908
tgl-x-bible-1996.txt.clean.txt	108	160	64138	0.002494620973525835	6.691690141635821	8.270994118396217	0.08607540870165253
tgl-x-bible-1996.txt.clean.txt	109	161	64000	0.002515625	6.704056202875664	8.273461459611916	0.0855091778642797
tgl-x-bible-1996.txt.clean.txt	110	162	63863	0.002536680080797958	6.711216118683769	8.27844796740606	0.08564669359098576
tgl-x-bible-1996.txt.clean.txt	111	163	63728	0.002557745418026613	6.717780847084574	8.284252151462704	0.08585802793415764
tgl-x-bible-1996.txt.clean.txt	112	164	63595	0.0025788190895510653	6.730371954626477	8.286750849430259	0.0852430332259897
tgl-x-bible-1996.txt.clean.txt	113	165	63463	0.002599940122591116	6.736980743421267	8.292179410879008	0.08543496367935932
tgl-x-bible-1996.txt.clean.txt	114	166	63331	0.0026211492002336926	6.74407721036286	8.301150218581533	0.08555374203183475
tgl-x-bible-1996.txt.clean.txt	115	167	63204	0.002642237833048541	6.751560139360889	8.306056228291574	0.0856134167991377
tgl-x-bible-1996.txt.clean.txt	116	168	63077	0.0026634113860836755	6.761258791419481	8.30999482825437	0.08536682007386875
tgl-x-bible-1996.txt.clean.txt	117	169	62951	0.0026846277263268257	6.769792057905849	8.314042633169597	0.08527194420739825
tgl-x-bible-1996.txt.clean.txt	118	170	62827	0.0027058430292708547	6.772342644942566	8.3302144771914	0.08597849630096721
tgl-x-bible-1996.txt.clean.txt	119	171	62704	0.002727098749681041	6.782452035444786	8.333444172175428	0.08565827888408561
tgl-x-bible-1996.txt.clean.txt	120	172	62581	0.0027484380243204807	6.7881433267809275	8.339777774979709	0.08592764316908175
tgl-x-bible-1996.txt.clean.txt	121	173	62459	0.0027698169999519685	6.799302339576168	8.342661977032382	0.08545496406920006
tgl-x-bible-1996.txt.clean.txt	122	174	62338	0.002791234880811062	6.808221862145286	8.346301113480305	0.08527830878434794
tgl-x-bible-1996.txt.clean.txt	123	175	62217	0.00281273606892007	6.820839635729754	8.348624005081504	0.08459986794650898
tgl-x-bible-1996.txt.clean.txt	124	176	62096	0.0028343210512754443	6.825086468516144	8.35596920830428	0.08503934113910905
tgl-x-bible-1996.txt.clean.txt	125	176	61977	0.0028397631379382675	6.825426307447922	8.354781251743365	0.08499378285140669
tgl-x-bible-1996.txt.clean.txt	126	177	61858	0.002861392220893013	6.8325290590115495	8.359306675699699	0.08504419345828862
tgl-x-bible-1996.txt.clean.txt	127	178	61740	0.002883057985098801	6.840491084160203	8.363769486056507	0.08497391629493611
tgl-x-bible-1996.txt.clean.txt	128	179	61623	0.002904759586518021	6.843296995623505	8.373316271159736	0.0855871925103554
tgl-x-bible-1996.txt.clean.txt	129	180	61506	0.0029265437518290896	6.850018386546065	8.378980538162184	0.08567102177938468
tgl-x-bible-1996.txt.clean.txt	130	181	61391	0.002948314899578114	6.851538339719309	8.394874283686221	0.08644278257510063
tgl-x-bible-1996.txt.clean.txt	131	182	61276	0.0029701677655199427	6.851588131467875	8.429924209411714	0.08740336412737237
tgl-x-bible-1996.txt.clean.txt	132	183	61161	0.0029921028106146075	6.860190873163454	8.43312812803473	0.08721861958636346
tgl-x-bible-1996.txt.clean.txt	133	184	61048	0.003014021753374394	6.870151415723821	8.436370212937025	0.0868485624428399
tgl-x-bible-1996.txt.clean.txt	134	185	60935	0.00303602199064577	6.876510647001037	8.440978079932574	0.08695228318316783
tgl-x-bible-1996.txt.clean.txt	135	186	60823	0.003058053696792332	6.8877090660488465	8.443386282624424	0.08640881050275173
tgl-x-bible-1996.txt.clean.txt	136	187	60711	0.003080166691373886	6.887682312524188	8.466478347817553	0.08734879636481141
tgl-x-bible-1996.txt.clean.txt	137	188	60599	0.0031023614251060247	6.895570556787865	8.47009951523916	0.08723417088984597
tgl-x-bible-1996.txt.clean.txt	138	189	60488	0.0031245866948816296	6.902594471178442	8.475333963047923	0.0872291465994065
tgl-x-bible-1996.txt.clean.txt	139	190	60378	0.0031468415648083737	6.9052817686298535	8.498152937301565	0.08779214216050601
tgl-x-bible-1996.txt.clean.txt	140	191	60268	0.0031691776730603306	6.909228661865833	8.504245315041022	0.08818296830418781
tgl-x-bible-1996.txt.clean.txt	141	192	60159	0.0031915424126065925	6.912117360986763	8.518871471948064	0.08870777405562924
tgl-x-bible-1996.txt.clean.txt	142	193	60051	0.003213934822067909	6.918003763056928	8.523376019155348	0.08883201721136558
tgl-x-bible-1996.txt.clean.txt	143	194	59943	0.0032364079208581486	6.923696903153583	8.530947629170303	0.08897680184960399
tgl-x-bible-1996.txt.clean.txt	144	195	59836	0.003258907680994719	6.922274942598836	8.548500811924844	0.09005200811546121
tgl-x-bible-1996.txt.clean.txt	145	196	59730	0.0032814331156872595	6.927241456069494	8.553253245227701	0.09028162623648794
tgl-x-bible-1996.txt.clean.txt	146	197	59625	0.0033039832285115304	6.932984580878009	8.557451857627811	0.09040442847940566
tgl-x-bible-1996.txt.clean.txt	147	198	59521	0.003326557013491037	6.941157266219634	8.560597148230054	0.09020411394175909
tgl-x-bible-1996.txt.clean.txt	148	199	59418	0.0033491534551819313	6.95011142622572	8.563441558202378	0.08989746497046702
tgl-x-bible-1996.txt.clean.txt	149	200	59317	0.0033717146855033126	6.959311100505262	8.566283759563877	0.08955494089294691
tgl-x-bible-1996.txt.clean.txt	150	201	59216	0.0033943528776006486	6.965376316492414	8.570186672733263	0.08961844754977222
tgl-x-bible-1996.txt.clean.txt	151	202	59116	0.0034170106231815414	6.974429782133409	8.572633759288538	0.08928738807467418
tgl-x-bible-1996.txt.clean.txt	152	203	59018	0.0034396285878884407	6.984992726026884	8.57469181731451	0.08875582212033373
tgl-x-bible-1996.txt.clean.txt	153	204	58923	0.0034621455119393106	6.99495795133973	8.577074810033434	0.08829898766505095
tgl-x-bible-1996.txt.clean.txt	154	205	58829	0.003484675925138962	7.002360728629509	8.580808705578638	0.08817255362372034
tgl-x-bible-1996.txt.clean.txt	155	206	58740	0.0035069799114742935	7.011817562530203	8.583619277654034	0.08777504955174431
tgl-x-bible-1996.txt.clean.txt	156	207	58648	0.003529532123857591	7.010814322673675	8.611542205211844	0.08873383923270395
tgl-x-bible-1996.txt.clean.txt	157	208	58558	0.0035520338809385565	7.019081381641971	8.614506455287582	0.08848304271429352
tgl-x-bible-1996.txt.clean.txt	158	209	58468	0.003574604912088664	7.027381709257929	8.617382648714745	0.08822443734231034
tgl-x-bible-1996.txt.clean.txt	159	210	58378	0.0035972455377025593	7.0338534827573405	8.621019845290945	0.08819942706654071
tgl-x-bible-1996.txt.clean.txt	160	211	58289	0.0036198939765650466	7.038261769206118	8.626172715311787	0.08843785098626633
tgl-x-bible-1996.txt.clean.txt	161	212	58200	0.003642611683848797	7.043534817534465	8.63063830778484	0.08856012960441595
tgl-x-bible-1996.txt.clean.txt	162	213	58112	0.0036653359030837003	7.051355575505662	8.633608234229381	0.0883490238512954
tgl-x-bible-1996.txt.clean.txt	163	214	58025	0.003688065489013356	7.055762787246751	8.643908318934995	0.08857548580377861
tgl-x-bible-1996.txt.clean.txt	164	215	57938	0.003710863336670234	7.054869009692423	8.658645542292689	0.08948200610853063
tgl-x-bible-1996.txt.clean.txt	165	216	57852	0.00373366521468575	7.053103528262434	8.68609938041721	0.09049570012527575
tgl-x-bible-1996.txt.clean.txt	166	217	57767	0.0037564699568958058	7.057515897460934	8.69076643263003	0.09070807031983108
tgl-x-bible-1996.txt.clean.txt	167	218	57682	0.003779341909087757	7.0626242030198565	8.695074417605554	0.09082690269161842
tgl-x-bible-1996.txt.clean.txt	168	219	57597	0.0038022813688212928	7.0707185839322975	8.697650285729848	0.09055791113911138
tgl-x-bible-1996.txt.clean.txt	169	220	57513	0.0038252221236937736	7.075494086521615	8.702902238718048	0.09071237585587921
tgl-x-bible-1996.txt.clean.txt	170	220	57429	0.003830817182956346	7.0759038874251825	8.701859336723984	0.0906597114220713
tgl-x-bible-1996.txt.clean.txt	171	221	57345	0.0038538669456796583	7.081804149825494	8.705497258990594	0.09066605599917954
tgl-x-bible-1996.txt.clean.txt	172	222	57261	0.00387698433488762	7.085781900336427	8.710988142479783	0.09091559626334278
tgl-x-bible-1996.txt.clean.txt	173	223	57177	0.0039001696486349407	7.08334869923856	8.730601171375769	0.09198313141911674
tgl-x-bible-1996.txt.clean.txt	174	224	57094	0.0039233544680702	7.090614799088123	8.733291321554734	0.09180319456779429
tgl-x-bible-1996.txt.clean.txt	175	225	57012	0.003946537571037676	7.095813183358029	8.7379543273996	0.09188483658411495
tgl-x-bible-1996.txt.clean.txt	176	226	56930	0.0039697874582821	7.100904107376476	8.741763156019495	0.09197677680979455
tgl-x-bible-1996.txt.clean.txt	177	227	56855	0.0039926127869140795	7.110251015835571	8.744266877300772	0.09152150179846186
tgl-x-bible-1996.txt.clean.txt	178	228	56773	0.00401599351804555	7.114511073612571	8.748609854855335	0.09171314026535249
tgl-x-bible-1996.txt.clean.txt	179	229	56691	0.004039441886719232	7.125421319659824	8.75020725349598	0.09105292931929232
tgl-x-bible-1996.txt.clean.txt	180	230	56610	0.004062886415827592	7.13383506018876	8.752512318806122	0.09070880035976225
tgl-x-bible-1996.txt.clean.txt	181	231	56530	0.004086325844684238	7.136435370441752	8.758934586102754	0.09110246229231234
tgl-x-bible-1996.txt.clean.txt	182	232	56450	0.004109831709477414	7.142181909541769	8.762188486379017	0.09109198482786385
tgl-x-bible-1996.txt.clean.txt	183	233	56371	0.004133330968050949	7.147579423361242	8.765652927762474	0.0911228076385443
tgl-x-bible-1996.txt.clean.txt	184	234	56293	0.004156822340255449	7.151681363491222	8.774166155116042	0.09131512727789115
tgl-x-bible-1996.txt.clean.txt	185	235	56216	0.004180304539632845	7.156521292617064	8.77808764482463	0.091410411331868
tgl-x-bible-1996.txt.clean.txt	186	236	56140	0.00420377627360171	7.157736401709039	8.786863141630452	0.09196238407769697
tgl-x-bible-1996.txt.clean.txt	187	237	56064	0.004227311643835617	7.161382371177024	8.795876897831327	0.09220237682634913
tgl-x-bible-1996.txt.clean.txt	188	238	55989	0.004250834985443569	7.167524025620533	8.799060050920234	0.09212292917863041
tgl-x-bible-1996.txt.clean.txt	189	239	55914	0.004274421432914834	7.172597436221128	8.804207286361889	0.09217588265429155
tgl-x-bible-1996.txt.clean.txt	190	240	55839	0.004298071240530812	7.1723860440344325	8.823683310761744	0.09289423480603487
tgl-x-bible-1996.txt.clean.txt	191	241	55765	0.004321707163991751	7.171776817483611	8.835843237429607	0.09365890097225205
tgl-x-bible-1996.txt.clean.txt	192	242	55691	0.004345405900414789	7.177148124394951	8.839083785352116	0.09366434179445648
tgl-x-bible-1996.txt.clean.txt	193	243	55617	0.004369167700523221	7.1849056667021465	8.841254769350758	0.09336584765468936
tgl-x-bible-1996.txt.clean.txt	194	244	55543	0.004392992816376501	7.192228738653186	8.844268339395878	0.0931197904401464
tgl-x-bible-1996.txt.clean.txt	195	245	55470	0.004416801874887326	7.195602600583933	8.848936995995375	0.09336892322843782
tgl-x-bible-1996.txt.clean.txt	196	246	55397	0.004440673682690398	7.205588669415636	8.850602232743668	0.09278243501201233
tgl-x-bible-1996.txt.clean.txt	197	247	55324	0.004464608488178729	7.212536403290427	8.8531326141459	0.0925763501930631
tgl-x-bible-1996.txt.clean.txt	198	248	55252	0.004488525302251503	7.215345083813613	8.859687325232946	0.09288823128597457
tgl-x-bible-1996.txt.clean.txt	199	249	55180	0.0045125045306270385	7.221321712744893	8.862459564176191	0.09279900000366859
tgl-x-bible-1996.txt.clean.txt	200	250	55109	0.004536464098423125	7.224839658762409	8.86680967545203	0.09301590394888648
tgl-x-bible-1996.txt.clean.txt	201	251	55038	0.0045604854827573675	7.222380020611687	8.890085489637016	0.09397973281696403
tgl-x-bible-1996.txt.clean.txt	202	252	54968	0.004584485518847329	7.228944621943903	8.892686400081166	0.0938083292466052
tgl-x-bible-1996.txt.clean.txt	203	253	54898	0.004608546759444788	7.233671042601815	8.896105200629396	0.09386485471663297
tgl-x-bible-1996.txt.clean.txt	204	254	54829	0.004632584945922778	7.239965984453881	8.898698619257207	0.09372240007895527
tgl-x-bible-1996.txt.clean.txt	205	255	54760	0.004656683710737765	7.243120317878254	8.903831108346681	0.09397046614388604
tgl-x-bible-1996.txt.clean.txt	206	256	54692	0.004680757697652307	7.241175427060135	8.922867229691205	0.09485307161748313
tgl-x-bible-1996.txt.clean.txt	207	257	54624	0.0047048916227299354	7.246323012062403	8.925826192554082	0.09484600888608163
tgl-x-bible-1996.txt.clean.txt	208	258	54556	0.004729085710096048	7.248394850238261	8.934777367023747	0.09522041765430989
tgl-x-bible-1996.txt.clean.txt	209	259	54488	0.0047533401849948614	7.254047495845009	8.937611478725486	0.09514519550294231
tgl-x-bible-1996.txt.clean.txt	210	260	54421	0.004777567483140699	7.258077010163248	8.941225042611059	0.09526997772702295
tgl-x-bible-1996.txt.clean.txt	211	261	54354	0.00480185450932774	7.26119811572356	8.945619379498023	0.09550533864919686
tgl-x-bible-1996.txt.clean.txt	212	262	54287	0.0048262014847016785	7.265572332180591	8.94961599258	0.09558200398633387
tgl-x-bible-1996.txt.clean.txt	213	263	54221	0.004850519171538703	7.270213642676	8.952765567318366	0.09562297463629188
tgl-x-bible-1996.txt.clean.txt	214	264	54156	0.004874806115665854	7.272353261136647	8.958087942514076	0.09597253028216601
tgl-x-bible-1996.txt.clean.txt	215	265	54091	0.004899151429997597	7.277053601741439	8.96125537208528	0.0960011785267525
tgl-x-bible-1996.txt.clean.txt	216	266	54027	0.004923464193829012	7.284886666070388	8.963186570875969	0.09563857947866827
tgl-x-bible-1996.txt.clean.txt	217	267	53963	0.004947834627429906	7.293067365399358	8.965025301756551	0.09523105359557826
tgl-x-bible-1996.txt.clean.txt	218	268	53899	0.0049722629362325835	7.299542272367358	8.967332942548012	0.09503328068790062
tgl-x-bible-1996.txt.clean.txt	219	269	53836	0.004996656512370904	7.302323216440637	8.971870941835741	0.09529117668738807
tgl-x-bible-1996.txt.clean.txt	220	270	53773	0.00502110724713146	7.305083295760462	8.977605350226842	0.09554908020583752
tgl-x-bible-1996.txt.clean.txt	221	271	53710	0.0050456153416496	7.308655276987019	8.983001529032247	0.09570397185316948
tgl-x-bible-1996.txt.clean.txt	222	272	53648	0.005070086489710707	7.3127696896559575	8.986371117507115	0.09578939239671513
tgl-x-bible-1996.txt.clean.txt	223	273	53586	0.005094614264919942	7.3195189207320475	8.988601160347697	0.095546944845044
tgl-x-bible-1996.txt.clean.txt	224	274	53524	0.005119198864060982	7.3227670447520605	8.994407332924974	0.09573499218899617
tgl-x-bible-1996.txt.clean.txt	225	275	53463	0.005143744271739334	7.32727319832122	8.99749829139838	0.09576540145658174
tgl-x-bible-1996.txt.clean.txt	226	276	53402	0.005168345754840643	7.33181257939669	9.000534517364336	0.09578954611553281
tgl-x-bible-1996.txt.clean.txt	227	277	53341	0.005193003505746049	7.3341570258937026	9.006596238363684	0.09608206967896393
tgl-x-bible-1996.txt.clean.txt	228	278	53281	0.005217619789418366	7.338474823385903	9.010177939325235	0.0961290693388166
tgl-x-bible-1996.txt.clean.txt	229	279	53222	0.00524219307805043	7.341330686720382	9.015089670248948	0.09635388186153948
tgl-x-bible-1996.txt.clean.txt	230	280	53163	0.00526682090927901	7.34361646291429	9.020884175605627	0.09664647575844088
tgl-x-bible-1996.txt.clean.txt	231	281	53105	0.005291403822615573	7.344713706203326	9.03584672463274	0.0970827668639026
tgl-x-bible-1996.txt.clean.txt	232	282	53047	0.005316040492393538	7.352395043986801	9.037747408132327	0.09670757936553975
tgl-x-bible-1996.txt.clean.txt	233	283	52989	0.005340731095132952	7.360269913541032	9.039582111384725	0.09630708937126875
tgl-x-bible-1996.txt.clean.txt	234	284	52931	0.005365475808127562	7.366146109988785	9.041914348572753	0.09615034651081567
tgl-x-bible-1996.txt.clean.txt	235	285	52874	0.005390172863789386	7.365980161057928	9.050824389511359	0.09673274589883762
tgl-x-bible-1996.txt.clean.txt	236	286	52817	0.0054149232254766455	7.371398690239842	9.053633086630061	0.09662807340904045
tgl-x-bible-1996.txt.clean.txt	237	287	52760	0.0054397270659590595	7.3775263002049645	9.05585324875256	0.09643473386062251
tgl-x-bible-1996.txt.clean.txt	238	288	52705	0.005464377193814629	7.383718056565101	9.058180811280202	0.09623184358955739
tgl-x-bible-1996.txt.clean.txt	239	289	52649	0.005489183080400388	7.387694828760337	9.061402409843845	0.09629822756988426
tgl-x-bible-1996.txt.clean.txt	240	289	52593	0.0054950278554180216	7.386265762680275	9.062142073574623	0.09647303846548916
tgl-x-bible-1996.txt.clean.txt	241	290	52537	0.005519919294973067	7.391841849913808	9.06454546851364	0.09634180911168144
tgl-x-bible-1996.txt.clean.txt	242	291	52481	0.005544863855490558	7.397574626963837	9.067152022366436	0.09618970148721884
tgl-x-bible-1996.txt.clean.txt	243	292	52425	0.005569861707200763	7.4009545708857924	9.070808046533806	0.09632318523097949
tgl-x-bible-1996.txt.clean.txt	244	293	52370	0.0055948061867481386	7.404360846230675	9.074341385353696	0.09645142891152902
tgl-x-bible-1996.txt.clean.txt	245	294	52315	0.005619803115741184	7.407908868805336	9.078425841498586	0.09656037982171695
tgl-x-bible-1996.txt.clean.txt	246	295	52261	0.005644744647059949	7.411652351298766	9.081837265237281	0.0966435391941497
tgl-x-bible-1996.txt.clean.txt	247	296	52207	0.005669737774627924	7.41090113140597	9.093603175793389	0.09727227851324793
tgl-x-bible-1996.txt.clean.txt	248	297	52153	0.005694782658715702	7.41423201238812	9.097186305874443	0.097401512729962
tgl-x-bible-1996.txt.clean.txt	249	298	52099	0.005719879460258355	7.417838499136236	9.100457249270073	0.09749526601516467
tgl-x-bible-1996.txt.clean.txt	250	299	52046	0.005744917957191715	7.423793553814665	9.10281622433923	0.09730155125016626
tgl-x-bible-1996.txt.clean.txt	251	300	51993	0.005770007501009752	7.427596389455318	9.106705407676753	0.09736783992652054
tgl-x-bible-1996.txt.clean.txt	252	301	51941	0.005795036676228798	7.431548458245652	9.109788122702657	0.0974141689806226
tgl-x-bible-1996.txt.clean.txt	253	302	51889	0.005820116016882191	7.43698855692418	9.112170710373316	0.09727807843373248
tgl-x-bible-1996.txt.clean.txt	254	303	51838	0.0058451329140784755	7.440754584046345	9.115532334313862	0.09734349912247486
tgl-x-bible-1996.txt.clean.txt	255	304	51787	0.00587019908471238	7.443117012544432	9.120543086327107	0.0975773004293945
tgl-x-bible-1996.txt.clean.txt	256	305	51736	0.005895314674501315	7.445110163135869	9.127418660874351	0.09785387229427678
tgl-x-bible-1996.txt.clean.txt	257	306	51685	0.005920479829737835	7.45084440178729	9.130184415001667	0.09767537340747645
tgl-x-bible-1996.txt.clean.txt	258	306	51634	0.0059263276135879455	7.453202049991961	9.128915832766948	0.09738985354943108
tgl-x-bible-1996.txt.clean.txt	259	307	51584	0.005951457816377171	7.454593395957715	9.136964598252707	0.09773567896826585
tgl-x-bible-1996.txt.clean.txt	260	308	51535	0.005976520811099253	7.456034930477713	9.143177858763078	0.0980733694073389
tgl-x-bible-1996.txt.clean.txt	261	309	51486	0.006001631511478848	7.459394376015222	9.147187942902868	0.09817714824446178
tgl-x-bible-1996.txt.clean.txt	262	310	51437	0.006026790053852285	7.461119728610922	9.152702963347291	0.09847661015631026
tgl-x-bible-1996.txt.clean.txt	263	311	51388	0.006051996575075894	7.466593342667741	9.155188366806279	0.09832145461623754
tgl-x-bible-1996.txt.clean.txt	264	312	51339	0.0060772512125284875	7.471695116828659	9.15783119182353	0.09820972845242604
tgl-x-bible-1996.txt.clean.txt	265	313	51290	0.006102554104113862	7.47451068684441	9.16175628135018	0.09837229265045078
tgl-x-bible-1996.txt.clean.txt	266	314	51242	0.006127785800710355	7.475822739136935	9.170685854805193	0.09871433963561327
tgl-x-bible-1996.txt.clean.txt	267	315	51194	0.00615306481228269	7.480399276431401	9.173567370540175	0.09866106984446832
tgl-x-bible-1996.txt.clean.txt	268	316	51146	0.006178391272044735	7.4857484969915475	9.176023153195237	0.09851322861157363
tgl-x-bible-1996.txt.clean.txt	269	317	51098	0.006203765313710909	7.491600744818204	9.178159623211373	0.09830343734871638
tgl-x-bible-1996.txt.clean.txt	270	318	51050	0.006229187071498531	7.489746822901762	9.192826048483639	0.09901933382321226
tgl-x-bible-1996.txt.clean.txt	271	319	51002	0.006254656680130191	7.491688909433786	9.198037897523816	0.09927651093857659
tgl-x-bible-1996.txt.clean.txt	272	320	50954	0.006280174274836126	7.495970224045436	9.201443781705354	0.09925078196113701
tgl-x-bible-1996.txt.clean.txt	273	321	50907	0.006305616123519359	7.503744954322592	9.203198195529318	0.09880399924986805
tgl-x-bible-1996.txt.clean.txt	274	322	50860	0.006331104994101455	7.509247674641628	9.205782321135278	0.09862890429641913
tgl-x-bible-1996.txt.clean.txt	275	323	50814	0.006356515920809226	7.513019155992885	9.208696261507376	0.09866019030985584
tgl-x-bible-1996.txt.clean.txt	276	324	50768	0.0063819728963126375	7.5180903519279525	9.211029385128874	0.09853410441104316
tgl-x-bible-1996.txt.clean.txt	277	325	50722	0.006407476045897244	7.524544210279935	9.213173150402024	0.09824096684517425
tgl-x-bible-1996.txt.clean.txt	278	326	50677	0.006432898553584467	7.526898100527205	9.217167555511132	0.09843775465217108
tgl-x-bible-1996.txt.clean.txt	279	327	50632	0.00645836625059251	7.530070212306295	9.220529456100575	0.09853491509084178
tgl-x-bible-1996.txt.clean.txt	280	328	50587	0.006483879257516753	7.532323358711112	9.224528397023994	0.09874047393913665
tgl-x-bible-1996.txt.clean.txt	281	329	50542	0.006509437695382058	7.534383399429565	9.228652837871149	0.09896746458700578
tgl-x-bible-1996.txt.clean.txt	282	330	50497	0.006535041685644692	7.538516213493316	9.231890776620858	0.09894502979373032
tgl-x-bible-1996.txt.clean.txt	283	331	50452	0.006560691350194244	7.5419034837542505	9.234896343777626	0.09901025839036615
tgl-x-bible-1996.txt.clean.txt	284	332	50407	0.006586386811355566	7.543570298955933	9.240974296363751	0.09927942897544906
tgl-x-bible-1996.txt.clean.txt	285	333	50363	0.006611996902487938	7.5477605860543715	9.24403159518113	0.09924576079353664
tgl-x-bible-1996.txt.clean.txt	286	334	50319	0.0066376517816331805	7.553278888014424	9.246214361319524	0.09905232525974106
tgl-x-bible-1996.txt.clean.txt	287	335	50275	0.006663351566384883	7.5596420982929935	9.24814161116009	0.0987569718650213
tgl-x-bible-1996.txt.clean.txt	288	336	50231	0.006689096374748661	7.559464890411991	9.266843206915029	0.09923987504407394
tgl-x-bible-1996.txt.clean.txt	289	337	50187	0.006714886325143962	7.562862178786714	9.26972478893474	0.09929520611279641
tgl-x-bible-1996.txt.clean.txt	290	338	50143	0.006740721536405879	7.567713678164614	9.271949002172217	0.0991760165631288
tgl-x-bible-1996.txt.clean.txt	291	339	50100	0.006766467065868263	7.571623992613609	9.274798771422246	0.09916757191754766
tgl-x-bible-1996.txt.clean.txt	292	340	50057	0.006792256827216973	7.57347749197452	9.279433873739297	0.0994023765230142
tgl-x-bible-1996.txt.clean.txt	293	341	50014	0.006818090934538329	7.576179146772246	9.283343734933153	0.09953480107707313
tgl-x-bible-1996.txt.clean.txt	294	342	49971	0.00684396950231134	7.573068414152292	9.313833008172562	0.10035624872729865
tgl-x-bible-1996.txt.clean.txt	295	343	49929	0.006869755052174087	7.575109151996447	9.317752528721964	0.10056389231037022
tgl-x-bible-1996.txt.clean.txt	296	344	49887	0.00689558401988494	7.574705841110161	9.328830399824286	0.10106007090706981
tgl-x-bible-1996.txt.clean.txt	297	345	49846	0.0069213176583878344	7.57606961922433	9.333729024920576	0.10134484800254395
tgl-x-bible-1996.txt.clean.txt	298	346	49805	0.006947093665294649	7.577282892364965	9.338481308492703	0.10164589500964616
tgl-x-bible-1996.txt.clean.txt	299	347	49764	0.006972912145325938	7.583262181207299	9.340349581516424	0.1013805869746125
tgl-x-bible-1996.txt.clean.txt	300	348	49723	0.006998773203547654	7.588586295056377	9.342359766063733	0.10119186527926272
tgl-x-bible-1996.txt.clean.txt	301	349	49682	0.00702467694537257	7.5902484396340455	9.348067090926227	0.10143558002566089
tgl-x-bible-1996.txt.clean.txt	302	350	49641	0.0070506234765617135	7.593794549435726	9.351261153788192	0.10145487446126566
tgl-x-bible-1996.txt.clean.txt	303	351	49600	0.007076612903225806	7.5958411851255825	9.356333074348274	0.10165023928524197
tgl-x-bible-1996.txt.clean.txt	304	352	49559	0.007102645331826711	7.596498631822642	9.36502983469051	0.10200838847299076
tgl-x-bible-1996.txt.clean.txt	305	353	49518	0.007128720869178884	7.600781228669337	9.36725636403763	0.10193662906276835
tgl-x-bible-1996.txt.clean.txt	306	354	49478	0.007154695015966692	7.604317017599731	9.369824880665874	0.10195190687346123
tgl-x-bible-1996.txt.clean.txt	307	355	49438	0.0071807111938185205	7.609721995778219	9.371749887537472	0.10174530972923779
tgl-x-bible-1996.txt.clean.txt	308	356	49398	0.007206769504838253	7.607294421470378	9.39161638312041	0.10246181248730013
tgl-x-bible-1996.txt.clean.txt	309	357	49358	0.007232870051460756	7.610186075816658	9.395154890368161	0.10254914173911156
tgl-x-bible-1996.txt.clean.txt	310	358	49318	0.007259012936453222	7.612129054154489	9.40093421663171	0.10274701219300364
tgl-x-bible-1996.txt.clean.txt	311	359	49279	0.007285050427159642	7.6167660710218215	9.403003436695734	0.1026261050314452
tgl-x-bible-1996.txt.clean.txt	312	360	49240	0.007311129163281885	7.617739723466287	9.410703070260013	0.10293552690415642
tgl-x-bible-1996.txt.clean.txt	313	361	49202	0.007337100117881387	7.621155615536892	9.413274000683314	0.10295601897420359
tgl-x-bible-1996.txt.clean.txt	314	362	49163	0.007363260988955109	7.622697865810213	9.417786358833137	0.10319575589081564
tgl-x-bible-1996.txt.clean.txt	315	363	49124	0.007389463398746031	7.62584911768648	9.420466459491509	0.10324489792710634
tgl-x-bible-1996.txt.clean.txt	316	364	49085	0.00741570744626668	7.628209977782648	9.42359583011127	0.10338574208879892
tgl-x-bible-1996.txt.clean.txt	317	365	49046	0.007441993230844514	7.63178254700588	9.426374153382177	0.10338295090988303
tgl-x-bible-1996.txt.clean.txt	318	366	49008	0.0074681684622918704	7.6317618974328285	9.44287507942228	0.10380097439288472
tgl-x-bible-1996.txt.clean.txt	319	367	48970	0.007494384316928732	7.635378365334569	9.445193552720003	0.10379056819632948
tgl-x-bible-1996.txt.clean.txt	320	368	48932	0.007520640889397532	7.64016959036624	9.447196006073938	0.10364122068274717
tgl-x-bible-1996.txt.clean.txt	321	369	48894	0.007546938274634925	7.642871246690786	9.450316905124662	0.103735930186728
tgl-x-bible-1996.txt.clean.txt	322	370	48857	0.007573121558834967	7.648041547399812	9.452475046670282	0.10354007931829623
tgl-x-bible-1996.txt.clean.txt	323	371	48820	0.007599344530929947	7.6515430334357415	9.45557000317558	0.10353882027119077
tgl-x-bible-1996.txt.clean.txt	324	372	48783	0.007625607281225017	7.652903910907148	9.460521250122031	0.10378714341839057
tgl-x-bible-1996.txt.clean.txt	325	373	48746	0.007651909900299512	7.658159835079458	9.46231491380011	0.10357821482974905
tgl-x-bible-1996.txt.clean.txt	326	374	48709	0.007678252479007986	7.663050110851046	9.464198274230863	0.10341116918954107
tgl-x-bible-1996.txt.clean.txt	327	375	48672	0.007704635108481263	7.668211806418683	9.465978013038903	0.10321145054525249
tgl-x-bible-1996.txt.clean.txt	328	376	48635	0.00773105788012748	7.671145253063281	9.468581336454166	0.10327131016251068
tgl-x-bible-1996.txt.clean.txt	329	377	48598	0.007757520885633154	7.675298946958189	9.470703532760059	0.10318746833061321
tgl-x-bible-1996.txt.clean.txt	330	378	48562	0.0077838639265269145	7.678095222374914	9.473606348439066	0.10326117365528709
tgl-x-bible-1996.txt.clean.txt	331	379	48526	0.007810246053661954	7.678928742550058	9.48010908002514	0.10356288807751224
tgl-x-bible-1996.txt.clean.txt	332	380	48490	0.007836667354093628	7.682944133649492	9.48222202932011	0.10349199744033821
tgl-x-bible-1996.txt.clean.txt	333	381	48454	0.007863127915136004	7.687151067954259	9.484357916093675	0.10339778394802912
tgl-x-bible-1996.txt.clean.txt	334	382	48418	0.00788962782436284	7.690068072411294	9.486923382255545	0.10345300129149093
tgl-x-bible-1996.txt.clean.txt	335	383	48382	0.007916167169608532	7.6945301514655835	9.488883410393022	0.10332708366321319
tgl-x-bible-1996.txt.clean.txt	336	384	48346	0.007942746038969098	7.69776026822252	9.491926320240022	0.10334375163829879
tgl-x-bible-1996.txt.clean.txt	337	385	48310	0.007969364520803147	7.700095255346673	9.494833024488862	0.10346360520049436
tgl-x-bible-1996.txt.clean.txt	338	386	48274	0.007996022703732859	7.700006966796331	9.501830297925917	0.10386436226575513
tgl-x-bible-1996.txt.clean.txt	339	387	48239	0.008022554364725636	7.702521345182163	9.504624365440602	0.10396099159205607
tgl-x-bible-1996.txt.clean.txt	340	388	48204	0.008049124553978923	7.703023381736815	9.517242814922884	0.10429052909124781
tgl-x-bible-1996.txt.clean.txt	341	389	48176	0.008074559946861508	7.7077769074456395	9.519822364617202	0.10412463322080623
tgl-x-bible-1996.txt.clean.txt	342	390	48141	0.008101202717018757	7.7122179780368585	9.52172067075187	0.10399418903244273
tgl-x-bible-1996.txt.clean.txt	343	391	48106	0.008127884255602211	7.713883581748261	9.52625126061101	0.1041851854659187
tgl-x-bible-1996.txt.clean.txt	344	392	48071	0.008154604647292547	7.716256427750164	9.529956898796996	0.10429293993909572
tgl-x-bible-1996.txt.clean.txt	345	393	48037	0.008181193663217937	7.7169003227154445	9.534757262366053	0.10460023856056466
tgl-x-bible-1996.txt.clean.txt	346	394	48003	0.008207820344561799	7.719649184604553	9.537311792768445	0.10466216786304572
tgl-x-bible-1996.txt.clean.txt	347	395	47969	0.008234484771414871	7.720810581085326	9.541951232420761	0.10490711875890957
tgl-x-bible-1996.txt.clean.txt	348	396	47935	0.008261187024095128	7.721852782058621	9.54725037226494	0.10516471597770372
tgl-x-bible-1996.txt.clean.txt	349	397	47901	0.008287927183148577	7.722933785840535	9.551735775173121	0.10541664746942081
tgl-x-bible-1996.txt.clean.txt	350	397	47867	0.008293814109929597	7.721625652612463	9.552689378333124	0.10556817462751589
