file	merge	types	tokens	TTR	H	Hcross	R
xsu-x-bible.txt.clean.txt	0	70	196661	0.00035594245935899847	4.466547604574954	10.738599057008297	0.27127731053913284
xsu-x-bible.txt.clean.txt	1	71	192898	0.00036807017180064073	4.536510876698061	10.65356518374959	0.2623256227382169
xsu-x-bible.txt.clean.txt	2	72	189153	0.0003806442403768378	4.583810342603433	10.576433759144205	0.2570719511935884
xsu-x-bible.txt.clean.txt	3	73	185676	0.00039315797410543096	4.638873904260606	10.501183372013633	0.2505645579880602
xsu-x-bible.txt.clean.txt	4	74	182311	0.00040589980856887406	4.699593202458019	10.425033710415203	0.24315508536201047
xsu-x-bible.txt.clean.txt	5	75	179319	0.00041824904220969335	4.716496848801103	10.395004086401986	0.24279432695678294
xsu-x-bible.txt.clean.txt	6	76	176494	0.00043060953913447484	4.776905044201465	10.325985393094443	0.2354416670290973
xsu-x-bible.txt.clean.txt	7	77	173685	0.0004433313181909779	4.847244245421517	10.256096370342235	0.22651837366012728
xsu-x-bible.txt.clean.txt	8	78	170898	0.00045641259698767686	4.8864541463796165	10.196182220254421	0.22257097060303366
xsu-x-bible.txt.clean.txt	9	79	168180	0.00046973480794386966	4.87552257289499	10.177517467051173	0.22657167695674219
xsu-x-bible.txt.clean.txt	10	80	165559	0.0004832114231180425	4.930805898376745	10.117112624966717	0.22004713999130088
xsu-x-bible.txt.clean.txt	11	81	163526	0.0004953340753152404	4.975920419706268	10.064541340582988	0.21513593895088523
xsu-x-bible.txt.clean.txt	12	82	161690	0.0005071432989053127	5.027106984912738	10.011812719233216	0.20927001756948582
xsu-x-bible.txt.clean.txt	13	83	160055	0.0005185717409640436	5.061366291568141	9.967686483179483	0.20606510029087455
xsu-x-bible.txt.clean.txt	14	84	158597	0.0005296443186188894	5.0630853916207315	9.959452986853016	0.20794211914780159
xsu-x-bible.txt.clean.txt	15	85	157175	0.0005407984730396055	5.043533257308426	9.99026703717251	0.21310256971972774
xsu-x-bible.txt.clean.txt	16	85	155753	0.0005457358766765327	5.016055478871119	10.03997699044613	0.2173896819759611
xsu-x-bible.txt.clean.txt	17	86	154398	0.0005570020337050998	5.0571262973239435	9.996695408756086	0.2130535403752788
xsu-x-bible.txt.clean.txt	18	87	153060	0.0005684045472363779	5.083685912522945	9.959135991681725	0.2109684159424291
xsu-x-bible.txt.clean.txt	19	88	151757	0.000579874404475576	5.122293604765235	9.917928912177326	0.2070055219741066
xsu-x-bible.txt.clean.txt	20	89	150502	0.0005913542677173726	5.155804547478913	9.87956143428286	0.20382693289623366
xsu-x-bible.txt.clean.txt	21	90	149249	0.0006030191157059679	5.187279701051288	9.84237494406114	0.20095547079091458
xsu-x-bible.txt.clean.txt	22	91	148004	0.0006148482473446663	5.225655619181758	9.803972114603678	0.1970159004553026
xsu-x-bible.txt.clean.txt	23	92	146761	0.0006268695361846812	5.268345223980294	9.765285894596564	0.19241278622505797
xsu-x-bible.txt.clean.txt	24	93	145579	0.0006388284024481553	5.279984403975017	9.742597257618531	0.1925590803811129
xsu-x-bible.txt.clean.txt	25	94	144414	0.0006509064218150595	5.299590201989869	9.71422062405159	0.1914687065942441
xsu-x-bible.txt.clean.txt	26	95	143312	0.0006628893602768784	5.336948422003073	9.680099907046138	0.18766123029621518
xsu-x-bible.txt.clean.txt	27	96	142258	0.0006748302380182485	5.366495780507206	9.64954460344332	0.1850377614269647
xsu-x-bible.txt.clean.txt	28	97	141212	0.0006869104608673484	5.408199913825218	9.616551981334053	0.18056494939514856
xsu-x-bible.txt.clean.txt	29	98	140168	0.0006991610067918498	5.44176649320325	9.5857207892989	0.17732347730346332
xsu-x-bible.txt.clean.txt	30	99	139143	0.0007114982428149457	5.470989313143306	9.556883162893287	0.17473299044250135
xsu-x-bible.txt.clean.txt	31	100	138126	0.0007239766589925141	5.501008613833708	9.52840306630782	0.17201570041505776
xsu-x-bible.txt.clean.txt	32	101	137112	0.000736624073749927	5.526386692361334	9.502491153197948	0.1699893121932926
xsu-x-bible.txt.clean.txt	33	102	136188	0.0007489646664904397	5.5516299227472095	9.477487224390325	0.16797421653774924
xsu-x-bible.txt.clean.txt	34	103	135311	0.000761209362136116	5.5825369002990435	9.451760724226931	0.16510334851483743
xsu-x-bible.txt.clean.txt	35	104	134472	0.0007733952049497294	5.6108232240937355	9.427686524870868	0.16261865487682492
xsu-x-bible.txt.clean.txt	36	105	133639	0.0007856987855341629	5.6301115864306635	9.407546714784342	0.16146772237967022
xsu-x-bible.txt.clean.txt	37	106	132817	0.0007980906058712363	5.659020573596219	9.384139185075991	0.15887522573814028
xsu-x-bible.txt.clean.txt	38	107	132048	0.0008103114019144554	5.6778198684858685	9.365431345631933	0.15777680437519925
xsu-x-bible.txt.clean.txt	39	108	131292	0.0008225939128050452	5.705182638303484	9.344005480816516	0.15539931102091387
xsu-x-bible.txt.clean.txt	40	109	130547	0.0008349483327843612	5.721716817578035	9.328203258369086	0.15461569262645358
xsu-x-bible.txt.clean.txt	41	110	129811	0.0008473858147614609	5.75260915273577	9.307545911714008	0.15170269743059972
xsu-x-bible.txt.clean.txt	42	111	129084	0.0008599051780236126	5.778388813145156	9.289984356617445	0.14953854359090768
xsu-x-bible.txt.clean.txt	43	112	128379	0.0008724168282974629	5.7969127313645865	9.27379787081323	0.1484338927912986
xsu-x-bible.txt.clean.txt	44	113	127696	0.0008849141711564966	5.804250913201348	9.266144111014082	0.14895914825878342
xsu-x-bible.txt.clean.txt	45	114	127016	0.000897524721294955	5.831692466462098	9.248272351520168	0.14652622032948537
xsu-x-bible.txt.clean.txt	46	115	126336	0.0009102710233029382	5.854667154317731	9.23097263416404	0.14474097387519447
xsu-x-bible.txt.clean.txt	47	116	125676	0.0009230083707310862	5.8648699440343215	9.222875509086823	0.1448109949267622
xsu-x-bible.txt.clean.txt	48	117	125033	0.0009357529612182383	5.884475091332849	9.207726362998105	0.14349887793298066
xsu-x-bible.txt.clean.txt	49	118	124406	0.0009485073067215408	5.900934229052717	9.195493522767826	0.14263544008724216
xsu-x-bible.txt.clean.txt	50	119	123785	0.0009613442662681262	5.893498990916501	9.223065963236538	0.14522773578152381
xsu-x-bible.txt.clean.txt	51	120	123190	0.0009741050409935872	5.91197520870938	9.209166691215781	0.14404678532648496
xsu-x-bible.txt.clean.txt	52	121	122601	0.0009869413789447069	5.929065173426359	9.196035672178729	0.14305790270803598
xsu-x-bible.txt.clean.txt	53	122	122023	0.0009998115109446579	5.94235472951929	9.185171522723657	0.14260857970865615
xsu-x-bible.txt.clean.txt	54	123	121460	0.0010126790712991932	5.969912984334266	9.169890951137267	0.14009355259639433
xsu-x-bible.txt.clean.txt	55	124	120900	0.0010256410256410256	5.98545373595388	9.158967323425333	0.13930331143888897
xsu-x-bible.txt.clean.txt	56	125	120345	0.00103868046034318	6.0056092701093835	9.145755119553394	0.13784162347187612
xsu-x-bible.txt.clean.txt	57	126	119805	0.0010517090271691498	6.020192815506881	9.14415226051469	0.1371719521771666
xsu-x-bible.txt.clean.txt	58	127	119278	0.0010647395160884657	6.033241955349364	9.135263186127393	0.1367128113865569
xsu-x-bible.txt.clean.txt	59	128	118756	0.0010778402775438714	6.04878026652568	9.12483906919544	0.1358885333534744
xsu-x-bible.txt.clean.txt	60	129	118236	0.0010910382624581346	6.0533501773654	9.13649921616095	0.1366204578972856
xsu-x-bible.txt.clean.txt	61	130	117719	0.001104324705442622	6.073092445584131	9.124346936121263	0.13517881613708016
xsu-x-bible.txt.clean.txt	62	131	117210	0.0011176520774677928	6.090006308834277	9.113553554730732	0.13413336472112503
xsu-x-bible.txt.clean.txt	63	132	116704	0.0011310666301069371	6.102181550748555	9.105225598609755	0.13375352835819287
xsu-x-bible.txt.clean.txt	64	133	116221	0.0011443714991266638	6.121761730737308	9.094055823553333	0.13231514305742553
xsu-x-bible.txt.clean.txt	65	134	115742	0.0011577474037082476	6.140695754163284	9.083261147316993	0.13096260340786003
xsu-x-bible.txt.clean.txt	66	135	115273	0.0011711328758685902	6.151682897363939	9.07758294417064	0.1307272581855078
xsu-x-bible.txt.clean.txt	67	136	114810	0.0011845658043724413	6.165188241774925	9.070293448712913	0.13012760985604133
xsu-x-bible.txt.clean.txt	68	137	114363	0.0011979398931472591	6.1811259727649155	9.061375180993295	0.12917750997445165
xsu-x-bible.txt.clean.txt	69	138	113920	0.0012113764044943821	6.19480437548628	9.0536978538416	0.12853864213980903
xsu-x-bible.txt.clean.txt	70	139	113481	0.0012248746486195926	6.197215026146491	9.056395917387256	0.12947516170749673
xsu-x-bible.txt.clean.txt	71	140	113050	0.001238390092879257	6.205677214697404	9.052035426095504	0.12955100815219767
xsu-x-bible.txt.clean.txt	72	141	112626	0.0012519311704224602	6.218691317771409	9.045370465753642	0.12898009821275225
xsu-x-bible.txt.clean.txt	73	142	112202	0.0012655745886882587	6.230898228652386	9.039975210649125	0.1285148796865353
xsu-x-bible.txt.clean.txt	74	143	111781	0.0012792871776062121	6.244041874382097	9.034913063000015	0.1279114413260355
xsu-x-bible.txt.clean.txt	75	144	111362	0.0012930802248522835	6.254114729467929	9.030921239177713	0.12772940746104844
xsu-x-bible.txt.clean.txt	76	145	110958	0.001306800771463076	6.267859912158459	9.023985111912275	0.1270279562626856
xsu-x-bible.txt.clean.txt	77	146	110559	0.0013205618719416782	6.275876062400167	9.021497396625424	0.12711693991907635
xsu-x-bible.txt.clean.txt	78	147	110161	0.001334410544566589	6.290363673352232	9.01446357384448	0.1262986185942604
xsu-x-bible.txt.clean.txt	79	148	109765	0.0013483350794879971	6.303820189144645	9.00906494312455	0.12561745399476598
xsu-x-bible.txt.clean.txt	80	149	109378	0.0013622483497595494	6.312871554906292	9.005178612582654	0.1255403531566055
xsu-x-bible.txt.clean.txt	81	150	109009	0.0013760331715729894	6.329909734002081	8.99791779928853	0.1243507404156704
xsu-x-bible.txt.clean.txt	82	151	108643	0.0013898732546045304	6.340332444688011	8.994607759086835	0.12407047229039103
xsu-x-bible.txt.clean.txt	83	152	108280	0.0014037680088659031	6.35258285744205	8.989456731246287	0.12353112725545812
xsu-x-bible.txt.clean.txt	84	153	107938	0.0014174804054179252	6.3640471346395415	8.98504622776767	0.12309397367437114
xsu-x-bible.txt.clean.txt	85	154	107598	0.001431253369021729	6.375813217584853	8.980567431587165	0.12260898515739893
xsu-x-bible.txt.clean.txt	86	155	107267	0.0014449924021367243	6.391044903448911	8.974852935485654	0.12164161200759016
xsu-x-bible.txt.clean.txt	87	156	106942	0.0014587346412073834	6.403623584646855	8.970408458349189	0.1210336241878901
xsu-x-bible.txt.clean.txt	88	157	106622	0.0014724916058599538	6.414738648731768	8.966731122381713	0.12062067795554032
xsu-x-bible.txt.clean.txt	89	158	106307	0.0014862614879546973	6.4329436575652945	8.96136691371065	0.11923100112625296
xsu-x-bible.txt.clean.txt	90	159	105999	0.001500014151076897	6.440690958161383	8.96190832532233	0.11926787321171584
xsu-x-bible.txt.clean.txt	91	160	105700	0.0015137180700094607	6.436567011295776	8.988145628271482	0.12091911749444828
xsu-x-bible.txt.clean.txt	92	161	105402	0.0015274852469592606	6.444702529285762	8.98628670812505	0.12088724556058172
xsu-x-bible.txt.clean.txt	93	162	105106	0.0015413011626358153	6.453951415027584	8.984389045288701	0.12069709701272846
xsu-x-bible.txt.clean.txt	94	163	104810	0.0015551951149699456	6.455804011209888	8.991068913496177	0.1215073036151273
xsu-x-bible.txt.clean.txt	95	164	104518	0.0015691077135038941	6.464097156448023	8.98936737306306	0.1214337115944637
xsu-x-bible.txt.clean.txt	96	165	104228	0.001583067889626588	6.462378570953232	9.011392113856896	0.12271301974062943
xsu-x-bible.txt.clean.txt	97	166	103938	0.0015971059670187996	6.46085855764759	9.026045016877994	0.12395606589080632
xsu-x-bible.txt.clean.txt	98	167	103652	0.001611160421410103	6.4563520238015295	9.054170087863865	0.12559444852331636
xsu-x-bible.txt.clean.txt	99	168	103367	0.001625276925904786	6.463300824687186	9.05403641178467	0.12567325575453425
xsu-x-bible.txt.clean.txt	100	169	103090	0.001639344262295082	6.474519525509981	9.050373084263583	0.12516889631126837
xsu-x-bible.txt.clean.txt	101	170	102827	0.0016532622754723953	6.486843234402626	9.046650810803635	0.12451059873700943
xsu-x-bible.txt.clean.txt	102	171	102565	0.0016672354116901477	6.491454863793928	9.049245344861413	0.12488758023065383
xsu-x-bible.txt.clean.txt	103	172	102305	0.001681247250867504	6.4933940565438775	9.054325218497313	0.12561775387385066
xsu-x-bible.txt.clean.txt	104	173	102048	0.0016952806522420821	6.500947521177281	9.052930833406709	0.125585392822828
xsu-x-bible.txt.clean.txt	105	174	101792	0.001709368123231688	6.500220673011976	9.06183215561406	0.12665994621113974
xsu-x-bible.txt.clean.txt	106	175	101536	0.001723526630948629	6.509420147087784	9.059441693468585	0.12639434725571064
xsu-x-bible.txt.clean.txt	107	176	101285	0.0017376709285679024	6.523742202799458	9.056492839788213	0.12543709275382742
xsu-x-bible.txt.clean.txt	108	177	101038	0.0017518161483798176	6.531857912954305	9.055073717874148	0.12530758766687844
xsu-x-bible.txt.clean.txt	109	178	100791	0.0017660306971852646	6.536844776829072	9.058632710277237	0.12559151055978124
xsu-x-bible.txt.clean.txt	110	179	100545	0.0017802973792829082	6.544169321024734	9.057598957436287	0.12555713344710562
xsu-x-bible.txt.clean.txt	111	180	100299	0.0017946340442078186	6.545054321460754	9.063349902413986	0.12637711427267118
xsu-x-bible.txt.clean.txt	112	181	100056	0.001808986967298313	6.555579744895371	9.060609510799868	0.12590473943126224
xsu-x-bible.txt.clean.txt	113	182	99826	0.0018231723198365156	6.561736665765775	9.060560188628989	0.12601010280268987
xsu-x-bible.txt.clean.txt	114	183	99601	0.001837330950492465	6.578576416118069	9.056898382629871	0.12468877713721127
xsu-x-bible.txt.clean.txt	115	184	99378	0.0018515164322083358	6.578216574975297	9.07324923767154	0.1256513054060311
xsu-x-bible.txt.clean.txt	116	185	99156	0.0018657469038686515	6.585995297489554	9.072174505276859	0.12552626207861028
xsu-x-bible.txt.clean.txt	117	186	98938	0.0018799652307505711	6.589660817249015	9.076325861175613	0.12594216644701073
xsu-x-bible.txt.clean.txt	118	187	98721	0.0018942271654460551	6.591658889382746	9.080802139216608	0.12657333100151935
xsu-x-bible.txt.clean.txt	119	188	98510	0.0019084356918079382	6.60207820505825	9.078747498517822	0.12608371750209346
xsu-x-bible.txt.clean.txt	120	189	98300	0.0019226856561546286	6.6095480878617945	9.078441923623656	0.12598040143594147
xsu-x-bible.txt.clean.txt	121	190	98091	0.001936976888807332	6.6207189272324865	9.076204762422993	0.12538372331090386
xsu-x-bible.txt.clean.txt	122	191	97885	0.0019512693466823313	6.628195055931789	9.075748871594701	0.12527122242202893
xsu-x-bible.txt.clean.txt	123	192	97679	0.0019656220886782217	6.629988919203132	9.080331820497808	0.12590353365982065
xsu-x-bible.txt.clean.txt	124	193	97477	0.0019799542456169147	6.638653479252667	9.079553089875988	0.1256251505057725
xsu-x-bible.txt.clean.txt	125	194	97277	0.0019943049230547816	6.6433464359469925	9.080956945922326	0.1258654442627597
xsu-x-bible.txt.clean.txt	126	195	97079	0.0020086733485099764	6.651512931401025	9.080055006329175	0.1256442592772692
xsu-x-bible.txt.clean.txt	127	196	96884	0.0020230378597085176	6.656544884618846	9.081551282751196	0.12583079055032553
xsu-x-bible.txt.clean.txt	128	197	96690	0.0020374392388044266	6.667046885010215	9.081987423975958	0.12529499366671515
xsu-x-bible.txt.clean.txt	129	198	96497	0.002051877260432967	6.663214511054629	9.102569986465117	0.12663480777424974
xsu-x-bible.txt.clean.txt	130	199	96304	0.0020663731516863265	6.67145919361696	9.101887507415885	0.12638639122450135
xsu-x-bible.txt.clean.txt	131	200	96119	0.002080754065273255	6.678828567093784	9.101521748194083	0.12624879363532104
xsu-x-bible.txt.clean.txt	132	201	95938	0.002095103087410619	6.684378064803927	9.102601353543704	0.1263451961106864
xsu-x-bible.txt.clean.txt	133	202	95758	0.0021094843250694458	6.689823803570963	9.103508791604131	0.12645089279159794
xsu-x-bible.txt.clean.txt	134	203	95580	0.0021238752877170957	6.6981932977961725	9.102833660511905	0.12617093756070552
xsu-x-bible.txt.clean.txt	135	204	95402	0.002138319951363703	6.705520752497516	9.103190321806261	0.1260233298308674
xsu-x-bible.txt.clean.txt	136	205	95226	0.002152773402222082	6.712084422867532	9.10341928810384	0.1259715064175001
xsu-x-bible.txt.clean.txt	137	206	95050	0.0021672803787480275	6.720445901883239	9.102898641510905	0.12568198257237329
xsu-x-bible.txt.clean.txt	138	207	94875	0.002181818181818182	6.719624648943995	9.138106564448664	0.12658269441869208
xsu-x-bible.txt.clean.txt	139	208	94700	0.0021964097148891235	6.721116191284281	9.14340153884293	0.12717761098105473
xsu-x-bible.txt.clean.txt	140	209	94526	0.0022110318854071894	6.724197153997169	9.146179143148053	0.12756145928005735
xsu-x-bible.txt.clean.txt	141	210	94353	0.00222568439795237	6.727366175644456	9.150383978850833	0.1279294701940259
xsu-x-bible.txt.clean.txt	142	211	94181	0.0022403669529947653	6.732511105270945	9.151455341715932	0.1280372210322257
xsu-x-bible.txt.clean.txt	143	212	94011	0.0022550552594909107	6.735140754798931	9.155897722319477	0.12846660438618374
xsu-x-bible.txt.clean.txt	144	213	93841	0.00226979678392174	6.74117099971596	9.156359672163994	0.12845196126197544
xsu-x-bible.txt.clean.txt	145	214	93672	0.002284567426765736	6.739513928200651	9.186202731990674	0.12942676884892113
xsu-x-bible.txt.clean.txt	146	215	93503	0.002299391463375507	6.750023334945388	9.185849318151957	0.1288261061670607
xsu-x-bible.txt.clean.txt	147	216	93339	0.0023141452126120912	6.757823269939638	9.185292605237546	0.1285723657429806
xsu-x-bible.txt.clean.txt	148	217	93177	0.002328900909022613	6.76385483276246	9.18589132256785	0.1285434276992845
xsu-x-bible.txt.clean.txt	149	218	93016	0.0023436828072589664	6.7690458089070145	9.187004789143964	0.1286193110381174
xsu-x-bible.txt.clean.txt	150	219	92856	0.0023584905660377358	6.767842984733098	9.19777624387255	0.12951403905327408
xsu-x-bible.txt.clean.txt	151	220	92696	0.002373349443341676	6.76986137822675	9.229102641332704	0.12998992111106755
xsu-x-bible.txt.clean.txt	152	221	92537	0.0023882338956309366	6.771381629649283	9.233380152584164	0.13052563536716655
xsu-x-bible.txt.clean.txt	153	222	92378	0.0024031695858321247	6.7813202993213375	9.23326648261283	0.12997709955437253
xsu-x-bible.txt.clean.txt	154	223	92220	0.002418130557362828	6.783904798347356	9.236385693707197	0.13036894648312802
xsu-x-bible.txt.clean.txt	155	224	92062	0.002433142881970846	6.790925571616237	9.235957774799994	0.13018869522246468
xsu-x-bible.txt.clean.txt	156	225	91905	0.002448180186061694	6.795262750441607	9.237236641707362	0.1303489841666261
xsu-x-bible.txt.clean.txt	157	226	91748	0.0024632689540916423	6.804851690378742	9.235891791707347	0.12983427577760598
xsu-x-bible.txt.clean.txt	158	227	91592	0.002478382391475238	6.81010077044004	9.256884132909772	0.12987177150967966
xsu-x-bible.txt.clean.txt	159	228	91438	0.0024934928585489623	6.817170694212361	9.256979457974708	0.12967363490558226
xsu-x-bible.txt.clean.txt	160	229	91284	0.0025086543096270978	6.8233785708093775	9.25691230258932	0.12958270313497866
xsu-x-bible.txt.clean.txt	161	230	91132	0.0025238116139226618	6.8324099620954915	9.257558621874068	0.12912897502520404
xsu-x-bible.txt.clean.txt	162	231	90980	0.002539019564739503	6.838788525735264	9.257430521166366	0.12901081151953198
xsu-x-bible.txt.clean.txt	163	232	90829	0.002554250294509463	6.840564635762794	9.262529860003372	0.1294755433992062
xsu-x-bible.txt.clean.txt	164	233	90678	0.002569531749707757	6.8428431652987625	9.267558066391164	0.12987268619649606
xsu-x-bible.txt.clean.txt	165	234	90528	0.0025848356309650052	6.846813843905195	9.268976063908287	0.13005126346068352
xsu-x-bible.txt.clean.txt	166	235	90379	0.002600161541951117	6.847857343932917	9.273698794430171	0.13059828470002688
xsu-x-bible.txt.clean.txt	167	236	90231	0.0026155090822444615	6.846273889330244	9.293786253828092	0.13147483065537258
xsu-x-bible.txt.clean.txt	168	237	90084	0.0026308778473424803	6.852088972559848	9.294878105862255	0.13140930609995327
xsu-x-bible.txt.clean.txt	169	238	89939	0.0026462380057594593	6.856765147072785	9.297189626170582	0.13148531699612187
xsu-x-bible.txt.clean.txt	170	239	89795	0.0026616181301854225	6.8632372274274855	9.297212530136946	0.1313311065445557
xsu-x-bible.txt.clean.txt	171	240	89652	0.0026770178021683845	6.865909529050367	9.29971508537862	0.1316549222441893
xsu-x-bible.txt.clean.txt	172	241	89511	0.0026924065198690663	6.870120739160987	9.301231849093616	0.13178101610679094
xsu-x-bible.txt.clean.txt	173	242	89373	0.002707752900764213	6.866396222419052	9.322359498995898	0.13290632548135362
xsu-x-bible.txt.clean.txt	174	243	89237	0.002723085715566413	6.871859547081594	9.322791512536439	0.13286786987642862
xsu-x-bible.txt.clean.txt	175	244	89102	0.0027384346030392133	6.874343009353168	9.325772596204526	0.13320253631478218
xsu-x-bible.txt.clean.txt	176	245	88968	0.002753799118784282	6.875167837298747	9.331933192810324	0.13374304206161425
xsu-x-bible.txt.clean.txt	177	246	88836	0.0027691476428474944	6.879648094055284	9.333131372957201	0.13381988922644827
xsu-x-bible.txt.clean.txt	178	247	88704	0.002784541847041847	6.890420084107032	9.332184002431331	0.1331024494280596
xsu-x-bible.txt.clean.txt	179	248	88574	0.0027999187120373924	6.895292322977159	9.332936869613034	0.13312520160295271
xsu-x-bible.txt.clean.txt	180	249	88446	0.002815277118241639	6.899608078099727	9.335130525890786	0.13321527595318727
xsu-x-bible.txt.clean.txt	181	250	88321	0.0028305838928454163	6.904540286829491	9.335973114299215	0.13322529959491802
xsu-x-bible.txt.clean.txt	182	251	88200	0.0028458049886621317	6.911273843278959	9.336143787957305	0.13300682653189966
xsu-x-bible.txt.clean.txt	183	252	88079	0.002861067904948966	6.914950690777159	9.337941045948522	0.13316935633577165
xsu-x-bible.txt.clean.txt	184	253	87959	0.0028763401130071967	6.919382657464114	9.339899673461982	0.13323459517765235
xsu-x-bible.txt.clean.txt	185	254	87840	0.0028916211293260473	6.922872537425479	9.342919507713418	0.1334152230481046
xsu-x-bible.txt.clean.txt	186	255	87721	0.0029069436052940574	6.924206677795555	9.347246676487547	0.13386282799672977
xsu-x-bible.txt.clean.txt	187	256	87603	0.002922274351335	6.930943422927879	9.34759492345805	0.13363207213401518
xsu-x-bible.txt.clean.txt	188	257	87485	0.0029376464536777732	6.937920409232243	9.347755686160182	0.13336924975692843
xsu-x-bible.txt.clean.txt	189	258	87367	0.0029530600798928657	6.942066526201059	9.349169427887206	0.13345779555790527
xsu-x-bible.txt.clean.txt	190	259	87251	0.0029684473530389335	6.946710617464236	9.35065924428343	0.13348175880243252
xsu-x-bible.txt.clean.txt	191	260	87137	0.0029838071083466266	6.9486635133855055	9.354124748599638	0.1338388272224612
xsu-x-bible.txt.clean.txt	192	261	87025	0.0029991381786842863	6.949338161712619	9.360285397833987	0.1343523249173707
xsu-x-bible.txt.clean.txt	193	262	86915	0.0030144393948110223	6.951848832005305	9.364480186570656	0.134634285948238
xsu-x-bible.txt.clean.txt	194	263	86805	0.0030297793905881	6.956087496690309	9.366251362293887	0.1346986446864692
xsu-x-bible.txt.clean.txt	195	264	86696	0.0030451231890744673	6.95914666490229	9.369394667353646	0.13490729548476088
xsu-x-bible.txt.clean.txt	196	265	86588	0.003060470273017046	6.960076229618245	9.379193745576684	0.1353779904227762
xsu-x-bible.txt.clean.txt	197	266	86480	0.003075855689176688	6.968339541974636	9.37974575210685	0.13493541688075206
xsu-x-bible.txt.clean.txt	198	267	86373	0.00309124379146261	6.97116739427458	9.383524494120774	0.13516556717266903
xsu-x-bible.txt.clean.txt	199	267	86266	0.0030950780145132498	6.972594329921136	9.382114811576711	0.13498854329549415
xsu-x-bible.txt.clean.txt	200	268	86161	0.0031104560067780084	6.973621369443798	9.388989694365304	0.13543959101101555
xsu-x-bible.txt.clean.txt	201	269	86057	0.003125835202249672	6.978111011130414	9.391096205225002	0.13545889236853137
xsu-x-bible.txt.clean.txt	202	270	85953	0.003141251614254302	6.980136474353092	9.398843743059446	0.13578112679682586
xsu-x-bible.txt.clean.txt	203	271	85851	0.0031566318388836475	6.985410068393766	9.399779694764133	0.13569892949863072
xsu-x-bible.txt.clean.txt	204	272	85749	0.0031720486536286137	6.990498986314189	9.400807485065457	0.13563757589599723
xsu-x-bible.txt.clean.txt	205	273	85648	0.0031874649729123857	6.994894233449223	9.402238996125433	0.13565993497067208
xsu-x-bible.txt.clean.txt	206	274	85547	0.003202917694366839	6.999549427851058	9.403482624625319	0.13564809868076977
xsu-x-bible.txt.clean.txt	207	275	85447	0.0032183692815429448	7.000502355018584	9.408867486749221	0.13609111257885176
xsu-x-bible.txt.clean.txt	208	276	85349	0.0032337812979648267	7.001191190030778	9.41469115116127	0.13656409037796458
xsu-x-bible.txt.clean.txt	209	277	85251	0.0032492287480498762	7.004473278872778	9.416759961257966	0.13671483077413893
xsu-x-bible.txt.clean.txt	210	278	85154	0.003264673415224182	7.0090391887404735	9.418127130413161	0.13670525183534998
xsu-x-bible.txt.clean.txt	211	279	85059	0.0032800761824145594	7.012639994260176	9.421339480959633	0.13681249638045545
xsu-x-bible.txt.clean.txt	212	280	84965	0.0032954746071911963	7.011555187567337	9.436840395565309	0.13749402340253114
xsu-x-bible.txt.clean.txt	213	281	84871	0.0033109071414264	7.0163748080528565	9.440691835440193	0.13744687924565335
xsu-x-bible.txt.clean.txt	214	282	84778	0.003326334662294463	7.021493530768465	9.445483639169087	0.13736111159257292
xsu-x-bible.txt.clean.txt	215	283	84685	0.0033417960677805986	7.024877824612089	9.447457909866793	0.13748648314437417
xsu-x-bible.txt.clean.txt	216	284	84593	0.0033572517820623458	7.0272018970209125	9.450323121306106	0.13773988395261938
xsu-x-bible.txt.clean.txt	217	285	84501	0.0033727411509922958	7.029456187622953	9.453915667145525	0.13799963486370892
xsu-x-bible.txt.clean.txt	218	286	84410	0.003388224144058761	7.033176612418574	9.45573695018856	0.13807751101191346
xsu-x-bible.txt.clean.txt	219	287	84321	0.0034036598237686933	7.037152115436548	9.457404891984421	0.1381221882094743
xsu-x-bible.txt.clean.txt	220	288	84233	0.00341908753101516	7.038588085602973	9.467266495409575	0.13847580187573494
xsu-x-bible.txt.clean.txt	221	289	84146	0.0034345066907517886	7.0420893360548416	9.469269059450268	0.13857451314460223
xsu-x-bible.txt.clean.txt	222	290	84060	0.0034499167261479893	7.044577282788006	9.47222708443792	0.1387951619918133
xsu-x-bible.txt.clean.txt	223	291	83974	0.003465358325195894	7.049292731695584	9.473625570826588	0.138741589045289
xsu-x-bible.txt.clean.txt	224	292	83888	0.003480831584970437	7.050430849000176	9.477839413456582	0.1391230913053474
xsu-x-bible.txt.clean.txt	225	293	83802	0.0034963366029450373	7.053652747826231	9.480244436925597	0.13924807372170267
xsu-x-bible.txt.clean.txt	226	294	83717	0.0035118315276467145	7.057352574889064	9.482075228058338	0.13931285567363683
xsu-x-bible.txt.clean.txt	227	295	83632	0.0035273579491103884	7.0591332580275115	9.485481780002015	0.13960972073775724
xsu-x-bible.txt.clean.txt	228	296	83547	0.0035429159634696636	7.059920880380711	9.491126691647805	0.14002546016779382
xsu-x-bible.txt.clean.txt	229	297	83463	0.0035584630315229505	7.06327164191781	9.49328597391609	0.14012694928885938
xsu-x-bible.txt.clean.txt	230	298	83380	0.0035739985608059487	7.064994995534115	9.497393101428326	0.1404246088950063
xsu-x-bible.txt.clean.txt	231	299	83297	0.003589565050361958	7.069982424846619	9.498679757841309	0.1403233237381376
xsu-x-bible.txt.clean.txt	232	300	83215	0.003605119269362495	7.071809198986887	9.503491142198977	0.14060456731721604
xsu-x-bible.txt.clean.txt	233	301	83135	0.0036206170686233236	7.076072253660003	9.505056044001485	0.14058791498069845
xsu-x-bible.txt.clean.txt	234	302	83054	0.0036361885038649552	7.077875434810208	9.509080448635316	0.14086820704197955
xsu-x-bible.txt.clean.txt	235	303	82973	0.0036517903414363707	7.0792774892690495	9.512949924837324	0.14119518725886915
xsu-x-bible.txt.clean.txt	236	304	82893	0.003667378427611499	7.082835841556001	9.514828350989184	0.14125871862823247
xsu-x-bible.txt.clean.txt	237	305	82813	0.0036829966309637374	7.083785658189854	9.521467264754783	0.14163663653009007
xsu-x-bible.txt.clean.txt	238	306	82734	0.0036986003335992457	7.081665708564156	9.534967680330276	0.14238426927820125
xsu-x-bible.txt.clean.txt	239	307	82655	0.003714233863650112	7.0825246549191085	9.539594071795978	0.1427688997194294
xsu-x-bible.txt.clean.txt	240	308	82576	0.003729897306723503	7.08633009058088	9.541421636684442	0.14279508056764134
xsu-x-bible.txt.clean.txt	241	309	82497	0.0037455907487545003	7.091734636010914	9.544033447545932	0.1426263271580327
xsu-x-bible.txt.clean.txt	242	310	82418	0.003761314276007668	7.0930852799989825	9.548090624024102	0.14294602972876103
xsu-x-bible.txt.clean.txt	243	311	82339	0.0037770679750786383	7.094543962565702	9.551723140710436	0.1432507722401537
xsu-x-bible.txt.clean.txt	244	310	82260	0.0037685387794796983	7.090344298825297	9.54880994835673	0.14327722112215513
xsu-x-bible.txt.clean.txt	245	311	82182	0.003784283663089241	7.093458793267016	9.569364205754713	0.14338181913528103
xsu-x-bible.txt.clean.txt	246	312	82104	0.003800058462437884	7.097986587184319	9.570705997484481	0.14331418081003988
xsu-x-bible.txt.clean.txt	247	313	82026	0.003815863262867871	7.101949257829878	9.572183014252527	0.1433132554990918
xsu-x-bible.txt.clean.txt	248	314	81950	0.0038316046369737647	7.099990537907661	9.585096336340133	0.14402469349109182
xsu-x-bible.txt.clean.txt	249	315	81874	0.0038473752351173753	7.100443551511113	9.59298074632909	0.14444323653778146
xsu-x-bible.txt.clean.txt	250	316	81801	0.0038630334592486644	7.1049953509377115	9.594360761320589	0.1443662150524092
xsu-x-bible.txt.clean.txt	251	317	81728	0.003878719655442443	7.10813401809804	9.596321391876167	0.14445787632010354
xsu-x-bible.txt.clean.txt	252	318	81655	0.0038944338987202255	7.112361944818232	9.597825825785968	0.14441692694626151
xsu-x-bible.txt.clean.txt	253	319	81582	0.003910176264372043	7.114144467105925	9.600890144374267	0.1446685649173639
xsu-x-bible.txt.clean.txt	254	320	81510	0.003925898662740768	7.1162926001452504	9.603605059846924	0.1448745388082363
xsu-x-bible.txt.clean.txt	255	321	81439	0.003941600461695257	7.118734562055121	9.607267820857576	0.14504355401496027
xsu-x-bible.txt.clean.txt	256	322	81368	0.0039573296627666895	7.122248265559213	9.609058137967267	0.145082303693437
xsu-x-bible.txt.clean.txt	257	323	81297	0.003973086337749241	7.119607839000088	9.626418642843188	0.14585789794585802
xsu-x-bible.txt.clean.txt	258	324	81227	0.003988821450995358	7.122114861807237	9.62922378621497	0.14601403390422985
xsu-x-bible.txt.clean.txt	259	325	81159	0.0040044850232260135	7.1248481424760675	9.631473746350892	0.14614148142600258
xsu-x-bible.txt.clean.txt	260	326	81091	0.004020174865274815	7.127096692596906	9.635157628431417	0.1463254568919048
xsu-x-bible.txt.clean.txt	261	327	81024	0.004035841232227488	7.128945698187272	9.638290334915693	0.14655568169518118
xsu-x-bible.txt.clean.txt	262	328	80957	0.004051533530145633	7.133542232694989	9.64139224658137	0.14645553760799224
xsu-x-bible.txt.clean.txt	263	329	80890	0.004067251823463964	7.133841072987703	9.655126533989847	0.14686808880549918
xsu-x-bible.txt.clean.txt	264	330	80823	0.004082996176830852	7.136283057093282	9.657665563573707	0.14702268519590078
xsu-x-bible.txt.clean.txt	265	331	80756	0.004098766655109218	7.13748108635687	9.661410970285331	0.1473243785746291
xsu-x-bible.txt.clean.txt	266	332	80689	0.004114563323377412	7.142083804442581	9.662660700959982	0.14721788918264855
xsu-x-bible.txt.clean.txt	267	333	80622	0.0041303862469301185	7.1444120564927704	9.66503564507423	0.14738161430107766
xsu-x-bible.txt.clean.txt	268	334	80556	0.004146184021053677	7.1487472210842045	9.66639642970639	0.147304464507229
xsu-x-bible.txt.clean.txt	269	335	80491	0.0041619559950801955	7.148628507216641	9.67224343473774	0.14775706057423776
xsu-x-bible.txt.clean.txt	270	336	80426	0.004177753462810534	7.15335478438066	9.674845358419722	0.14763057400989843
xsu-x-bible.txt.clean.txt	271	337	80361	0.004193576486106445	7.15447480957026	9.678445320282473	0.14793240887023906
xsu-x-bible.txt.clean.txt	272	338	80296	0.004209425127029989	7.156823842601703	9.680784667869602	0.14808635252014024
xsu-x-bible.txt.clean.txt	273	339	80231	0.004225299447844349	7.158015477142018	9.6843900258527	0.14837656111607733
xsu-x-bible.txt.clean.txt	274	340	80167	0.004241146606459017	7.160989595644518	9.686381579511597	0.1484532411412134
xsu-x-bible.txt.clean.txt	275	341	80103	0.004257019087924297	7.1595217211379385	9.696903854914094	0.14905653286140597
xsu-x-bible.txt.clean.txt	276	342	80039	0.00427291695298542	7.162011337866024	9.699085145289043	0.14918783321507223
xsu-x-bible.txt.clean.txt	277	343	79976	0.0042887866359907975	7.166975382959422	9.701158264638185	0.14902395292119475
xsu-x-bible.txt.clean.txt	278	344	79913	0.004304681340958292	7.172168121276696	9.702956267471947	0.14883185728594384
xsu-x-bible.txt.clean.txt	279	345	79850	0.0043206011271133375	7.175597094753974	9.704663855000263	0.14884793541286778
xsu-x-bible.txt.clean.txt	280	346	79787	0.004336546053868425	7.179599737717728	9.70607158862123	0.14879476084159793
xsu-x-bible.txt.clean.txt	281	347	79724	0.004352516180823842	7.180647228572786	9.709630702612682	0.14909060988642353
xsu-x-bible.txt.clean.txt	282	348	79662	0.00436845672968291	7.182727814445043	9.712175703043286	0.14926259805283737
xsu-x-bible.txt.clean.txt	283	349	79600	0.004384422110552764	7.1850145766774105	9.71448174176127	0.14940880961327452
xsu-x-bible.txt.clean.txt	284	350	79539	0.004400357057544098	7.184270329929958	9.728907284819355	0.1499123338817746
xsu-x-bible.txt.clean.txt	285	350	79478	0.004403734366742998	7.184345792258679	9.728230265495993	0.14990340470846175
xsu-x-bible.txt.clean.txt	286	351	79418	0.004419652975396006	7.186848887859316	9.730676456931993	0.15002119958162352
xsu-x-bible.txt.clean.txt	287	352	79359	0.0044355397623457955	7.189934474345613	9.73266667288883	0.15006884640982332
xsu-x-bible.txt.clean.txt	288	353	79300	0.004451450189155107	7.192715676309391	9.734804415296463	0.15015124207300146
xsu-x-bible.txt.clean.txt	289	354	79242	0.004467327932157189	7.194132561003858	9.738234227446519	0.15039351816130075
xsu-x-bible.txt.clean.txt	290	355	79184	0.004483228935138412	7.197024734555281	9.74033004302981	0.15046026288535386
xsu-x-bible.txt.clean.txt	291	356	79126	0.004499153249248035	7.200642706837807	9.741960503091995	0.15044016361699164
xsu-x-bible.txt.clean.txt	292	357	79069	0.00451504382248416	7.20148860198738	9.748470883303389	0.15074584744420594
xsu-x-bible.txt.clean.txt	293	358	79012	0.004530957322938288	7.203231700151576	9.751337944132985	0.15094435225061253
xsu-x-bible.txt.clean.txt	294	359	78955	0.004546893800265974	7.205033073613549	9.754043002884696	0.15113467679617731
xsu-x-bible.txt.clean.txt	295	360	78898	0.004562853304266268	7.205708155637594	9.75808373131514	0.15145633421849636
xsu-x-bible.txt.clean.txt	296	361	78842	0.004578777808782121	7.207502421314645	9.760787251117256	0.1516448434554526
xsu-x-bible.txt.clean.txt	297	362	78786	0.00459472495113345	7.21274932496394	9.762363346409874	0.15142587044727518
xsu-x-bible.txt.clean.txt	298	363	78730	0.004610694779626572	7.214943996534657	9.764945503624832	0.15156492867701532
xsu-x-bible.txt.clean.txt	299	364	78674	0.004626687342705341	7.216657587163352	9.767676492298953	0.15175931103635454
xsu-x-bible.txt.clean.txt	300	365	78619	0.004642643635762347	7.218605576087484	9.770232630988302	0.15192488906588908
xsu-x-bible.txt.clean.txt	301	366	78564	0.004658622269741866	7.2186036664310205	9.778675475144317	0.1523182118305374
xsu-x-bible.txt.clean.txt	302	367	78509	0.0046746232915971415	7.219997253532679	9.781710909933741	0.15254630136079028
xsu-x-bible.txt.clean.txt	303	368	78455	0.004690586960678095	7.217829400373323	9.800155253257007	0.1531909502641451
xsu-x-bible.txt.clean.txt	304	369	78402	0.004706512588964568	7.2206824130168625	9.802187913988007	0.15324516174183844
xsu-x-bible.txt.clean.txt	305	370	78350	0.004722399489470326	7.2228676420847115	9.804741542714579	0.1533765456963181
xsu-x-bible.txt.clean.txt	306	371	78298	0.004738307491889959	7.227488379417604	9.80668006452095	0.15322141811445145
xsu-x-bible.txt.clean.txt	307	372	78246	0.004754236638294609	7.2302212908907935	9.80882733818929	0.15328647108829108
xsu-x-bible.txt.clean.txt	308	373	78194	0.00477018697086733	7.231439340770283	9.812065197521315	0.15352775303671617
xsu-x-bible.txt.clean.txt	309	374	78142	0.0047861585319034575	7.233012710222345	9.815224101947852	0.15372621667807107
xsu-x-bible.txt.clean.txt	310	375	78090	0.004802151363810988	7.236363438505649	9.81720230543163	0.15371562038586128
xsu-x-bible.txt.clean.txt	311	376	78038	0.004818165509110946	7.239784126372464	9.818874431207291	0.15369584068874653
xsu-x-bible.txt.clean.txt	312	377	77987	0.004834139023170528	7.24429580755264	9.820841354729005	0.1535475936207077
xsu-x-bible.txt.clean.txt	313	378	77936	0.004850133442824882	7.246736241884116	9.823169210258463	0.15364038030687166
xsu-x-bible.txt.clean.txt	314	379	77885	0.004866148809141683	7.247778152907048	9.828590613864833	0.1538953501098278
xsu-x-bible.txt.clean.txt	315	380	77835	0.004882122438491681	7.249126383432152	9.836658947087052	0.15411335794443082
xsu-x-bible.txt.clean.txt	316	381	77785	0.0048981166034582505	7.251717630068543	9.838803243058058	0.15418520595915386
xsu-x-bible.txt.clean.txt	317	382	77735	0.004914131343667589	7.250283894470052	9.854263450268865	0.15472526326628988
xsu-x-bible.txt.clean.txt	318	383	77685	0.0049301666988479115	7.255402871991947	9.85573086042994	0.1545002587080424
xsu-x-bible.txt.clean.txt	319	384	77635	0.004946222708829781	7.255743008707082	9.86003443520233	0.15483113547699445
xsu-x-bible.txt.clean.txt	320	385	77585	0.004962299413546433	7.2563115282957495	9.864062155571299	0.15513416894380083
xsu-x-bible.txt.clean.txt	321	386	77535	0.004978396853034113	7.257524461491746	9.867121906690066	0.15536098347496274
xsu-x-bible.txt.clean.txt	322	387	77486	0.004994450610432853	7.260344632118908	9.86901117445655	0.15539967845296365
xsu-x-bible.txt.clean.txt	323	388	77437	0.0050105246845823055	7.261418486449875	9.873780099779317	0.15564045593244014
xsu-x-bible.txt.clean.txt	324	389	77388	0.005026619114074533	7.261599091629966	9.889636099803571	0.15598390719725985
xsu-x-bible.txt.clean.txt	325	390	77339	0.0050427339375994	7.265758329532062	9.89169047245117	0.15586388988400746
xsu-x-bible.txt.clean.txt	326	391	77290	0.005058869193944883	7.265716882358312	9.898212936735419	0.15623087223830956
xsu-x-bible.txt.clean.txt	327	392	77241	0.005075024921997385	7.266824033975722	9.902607415325953	0.15646328599914938
xsu-x-bible.txt.clean.txt	328	393	77192	0.005091201160742046	7.26783880833883	9.905908990564512	0.15670530095988866
xsu-x-bible.txt.clean.txt	329	394	77144	0.005107331743233434	7.271304369411294	9.90768115168147	0.15666194988494586
xsu-x-bible.txt.clean.txt	330	395	77096	0.005123482411538861	7.274348872184413	9.909351453449855	0.156666541320441
xsu-x-bible.txt.clean.txt	331	396	77048	0.005139653203198006	7.274974854695674	9.915589232012191	0.15695049179360976
xsu-x-bible.txt.clean.txt	332	397	77001	0.005155777197698731	7.276374133117659	9.91834747885294	0.1571437297305881
xsu-x-bible.txt.clean.txt	333	397	76954	0.005158926111703095	7.27611553122756	9.91792822737374	0.1571736847907027
xsu-x-bible.txt.clean.txt	334	398	76907	0.005175081592052739	7.276344239933794	9.929489840515354	0.15750138976449235
xsu-x-bible.txt.clean.txt	335	399	76860	0.005191256830601093	7.278171153355312	9.931945740713367	0.15764295953657925
xsu-x-bible.txt.clean.txt	336	400	76814	0.005207384070612128	7.281069541964545	9.933762467465158	0.15765956974414874
xsu-x-bible.txt.clean.txt	337	401	76768	0.005223530637765736	7.279722612218658	9.94327453773587	0.15816622026790983
xsu-x-bible.txt.clean.txt	338	402	76722	0.005239696566825682	7.280338651719072	9.947157961642151	0.15844467105167204
xsu-x-bible.txt.clean.txt	339	403	76676	0.005255881892639157	7.280933529134883	9.950874398058373	0.1587244680036224
xsu-x-bible.txt.clean.txt	340	404	76631	0.005272017851783221	7.280840238598599	9.955820387408384	0.15908265198847205
xsu-x-bible.txt.clean.txt	341	404	76586	0.005275115556368005	7.278762864882724	9.95894982034794	0.1593225830319691
xsu-x-bible.txt.clean.txt	342	405	76541	0.00529128179668413	7.279213170051742	9.963404984174325	0.1596167567575847
xsu-x-bible.txt.clean.txt	343	406	76496	0.005307467057101025	7.282672025875576	9.964932426518061	0.1595626418322097
xsu-x-bible.txt.clean.txt	344	407	76452	0.005323601737037618	7.284363606875656	9.96772087207355	0.1597115868884469
xsu-x-bible.txt.clean.txt	345	408	76408	0.005339754999476495	7.285939013868387	9.970594545235873	0.1598729621104953
xsu-x-bible.txt.clean.txt	346	409	76364	0.005355926876538683	7.287272152994326	9.97326673420912	0.16006129060744811
xsu-x-bible.txt.clean.txt	347	410	76320	0.005372117400419287	7.287021832567154	9.978605037816589	0.16043106856338474
xsu-x-bible.txt.clean.txt	348	411	76277	0.005388255961823354	7.286907603741063	9.986553164591726	0.16078404362526555
xsu-x-bible.txt.clean.txt	349	412	76234	0.0054044127292284284	7.287530656952556	9.990053594881559	0.16105103152331335
xsu-x-bible.txt.clean.txt	350	412	76191	0.005407462823693087	7.285674999281243	9.99235352652559	0.1612646569833598
