file	merge	types	tokens	TTR	H	Hcross	R
yaq-x-bible.txt.clean.txt	0	36	174570	0.00020622100017185084	4.4761792480728575	6.4140488150137696	0.13418874609900777
yaq-x-bible.txt.clean.txt	1	37	170758	0.00021668091685309035	4.528410159478141	6.398604991917227	0.1307321821218732
yaq-x-bible.txt.clean.txt	2	38	167570	0.00022677090171271708	4.593729431286146	6.380052563042755	0.12465836856198642
yaq-x-bible.txt.clean.txt	3	39	165016	0.00023634071847578416	4.65948587772669	6.370194756654443	0.11842359677033165
yaq-x-bible.txt.clean.txt	4	40	162768	0.0002457485500835545	4.720280545025866	6.364151043965037	0.11305067245073896
yaq-x-bible.txt.clean.txt	5	41	160618	0.00025526404263532106	4.770340535142875	6.361729948342128	0.10960443668471087
yaq-x-bible.txt.clean.txt	6	42	158554	0.0002648939793382696	4.802537205847313	6.372261560004299	0.1093741652596415
yaq-x-bible.txt.clean.txt	7	43	156540	0.0002746901750351348	4.7650028764829635	6.8626473210748244	0.12186317994272611
yaq-x-bible.txt.clean.txt	8	44	154578	0.00028464593926690734	4.830919511708101	6.843139279953633	0.1151240918163704
yaq-x-bible.txt.clean.txt	9	45	152669	0.000294755320333532	4.889138737078388	6.8273483146630225	0.10974699225915097
yaq-x-bible.txt.clean.txt	10	46	150786	0.0003050681097714642	4.925409003039774	6.821938963019891	0.10829116388589033
yaq-x-bible.txt.clean.txt	11	47	148995	0.00031544682707473405	4.970857484077435	6.815157116457586	0.10508993252019005
yaq-x-bible.txt.clean.txt	12	48	147215	0.0003260537309377441	5.000161031869819	6.816359098129904	0.10471000812911901
yaq-x-bible.txt.clean.txt	13	49	145445	0.00033689710887276975	5.045530799224602	6.808163290556535	0.10137283327065671
yaq-x-bible.txt.clean.txt	14	50	143732	0.00034786964628614363	5.045189283033441	6.851275075379325	0.1060740895251584
yaq-x-bible.txt.clean.txt	15	51	142039	0.00035905631551897717	5.041039943275416	6.966575871306755	0.11130783758832807
yaq-x-bible.txt.clean.txt	16	52	140383	0.00037041522121624413	5.098559956326228	6.9498398878044005	0.10558479548506416
yaq-x-bible.txt.clean.txt	17	53	140383	0.00037753859085501803	5.152404590428387	6.943194625168302	0.1004755336077201
yaq-x-bible.txt.clean.txt	18	54	138781	0.0003891022546313977	5.184541388404737	6.940152634078192	0.09910638801267924
yaq-x-bible.txt.clean.txt	19	55	137313	0.00040054474084755265	5.241280418863275	6.927306318234372	0.09341734841337523
yaq-x-bible.txt.clean.txt	20	56	135958	0.00041189190779505436	5.284433699504417	6.920775959089547	0.09004464675768609
yaq-x-bible.txt.clean.txt	21	57	134649	0.0004233228616625448	5.319844830306639	6.925813301185997	0.08795728748737075
yaq-x-bible.txt.clean.txt	22	58	133411	0.00043474676001229286	5.331468578445941	6.942578189885121	0.08987950236089226
yaq-x-bible.txt.clean.txt	23	59	132241	0.00044615512586867914	5.373101846236816	6.937829416918038	0.08661773268400186
yaq-x-bible.txt.clean.txt	24	60	131158	0.00045746351728449656	5.426684525691785	6.930760363539081	0.08129591400825054
yaq-x-bible.txt.clean.txt	25	61	130129	0.0004687656095105626	5.460494353922796	6.931997836076719	0.07928912660855214
yaq-x-bible.txt.clean.txt	26	62	129157	0.00048003592526924595	5.479286996521375	6.943300046477731	0.07976043937903732
yaq-x-bible.txt.clean.txt	27	63	128246	0.0004912433916067557	5.513531214962766	6.944555238526264	0.0775852418612526
yaq-x-bible.txt.clean.txt	28	64	127338	0.0005025993811745119	5.5392342988668775	6.950055329303837	0.07679428352218709
yaq-x-bible.txt.clean.txt	29	65	126476	0.0005139314968847844	5.565213126141588	6.95531146680621	0.0759094597141482
yaq-x-bible.txt.clean.txt	30	66	125670	0.000525185008355216	5.5961045434893535	6.960449529033992	0.07416617232707534
yaq-x-bible.txt.clean.txt	31	67	124894	0.0005364549137668744	5.603151344940332	6.997180233308588	0.07631570044266112
yaq-x-bible.txt.clean.txt	32	68	124183	0.0005475789761883672	5.627202662711396	7.006655405888579	0.07560788304449151
yaq-x-bible.txt.clean.txt	33	69	123497	0.000558718025539082	5.662955766172983	7.009726262804263	0.07294211454138844
yaq-x-bible.txt.clean.txt	34	70	122812	0.0005699768752239195	5.693033676646326	7.014708310392962	0.07117461195585006
yaq-x-bible.txt.clean.txt	35	71	122136	0.0005813191851706294	5.7142267019133905	7.02570659150545	0.07081924006435725
yaq-x-bible.txt.clean.txt	36	72	121461	0.0005927828685750982	5.740205480107751	7.032740137245192	0.06964744648178178
yaq-x-bible.txt.clean.txt	37	73	120807	0.0006042696201379059	5.7556490295628295	7.045028090393598	0.07014343059114869
yaq-x-bible.txt.clean.txt	38	74	120162	0.0006158352890264809	5.776896874002448	7.055250920776565	0.0696609614657584
yaq-x-bible.txt.clean.txt	39	75	119538	0.0006274155498669879	5.792122998739392	7.068182979386904	0.07010891044602285
yaq-x-bible.txt.clean.txt	40	76	118917	0.0006391012218606255	5.810860918963078	7.077280839717988	0.06995385166362389
yaq-x-bible.txt.clean.txt	41	77	118304	0.000650865566675683	5.827392697177993	7.087887161511615	0.07011469764664824
yaq-x-bible.txt.clean.txt	42	78	117693	0.0006627411995615712	5.850336187487148	7.095015879496284	0.06921848693620347
yaq-x-bible.txt.clean.txt	43	79	117092	0.000674683155125884	5.860098266612959	7.111419356128927	0.07038355223449766
yaq-x-bible.txt.clean.txt	44	80	116512	0.0006866245536940401	5.887302063089994	7.115896014416018	0.06874896792148866
yaq-x-bible.txt.clean.txt	45	81	115948	0.0006985890226653327	5.912882527935849	7.1212866777453545	0.06734662093811461
yaq-x-bible.txt.clean.txt	46	82	115391	0.0007106273452868942	5.933523667463337	7.131326212233422	0.06669679411929863
yaq-x-bible.txt.clean.txt	47	83	114839	0.0007227509818093157	5.954409820983854	7.139205580600034	0.06598070723998628
yaq-x-bible.txt.clean.txt	48	84	114307	0.0007348631317417131	5.9789377972876885	7.145254953115325	0.06466819435749716
yaq-x-bible.txt.clean.txt	49	85	113779	0.0007470622874168344	5.996344913523063	7.154072168163553	0.06444388035152993
yaq-x-bible.txt.clean.txt	50	86	113259	0.0007593215550199101	6.017790876395914	7.160954471832649	0.06356318855479826
yaq-x-bible.txt.clean.txt	51	87	112742	0.0007716733781554345	6.042142105431687	7.166526593867113	0.062207807762908796
yaq-x-bible.txt.clean.txt	52	88	112230	0.0007841040719950102	6.065778473262232	7.172202141942157	0.060942381406943635
yaq-x-bible.txt.clean.txt	53	89	112230	0.0007930143455404081	6.074944889711671	7.1901500227504105	0.06189083376072746
yaq-x-bible.txt.clean.txt	54	90	111729	0.0008055205004967377	6.071811109600009	7.276425306459798	0.06470294082396078
yaq-x-bible.txt.clean.txt	55	91	111243	0.0008180289995775015	6.0683728957507785	7.320900021765854	0.0675223741286497
yaq-x-bible.txt.clean.txt	56	92	110787	0.000830422341971531	6.081923617901289	7.330328034484374	0.06769895666364767
yaq-x-bible.txt.clean.txt	57	93	110344	0.0008428188211411586	6.100139592893681	7.337869294587213	0.06713695612784176
yaq-x-bible.txt.clean.txt	58	94	109904	0.0008552918911049643	6.111158028311372	7.34971250244195	0.06765196618743985
yaq-x-bible.txt.clean.txt	59	95	109466	0.0008678493778890249	6.124951561499885	7.358633766160009	0.06771899922228108
yaq-x-bible.txt.clean.txt	60	96	109034	0.0008804593062714382	6.142689928461813	7.3658556878132915	0.06716402290991141
yaq-x-bible.txt.clean.txt	61	97	108607	0.0008931284355520363	6.161030739284991	7.372304905666364	0.06649816647528595
yaq-x-bible.txt.clean.txt	62	98	108184	0.0009058640834134437	6.1739000323036874	7.384206099623455	0.06664083870643067
yaq-x-bible.txt.clean.txt	63	99	107762	0.0009186911898442865	6.193048486738231	7.389766744291873	0.06581455159914729
yaq-x-bible.txt.clean.txt	64	100	107342	0.0009316017961282629	6.207236548674536	7.399958361219191	0.06571780433359942
yaq-x-bible.txt.clean.txt	65	101	106923	0.0009446049961187022	6.223996359573415	7.406955144713725	0.06521497917319397
yaq-x-bible.txt.clean.txt	66	102	106504	0.0009577105085255014	6.239736817447007	7.415301649365145	0.0648472635284133
yaq-x-bible.txt.clean.txt	67	103	106093	0.0009708463329343123	6.258801900456177	7.42016246563499	0.0639644945795309
yaq-x-bible.txt.clean.txt	68	104	105685	0.0009840563940010409	6.273686044187112	7.427434761889031	0.06369039822842759
yaq-x-bible.txt.clean.txt	69	105	105280	0.0009973404255319148	6.2920637218464	7.432744069590812	0.06287851623967322
yaq-x-bible.txt.clean.txt	70	106	105280	0.001006838905775076	6.305517621286452	7.441615927776318	0.06278356531255558
yaq-x-bible.txt.clean.txt	71	107	104881	0.0010202038500777071	6.322029356553909	7.447879526071393	0.06221756046470672
yaq-x-bible.txt.clean.txt	72	108	104483	0.001033660978340974	6.335595227331254	7.457217318860666	0.06207242899277343
yaq-x-bible.txt.clean.txt	73	109	104087	0.0010472008992477447	6.345180267028955	7.467291067302849	0.062498897407306075
yaq-x-bible.txt.clean.txt	74	110	103710	0.0010606498891138753	6.361876286123896	7.472681458741271	0.061858306463842605
yaq-x-bible.txt.clean.txt	75	111	103336	0.001074165827978633	6.365656351612001	7.505007115451097	0.06310469114226158
yaq-x-bible.txt.clean.txt	76	112	102962	0.0010877799576542802	6.362706445493015	7.548199652633908	0.0653188325944063
yaq-x-bible.txt.clean.txt	77	113	102612	0.0011012357229173975	6.378273319707697	7.5542200057718105	0.06479384854015646
yaq-x-bible.txt.clean.txt	78	114	102264	0.0011147617930063365	6.377808449734323	7.581441742191438	0.06660162295705385
yaq-x-bible.txt.clean.txt	79	114	101916	0.0011185682326621924	6.379155968543133	7.579258098863761	0.06640441228835925
yaq-x-bible.txt.clean.txt	80	115	101571	0.0011322129347943802	6.370462197738252	7.665168024562904	0.0693928191657498
yaq-x-bible.txt.clean.txt	81	116	101230	0.0011459053640225229	6.385946838367177	7.670133388241924	0.06882990155495672
yaq-x-bible.txt.clean.txt	82	117	100891	0.0011596673637886432	6.398352247769932	7.676025610412495	0.06870268043675187
yaq-x-bible.txt.clean.txt	83	118	100558	0.0011734521370751207	6.405112259440825	7.688629165117334	0.06938189101137437
yaq-x-bible.txt.clean.txt	84	119	100226	0.0011873166643385949	6.423041936789777	7.691920421909965	0.06842469847844412
yaq-x-bible.txt.clean.txt	85	120	99896	0.001201249299271242	6.425421732436151	7.720635219659247	0.06970848263884344
yaq-x-bible.txt.clean.txt	86	121	99576	0.001215152245521009	6.426725659588823	7.757099631667961	0.0711298317091218
yaq-x-bible.txt.clean.txt	87	122	99269	0.0012289838721050881	6.4406835641582845	7.761649584209734	0.07070730710694106
yaq-x-bible.txt.clean.txt	88	123	98963	0.0012428887564039086	6.4546136407512815	7.766122018182343	0.07027725533921914
yaq-x-bible.txt.clean.txt	89	124	98661	0.0012568289394999036	6.469772006922671	7.770304140866146	0.06965927935348348
yaq-x-bible.txt.clean.txt	90	125	98362	0.001270815965515138	6.46635939225423	7.8024733806267825	0.07169686455946356
yaq-x-bible.txt.clean.txt	91	126	98068	0.0012848227760329568	6.46454321694814	7.8283926194040525	0.07348661830591707
yaq-x-bible.txt.clean.txt	92	127	97775	0.0012989005369470723	6.479384985842904	7.8320839577185986	0.07287490046492417
yaq-x-bible.txt.clean.txt	93	128	97482	0.001313062924437332	6.487838475465315	7.839385452162396	0.07316593207638356
yaq-x-bible.txt.clean.txt	94	129	97193	0.0013272560781126214	6.499685206448713	7.844262595559013	0.07296041482307658
yaq-x-bible.txt.clean.txt	95	130	96910	0.0013414508306676298	6.512543086563719	7.848936543364199	0.07260011723095283
yaq-x-bible.txt.clean.txt	96	131	96628	0.0013557146996729726	6.5218948547290765	7.856894972205918	0.0727281931851046
yaq-x-bible.txt.clean.txt	97	132	96348	0.0013700336280981441	6.534611757177278	7.862285850783557	0.0723670983683693
yaq-x-bible.txt.clean.txt	98	133	96071	0.0013843927928303026	6.540310310141417	7.87240476285603	0.07299100072429487
yaq-x-bible.txt.clean.txt	99	134	95796	0.0013988057956490876	6.556259797395873	7.8753211302411055	0.07215156493501185
yaq-x-bible.txt.clean.txt	100	135	95522	0.0014132869914784028	6.568109180800869	7.881261178474306	0.07188352010499732
yaq-x-bible.txt.clean.txt	101	136	95248	0.0014278515034436418	6.584536153557462	7.88381675688718	0.0709600457819336
yaq-x-bible.txt.clean.txt	102	137	94975	0.00144248486443801	6.589318567823576	7.8978000663320715	0.07166965564415573
yaq-x-bible.txt.clean.txt	103	138	94706	0.0014571410470297552	6.598802275756465	7.903492651922888	0.07170576455366495
yaq-x-bible.txt.clean.txt	104	139	94443	0.0014717872155691793	6.606741641259997	7.911191544076008	0.07194882303858685
yaq-x-bible.txt.clean.txt	105	140	94183	0.0014864678338978373	6.621405197115443	7.914365098831641	0.0712382743990374
yaq-x-bible.txt.clean.txt	106	141	93927	0.0015011657989715418	6.62044157518804	7.944762950688446	0.07270901931902762
yaq-x-bible.txt.clean.txt	107	142	93673	0.0015159117355054285	6.636281622270684	7.947269971167118	0.07181589623404327
yaq-x-bible.txt.clean.txt	108	143	93422	0.0015306887028751258	6.648964546615209	7.951735360379317	0.07135697921536455
yaq-x-bible.txt.clean.txt	109	144	93172	0.0015455286996093247	6.657269706291433	7.959480297108696	0.0715007890665178
yaq-x-bible.txt.clean.txt	110	145	92922	0.0015604485482447643	6.662296423005516	7.972175091414444	0.0720918134923546
yaq-x-bible.txt.clean.txt	111	146	92673	0.001575431894942432	6.671268200661504	7.977578422284164	0.07212364557325035
yaq-x-bible.txt.clean.txt	112	147	92424	0.00159049597507141	6.668380049869244	8.006293165618482	0.07379395471353156
yaq-x-bible.txt.clean.txt	113	148	92176	0.0016056240236070128	6.680264084820154	8.00980781738267	0.07340213660743056
yaq-x-bible.txt.clean.txt	114	149	91929	0.0016208160645715716	6.687081596268985	8.016908261265772	0.0737047379743273
yaq-x-bible.txt.clean.txt	115	150	91687	0.0016360007416536696	6.6923487340813494	8.027187447869787	0.07421267282852961
yaq-x-bible.txt.clean.txt	116	151	91447	0.0016512296740188305	6.694721161570979	8.049116353826005	0.0751109667576828
yaq-x-bible.txt.clean.txt	117	152	91209	0.0016665022092118102	6.699082745576259	8.065495318673726	0.07572437318796565
yaq-x-bible.txt.clean.txt	118	153	90975	0.001681780708985985	6.711813092432262	8.068733431328255	0.0751750853180212
yaq-x-bible.txt.clean.txt	119	154	90742	0.0016971193052831104	6.718403337982677	8.076086298616634	0.07546433346310788
yaq-x-bible.txt.clean.txt	120	155	90510	0.0017125179538172578	6.728683481559112	8.080029415467536	0.07523798291825556
yaq-x-bible.txt.clean.txt	121	156	90278	0.0017279957464720087	6.73627819955178	8.08545239655851	0.07537319187247626
yaq-x-bible.txt.clean.txt	122	157	90051	0.0017434564857691753	6.749302095549372	8.088434272790415	0.0747562720687176
yaq-x-bible.txt.clean.txt	123	158	89825	0.0017589757862510437	6.760272522335563	8.092766498249052	0.07441464148238441
yaq-x-bible.txt.clean.txt	124	159	89601	0.0017745337663642147	6.7578290297434265	8.118153343422904	0.07590083540716897
yaq-x-bible.txt.clean.txt	125	160	89378	0.0017901497012687685	6.771121192608264	8.120454798782571	0.07522702970324258
yaq-x-bible.txt.clean.txt	126	161	89156	0.001805823500381354	6.782904576937646	8.123187968444277	0.07475358270845778
yaq-x-bible.txt.clean.txt	127	162	88934	0.0018215755504081678	6.7869049830785215	8.132292098495466	0.07533464847221549
yaq-x-bible.txt.clean.txt	128	163	88714	0.0018373650156683274	6.791815188031243	8.140839033674776	0.0757835852016363
yaq-x-bible.txt.clean.txt	129	164	88498	0.0018531492237112703	6.8012094810405355	8.144606156826255	0.07561516700505155
yaq-x-bible.txt.clean.txt	130	165	88285	0.0018689471597666649	6.799857131327028	8.181402792868045	0.07689930829027469
yaq-x-bible.txt.clean.txt	131	166	88073	0.0018848001090004882	6.809058475017923	8.185540927494975	0.07674277020450249
yaq-x-bible.txt.clean.txt	132	167	87866	0.0019006214007693534	6.821208822719836	8.188028229806577	0.07618066047519645
yaq-x-bible.txt.clean.txt	133	168	87659	0.001916517414070432	6.830054765542457	8.192269012161319	0.07606040502315858
yaq-x-bible.txt.clean.txt	134	169	87454	0.0019324444851007386	6.842442692566991	8.194516569321506	0.07545545749299809
yaq-x-bible.txt.clean.txt	135	170	87249	0.0019484464005318112	6.8488225635191124	8.201415112785027	0.07565647128761133
yaq-x-bible.txt.clean.txt	136	171	87045	0.0019645011201102876	6.860444761967134	8.203907967757896	0.07514408675559092
yaq-x-bible.txt.clean.txt	137	172	86841	0.0019806312686403886	6.86749892197042	8.209640746079582	0.07524184111236853
yaq-x-bible.txt.clean.txt	138	173	86640	0.0019967682363804247	6.876149633278766	8.216402066867097	0.07511856373421977
yaq-x-bible.txt.clean.txt	139	174	86441	0.002012933677305908	6.88793893281427	8.219098935538973	0.0745678861251613
yaq-x-bible.txt.clean.txt	140	175	86243	0.0020291501918996324	6.889969180651217	8.229571322644357	0.07532224262038079
yaq-x-bible.txt.clean.txt	141	176	86045	0.0020454413388343307	6.901315983364778	8.23196023781885	0.07482012890607825
yaq-x-bible.txt.clean.txt	142	177	85848	0.0020617836175566115	6.91209068491331	8.234818879792892	0.07438995825958072
yaq-x-bible.txt.clean.txt	143	177	85652	0.0020665016578713864	6.915987937569496	8.232210600879991	0.07386807040275056
yaq-x-bible.txt.clean.txt	144	178	85462	0.002082797032599284	6.918625652656612	8.245745486466179	0.07452215671603579
yaq-x-bible.txt.clean.txt	145	179	85277	0.002099041945659439	6.922303661482836	8.25613585369873	0.07503018947731022
yaq-x-bible.txt.clean.txt	146	180	85094	0.0021153077772815944	6.929957885990657	8.26098841427444	0.07500083131826163
yaq-x-bible.txt.clean.txt	147	181	84912	0.0021316186169210477	6.944102573203995	8.262626711018406	0.07410063116581544
yaq-x-bible.txt.clean.txt	148	182	84730	0.0021479995279121917	6.952468193772821	8.268031282611371	0.07396665372977995
yaq-x-bible.txt.clean.txt	149	183	84549	0.002164425362807366	6.963751939284274	8.270493241622983	0.07343932180316926
yaq-x-bible.txt.clean.txt	150	184	84368	0.0021809216764650105	6.960251735507068	8.30286814351901	0.07487280942724739
yaq-x-bible.txt.clean.txt	151	185	84190	0.002197410618838342	6.962297468732743	8.324798935677917	0.07556170070086399
yaq-x-bible.txt.clean.txt	152	186	84014	0.0022139167281643537	6.964273629029075	8.338009582581297	0.0762532261864457
yaq-x-bible.txt.clean.txt	153	187	83839	0.002230465535132814	6.970076133782244	8.343673210550484	0.07643121673043518
yaq-x-bible.txt.clean.txt	154	188	83666	0.002247029856811608	6.9797019819746975	8.346529253880963	0.0760977044535357
yaq-x-bible.txt.clean.txt	155	189	83494	0.0022636357103504442	6.987246866018953	8.350974964642386	0.07603506023034501
yaq-x-bible.txt.clean.txt	156	190	83323	0.0022802827550616276	6.988300081881295	8.391595011163382	0.0768251808937579
yaq-x-bible.txt.clean.txt	157	191	83153	0.002296970644474643	6.997911836572225	8.394216106965889	0.07647937111852077
yaq-x-bible.txt.clean.txt	158	192	82985	0.0023136711453877207	7.008908316849117	8.396348440755531	0.0759468730158217
yaq-x-bible.txt.clean.txt	159	193	82818	0.00233041126325195	7.014703413814102	8.402605001320705	0.07609573825943783
yaq-x-bible.txt.clean.txt	160	194	82651	0.002347219029412832	7.022039424744894	8.406145031047359	0.07603684797994759
yaq-x-bible.txt.clean.txt	161	195	82484	0.002364094854759711	7.031018924658357	8.40886957509613	0.07575737680926231
yaq-x-bible.txt.clean.txt	162	196	82318	0.002381010228625574	7.041578244107685	8.411042006067568	0.07526637412854942
yaq-x-bible.txt.clean.txt	163	197	82155	0.002397906396445743	7.051865345711484	8.413153970490871	0.07480747799292187
yaq-x-bible.txt.clean.txt	164	198	81995	0.002414781389109092	7.061285173787208	8.415691878445195	0.07445863060029212
yaq-x-bible.txt.clean.txt	165	199	81836	0.0024316926535998826	7.071385286788882	8.418102269774598	0.07401690692432228
yaq-x-bible.txt.clean.txt	166	200	81677	0.002448669760152797	7.073015146049032	8.43219461237476	0.07467972049098892
yaq-x-bible.txt.clean.txt	167	201	81518	0.00246571309404058	7.085320635236873	8.433594776231862	0.07394160682436623
yaq-x-bible.txt.clean.txt	168	202	81361	0.0024827620112830473	7.093590392282898	8.436515372552767	0.07372753961425127
yaq-x-bible.txt.clean.txt	169	203	81204	0.0024998768533569774	7.095887280621886	8.454666751950949	0.07428880387180736
yaq-x-bible.txt.clean.txt	170	204	81048	0.002517026946994374	7.108014316808496	8.456030438818196	0.07356357344729392
yaq-x-bible.txt.clean.txt	171	205	80895	0.002534149205760554	7.113077126970527	8.464234502646693	0.07375537994706116
yaq-x-bible.txt.clean.txt	172	206	80742	0.0025513363553045505	7.116741842971435	8.471608025793227	0.074124587931379
yaq-x-bible.txt.clean.txt	173	207	80590	0.002568556892914754	7.125713653726361	8.474013975540302	0.07379921574046733
yaq-x-bible.txt.clean.txt	174	208	80439	0.0025858103656186677	7.136928376590039	8.47567665631163	0.0731791121257015
yaq-x-bible.txt.clean.txt	175	209	80288	0.0026031287365484257	7.1478918038567985	8.477309944966834	0.07258871925344357
yaq-x-bible.txt.clean.txt	176	210	80138	0.0026204796725648257	7.158368196255761	8.479090374947463	0.07205854676745327
yaq-x-bible.txt.clean.txt	177	211	79988	0.002637895684352653	7.166400042054493	8.481999805537107	0.0718419920655845
yaq-x-bible.txt.clean.txt	178	212	79839	0.0026553438795576096	7.16944890143352	8.489806677693663	0.07226673157588104
yaq-x-bible.txt.clean.txt	179	213	79691	0.0026728237818574242	7.177150743618392	8.492820616036823	0.07208530170925365
yaq-x-bible.txt.clean.txt	180	214	79546	0.0026902672667387423	7.186861066762667	8.495079775898663	0.07164093325111565
yaq-x-bible.txt.clean.txt	181	215	79401	0.002707774461278825	7.187109532548289	8.506590187921207	0.07241473307816548
yaq-x-bible.txt.clean.txt	182	216	79257	0.002725311328967788	7.194460566360963	8.509582160839258	0.07226757778835047
yaq-x-bible.txt.clean.txt	183	217	79115	0.002742842697339316	7.203155446859948	8.512273719056605	0.07194383814028715
yaq-x-bible.txt.clean.txt	184	218	78973	0.0027604371114178265	7.208164953962278	8.518387626283221	0.07209141124888663
yaq-x-bible.txt.clean.txt	185	219	78833	0.0027780244313929444	7.217906540432841	8.52040581455232	0.07162646576675491
yaq-x-bible.txt.clean.txt	186	220	78697	0.0027955322312159295	7.2268700302584765	8.522983568850862	0.0712587136027697
yaq-x-bible.txt.clean.txt	187	221	78561	0.0028131006479041763	7.233970786528362	8.526329822658205	0.07112720898068803
yaq-x-bible.txt.clean.txt	188	222	78426	0.0028306939025323236	7.242805303972386	8.52884028825291	0.07076996812026959
yaq-x-bible.txt.clean.txt	189	223	78291	0.0028483478305296904	7.247079293395478	8.534802599648128	0.07099445110563263
yaq-x-bible.txt.clean.txt	190	224	78157	0.0028660260757193854	7.25555388457507	8.53721371020893	0.0706770785997658
yaq-x-bible.txt.clean.txt	191	225	78024	0.002883728083666564	7.260884887931137	8.541361932430098	0.07075912285685382
yaq-x-bible.txt.clean.txt	192	226	77891	0.0029014905444788228	7.269667651938216	8.543830554138507	0.07039625475616373
yaq-x-bible.txt.clean.txt	193	227	77758	0.0029193137683582396	7.279130254097427	8.545867012747754	0.06994376053280815
yaq-x-bible.txt.clean.txt	194	228	77625	0.00293719806763285	7.287073614290719	8.548740077419756	0.0696826329601189
yaq-x-bible.txt.clean.txt	195	229	77493	0.0029551056224433173	7.28396988066749	8.572508281158507	0.07082784456662827
yaq-x-bible.txt.clean.txt	196	230	77361	0.002973074288077972	7.291709110827645	8.57499853135931	0.07058589540242555
yaq-x-bible.txt.clean.txt	197	231	77232	0.0029909881914232444	7.293822957868366	8.583028557994949	0.07105755426017402
yaq-x-bible.txt.clean.txt	198	232	77103	0.0030089620377936007	7.2979808477431884	8.591520301427675	0.07126514402766027
yaq-x-bible.txt.clean.txt	199	233	76974	0.0030269961285628913	7.3027792536139025	8.598646375819788	0.07138779280065699
yaq-x-bible.txt.clean.txt	200	234	76846	0.003045051141243526	7.308394068555813	8.602262856520316	0.07140338104399024
yaq-x-bible.txt.clean.txt	201	235	76718	0.003063166401626737	7.315242923493324	8.605095131593488	0.07125916529849541
yaq-x-bible.txt.clean.txt	202	236	76590	0.0030813422117769943	7.323505303336144	8.60749241107412	0.07093277502537221
yaq-x-bible.txt.clean.txt	203	237	76464	0.003099497802887633	7.329484372267754	8.611142562098827	0.07089327906680332
yaq-x-bible.txt.clean.txt	204	238	76340	0.003117631647891014	7.3366545575711095	8.613960877949216	0.07069994805085444
yaq-x-bible.txt.clean.txt	205	239	76216	0.0031358244987929043	7.342028954057992	8.61760173231508	0.07073120804394128
yaq-x-bible.txt.clean.txt	206	240	76093	0.0031540351937760372	7.349925442214543	8.620048012631901	0.07044047804370956
yaq-x-bible.txt.clean.txt	207	241	75972	0.003172221344705944	7.359913644133623	8.621718425496798	0.06988290478984516
yaq-x-bible.txt.clean.txt	208	242	75852	0.0031904234562041872	7.366990879847233	8.624695035430156	0.06969085598418512
yaq-x-bible.txt.clean.txt	209	243	75734	0.003208598515858135	7.3728440429574915	8.628594170050274	0.06965066497120842
yaq-x-bible.txt.clean.txt	210	244	75617	0.0032267876271208857	7.37997949374752	8.631280993766007	0.06944598217958564
yaq-x-bible.txt.clean.txt	211	245	75501	0.0032449901325810253	7.386894083129822	8.634587166325652	0.06926659123142986
yaq-x-bible.txt.clean.txt	212	246	75386	0.0032632053696972914	7.392080657165398	8.638515219859094	0.0693022150357826
yaq-x-bible.txt.clean.txt	213	247	75271	0.0032814762657597217	7.39850525471611	8.641503985207253	0.0691792365460373
yaq-x-bible.txt.clean.txt	214	248	75157	0.0032997591708024535	7.408559656952597	8.643217853510915	0.06859733304818816
yaq-x-bible.txt.clean.txt	215	249	75043	0.00331809762402889	7.407472601301357	8.661076675226294	0.06941321566025938
yaq-x-bible.txt.clean.txt	216	250	74929	0.0033364918789787665	7.40380006451298	8.691731918788102	0.07054976635900034
yaq-x-bible.txt.clean.txt	217	251	74816	0.0033548973481608213	7.409858098097037	8.694787287771877	0.07046131681427725
yaq-x-bible.txt.clean.txt	218	252	74703	0.003373358499658648	7.416599732761321	8.697824263762762	0.07028463287177789
yaq-x-bible.txt.clean.txt	219	253	74590	0.0033918755865397507	7.423023117512582	8.700738189154517	0.07014542250876998
yaq-x-bible.txt.clean.txt	220	254	74477	0.0034104488634074948	7.422783113818297	8.711678071837277	0.0708378907344911
yaq-x-bible.txt.clean.txt	221	255	74365	0.003429032474954616	7.424580611929741	8.718857428848246	0.07127190828242791
yaq-x-bible.txt.clean.txt	222	256	74254	0.0034476257171330836	7.430023048921344	8.721987866538655	0.07124711888483204
yaq-x-bible.txt.clean.txt	223	257	74143	0.0034662746314554306	7.4371641012322804	8.724351902566397	0.07100763275475352
yaq-x-bible.txt.clean.txt	224	258	74033	0.003484932395013035	7.438646606823551	8.734161665609268	0.07147227638712794
yaq-x-bible.txt.clean.txt	225	259	73923	0.003503645685375323	7.43835374741597	8.7474056779587	0.07215521682850567
yaq-x-bible.txt.clean.txt	226	260	73814	0.003522367030644593	7.442490847581221	8.753673002732093	0.07228252044309214
yaq-x-bible.txt.clean.txt	227	261	73706	0.0035410957045559385	7.449437381245917	8.756257599691443	0.07205722333708597
yaq-x-bible.txt.clean.txt	228	262	73599	0.0035598309759643475	7.451112217832564	8.767035146854477	0.0724860104582371
yaq-x-bible.txt.clean.txt	229	263	73494	0.003578523416877568	7.459139124313004	8.768937266423144	0.07212162055017035
yaq-x-bible.txt.clean.txt	230	264	73390	0.003597220329745197	7.466478280959331	8.771104875991293	0.07184081607941062
yaq-x-bible.txt.clean.txt	231	265	73286	0.0036159703081079606	7.469730949963274	8.776578998245018	0.0720656538969151
yaq-x-bible.txt.clean.txt	232	266	73182	0.0036347735782022903	7.476132956289911	8.77914595250791	0.07189685574013571
yaq-x-bible.txt.clean.txt	233	267	73079	0.0036535803719262715	7.483249432878955	8.781323464763485	0.07163730076190933
yaq-x-bible.txt.clean.txt	234	268	72976	0.003672440254330191	7.488002734365571	8.785424971881561	0.07166874087830333
yaq-x-bible.txt.clean.txt	235	269	72874	0.0036913027966078435	7.494872434664327	8.787933954571773	0.07143562120379665
yaq-x-bible.txt.clean.txt	236	270	72773	0.0037101672323526583	7.500783416349231	8.790645640493919	0.07131921903874261
yaq-x-bible.txt.clean.txt	237	271	72672	0.0037290841039189786	7.502391994468552	8.806576560060398	0.07173303089548089
yaq-x-bible.txt.clean.txt	238	272	72572	0.0037480019842363447	7.505533585870845	8.811216639912839	0.07195448891725931
yaq-x-bible.txt.clean.txt	239	273	72472	0.003766972071972624	7.511823812126128	8.814001164595343	0.07178435219022195
yaq-x-bible.txt.clean.txt	240	274	72372	0.0037859945835405956	7.5133561901707395	8.82126085777842	0.0721997501121332
yaq-x-bible.txt.clean.txt	241	275	72272	0.003805069736550808	7.5175147101014	8.824864597455761	0.07228832446288413
yaq-x-bible.txt.clean.txt	242	276	72173	0.0038241447632771258	7.522611947016971	8.828140895354805	0.07225883240339925
yaq-x-bible.txt.clean.txt	243	277	72074	0.0038432721924688516	7.526312086598198	8.832076558078361	0.0723994018332268
yaq-x-bible.txt.clean.txt	244	278	72074	0.0038571468213225296	7.530198929723735	8.836503836254476	0.07251464664249341
yaq-x-bible.txt.clean.txt	245	279	71975	0.0038763459534560613	7.533554955879519	8.841176361886586	0.07269295143214682
yaq-x-bible.txt.clean.txt	246	280	71876	0.0038955979742890533	7.532313535588127	8.867917598542418	0.07343445665657056
yaq-x-bible.txt.clean.txt	247	281	71778	0.003914848560840369	7.536612835317914	8.872343908195413	0.07349178188717997
yaq-x-bible.txt.clean.txt	248	282	71682	0.003934042018916883	7.538813846373445	8.88010450207994	0.07380474426865136
yaq-x-bible.txt.clean.txt	249	283	71587	0.003953231732018383	7.545567339290881	8.882028069972966	0.07355629735210334
yaq-x-bible.txt.clean.txt	250	284	71493	0.003972416879974263	7.546452110556775	8.889660174416315	0.07402622438480932
yaq-x-bible.txt.clean.txt	251	285	71399	0.00399165254415328	7.5542642408597604	8.891236859851265	0.07364405436900068
yaq-x-bible.txt.clean.txt	252	286	71305	0.0040109389243391065	7.559238093965	8.894626417536461	0.07360817567137357
yaq-x-bible.txt.clean.txt	253	287	71212	0.004030219625905746	7.56598961177726	8.896513996672992	0.07335261997190634
yaq-x-bible.txt.clean.txt	254	288	71119	0.0040495507529633434	7.566798631042754	8.904149064618817	0.073822754834724
yaq-x-bible.txt.clean.txt	255	289	71026	0.0040689325035902345	7.571762227196825	8.906898962460607	0.07378213316299509
yaq-x-bible.txt.clean.txt	256	290	70934	0.004088307440719542	7.577540318746899	8.909594446494824	0.07364003250394746
yaq-x-bible.txt.clean.txt	257	291	70842	0.00410773270094012	7.584401612279299	8.911395038229774	0.07336382113006268
yaq-x-bible.txt.clean.txt	258	292	70751	0.004127150146287685	7.58937333965936	8.914489010279357	0.07331673772786784
yaq-x-bible.txt.clean.txt	259	293	70661	0.004146558922177722	7.595043109506733	8.916809058959297	0.07318261610066978
yaq-x-bible.txt.clean.txt	260	294	70571	0.0041660172025336185	7.600964353805251	8.919286012114537	0.07301608721086772
yaq-x-bible.txt.clean.txt	261	295	70481	0.004185525176998056	7.608479291863499	8.920853241940513	0.07265362709463752
yaq-x-bible.txt.clean.txt	262	296	70392	0.004205023298102057	7.615398686301457	8.92265612795617	0.07236226979675153
yaq-x-bible.txt.clean.txt	263	297	70304	0.004224510696404188	7.616926183840615	8.942340853612063	0.07272580090629777
yaq-x-bible.txt.clean.txt	264	298	70216	0.004244046940868178	7.621118111282132	8.945382364064487	0.07276288443181866
yaq-x-bible.txt.clean.txt	265	299	70128	0.004263632215377595	7.622410533966972	8.952954008928515	0.07315065877461557
yaq-x-bible.txt.clean.txt	266	300	70040	0.004283266704740148	7.624681893420096	8.965841670646052	0.07341719629496168
yaq-x-bible.txt.clean.txt	267	301	69953	0.004302889082669793	7.628868008351007	8.969481958286083	0.0734490651925147
yaq-x-bible.txt.clean.txt	268	302	69866	0.004322560329774139	7.6279750420844685	8.984016543599349	0.07409561881887083
yaq-x-bible.txt.clean.txt	269	303	69780	0.004342218400687876	7.631328654705006	8.987521254248943	0.07422448318992869
yaq-x-bible.txt.clean.txt	270	304	69695	0.0043618624004591435	7.637920645844918	8.989394938558144	0.0739588056035162
yaq-x-bible.txt.clean.txt	271	305	69612	0.004381428489340918	7.644106665817235	8.99131024987073	0.07374087458339262
yaq-x-bible.txt.clean.txt	272	306	69529	0.004401041292122711	7.6507974699425105	8.993121364137544	0.07346032235689892
yaq-x-bible.txt.clean.txt	273	307	69446	0.0044207009762981305	7.655608625264815	8.995683784622859	0.07340586515358383
yaq-x-bible.txt.clean.txt	274	308	69364	0.004440343694135286	7.657092085208951	9.001692193602409	0.07375229207680745
yaq-x-bible.txt.clean.txt	275	309	69282	0.004460032908980688	7.660748049217013	9.006583060304942	0.07383397309847983
yaq-x-bible.txt.clean.txt	276	310	69200	0.004479768786127168	7.6618253583541325	9.028383924625809	0.07422544863252944
yaq-x-bible.txt.clean.txt	277	311	69118	0.004499551491651958	7.666986508178862	9.030596698381085	0.0741216342041141
yaq-x-bible.txt.clean.txt	278	312	69036	0.004519381192421346	7.67323113380629	9.032427244543822	0.07388549992929883
yaq-x-bible.txt.clean.txt	279	313	68954	0.004539258056095368	7.678894449815325	9.034489836313604	0.07371809502500881
yaq-x-bible.txt.clean.txt	280	314	68873	0.004559116054186692	7.6859310534324035	9.036018568606185	0.07338366802853047
yaq-x-bible.txt.clean.txt	281	315	68792	0.004579020816373997	7.688310185703113	9.04463458901868	0.07360917226447317
yaq-x-bible.txt.clean.txt	282	316	68711	0.004598972508040925	7.6922851901345455	9.048603416601173	0.07364061944636435
yaq-x-bible.txt.clean.txt	283	317	68631	0.004618903993822034	7.697942225327549	9.050844641686123	0.07346797026428242
yaq-x-bible.txt.clean.txt	284	318	68551	0.004638882000262579	7.7020045015910465	9.054809637189928	0.07348575181188899
yaq-x-bible.txt.clean.txt	285	319	68471	0.004658906690423683	7.708364723620653	9.056425072880513	0.07322564340937887
yaq-x-bible.txt.clean.txt	286	320	68392	0.004678909814013335	7.7090622392358865	9.062998603006557	0.07364469491487124
yaq-x-bible.txt.clean.txt	287	321	68314	0.004698890417776737	7.714489187425352	9.064976167057925	0.07349372268670273
yaq-x-bible.txt.clean.txt	288	322	68236	0.004718916700861715	7.719126436311955	9.067559361375338	0.07343614763578321
yaq-x-bible.txt.clean.txt	289	323	68158	0.004738988820094487	7.722092233536861	9.073609038510929	0.07357761245239047
yaq-x-bible.txt.clean.txt	290	324	68080	0.004759106933019976	7.724928350278284	9.07997184261097	0.07373293912883905
yaq-x-bible.txt.clean.txt	291	325	68004	0.004779130639374155	7.725527953393894	9.08753063127722	0.0741546034980528
yaq-x-bible.txt.clean.txt	292	326	67928	0.00479919915204334	7.731955053603007	9.089272642463966	0.07387629459650025
yaq-x-bible.txt.clean.txt	293	327	67852	0.004819312621588162	7.73750630108685	9.09116783682431	0.07370162853261264
yaq-x-bible.txt.clean.txt	294	328	67777	0.004839399796391106	7.743821415844437	9.092845947818825	0.07343425304856277
yaq-x-bible.txt.clean.txt	295	329	67702	0.0048595314761750025	7.748882035082837	9.094928821263832	0.07331569731167331
yaq-x-bible.txt.clean.txt	296	330	67628	0.004879635653871178	7.753615425249654	9.097805365410377	0.07323490218352702
yaq-x-bible.txt.clean.txt	297	331	67554	0.004899783876602422	7.75624346722654	9.104870150618613	0.07340423906894422
yaq-x-bible.txt.clean.txt	298	332	67480	0.004919976289270895	7.763035348485132	9.106310921719388	0.07307477031942378
yaq-x-bible.txt.clean.txt	299	333	67407	0.004940139748097379	7.769052199892772	9.108038121457588	0.07283668793104148
yaq-x-bible.txt.clean.txt	300	334	67335	0.004960273260562857	7.774454190761595	9.110011827126904	0.07267075274343504
yaq-x-bible.txt.clean.txt	301	335	67264	0.004980375832540438	7.780249484203051	9.11186000358257	0.07245667008864265
yaq-x-bible.txt.clean.txt	302	336	67193	0.0050005208875924575	7.783869843178291	9.115295747993743	0.07250054412253237
yaq-x-bible.txt.clean.txt	303	337	67123	0.005020633761899796	7.789569761986263	9.117226235764587	0.07229529494541165
yaq-x-bible.txt.clean.txt	304	338	67053	0.005040788629889789	7.793679546393687	9.120697205504465	0.07227813403274042
yaq-x-bible.txt.clean.txt	305	339	66983	0.005060985623217831	7.7969014318485605	9.125315190724244	0.07236523429801034
yaq-x-bible.txt.clean.txt	306	340	66913	0.0050812248740902365	7.798038390340004	9.130943434589325	0.07269879001231005
yaq-x-bible.txt.clean.txt	307	341	66843	0.0051015065152671185	7.800368637332985	9.135188784517329	0.0728888057404643
yaq-x-bible.txt.clean.txt	308	342	66774	0.005121753976098481	7.7995231338950175	9.146520056291335	0.07345452773108618
yaq-x-bible.txt.clean.txt	309	343	66705	0.005142043325088074	7.805062672180653	9.148417126547432	0.07326019344690227
yaq-x-bible.txt.clean.txt	310	344	66636	0.005162374692358485	7.809316442984523	9.151263045609658	0.0732172949316956
yaq-x-bible.txt.clean.txt	311	345	66567	0.005182748208571815	7.812551983953562	9.155466708686152	0.07329387881910276
yaq-x-bible.txt.clean.txt	312	346	66498	0.0052031640049324795	7.814748828667675	9.160920590438419	0.07349220169988846
yaq-x-bible.txt.clean.txt	313	347	66430	0.005223543579707964	7.819559388823958	9.16297232289351	0.07337927923475351
yaq-x-bible.txt.clean.txt	314	348	66362	0.005243964919682951	7.821891227571233	9.167394666362664	0.07355873796654666
yaq-x-bible.txt.clean.txt	315	349	66294	0.005264428153377379	7.827539119675393	9.169096938298855	0.07334414613223361
yaq-x-bible.txt.clean.txt	316	350	66226	0.005284933409839036	7.833663858729512	9.170640278195865	0.07307204197493122
yaq-x-bible.txt.clean.txt	317	351	66158	0.005305480818646271	7.838260606632597	9.172711428011961	0.07297962545910053
yaq-x-bible.txt.clean.txt	318	352	66091	0.0053259899229849755	7.839349209152107	9.177994771801739	0.07330071775969704
yaq-x-bible.txt.clean.txt	319	353	66024	0.005346540651884163	7.845077490955451	9.179632708582641	0.07307202709415694
yaq-x-bible.txt.clean.txt	320	354	65958	0.005367051760211044	7.848389889016259	9.182478654043427	0.07312759875318808
yaq-x-bible.txt.clean.txt	321	355	65892	0.005387603957991866	7.85187731992445	9.18519535994625	0.07316119643192365
yaq-x-bible.txt.clean.txt	322	356	65827	0.005408115211083598	7.857864551702294	9.18680001207075	0.07289857382804166
yaq-x-bible.txt.clean.txt	323	357	65762	0.005428667011343937	7.8615160853413935	9.189568002591724	0.07291040091101864
yaq-x-bible.txt.clean.txt	324	358	65697	0.005449259479123857	7.86169561403831	9.19746912965379	0.07333023011805184
yaq-x-bible.txt.clean.txt	325	359	65633	0.005469809394664269	7.865110651621226	9.200925679123038	0.07336723827502889
yaq-x-bible.txt.clean.txt	326	360	65569	0.005490399426558282	7.869490770203768	9.203076178704489	0.07328934203947801
yaq-x-bible.txt.clean.txt	327	361	65505	0.005511029692389894	7.874205985778582	9.2052824264824	0.07317086263139272
yaq-x-bible.txt.clean.txt	328	362	65441	0.005531700310203083	7.8768737559888	9.209515823214685	0.07329216780754877
yaq-x-bible.txt.clean.txt	329	363	65378	0.00555232647067821	7.880382824395712	9.213153726282536	0.07331322781162464
yaq-x-bible.txt.clean.txt	330	364	65315	0.0055729924213427234	7.8790185978756035	9.227076760160305	0.07390587912784974
yaq-x-bible.txt.clean.txt	331	365	65253	0.005593612554212067	7.881624857109872	9.231980738139338	0.0740303228123772
yaq-x-bible.txt.clean.txt	332	366	65192	0.005614185789667444	7.886786238031184	9.233809643391758	0.07385342510846271
yaq-x-bible.txt.clean.txt	333	367	65131	0.005634797561836913	7.886097163812211	9.24341712368659	0.07436222277912097
yaq-x-bible.txt.clean.txt	334	368	65070	0.005655447979099431	7.8915836214555295	9.245089394230547	0.07414486312877522
yaq-x-bible.txt.clean.txt	335	369	65009	0.005676137150240736	7.894491032631742	9.249271891574848	0.07422898624983643
yaq-x-bible.txt.clean.txt	336	370	64949	0.0056967774715546045	7.899408968156484	9.251206923002044	0.07407622027975547
yaq-x-bible.txt.clean.txt	337	371	64889	0.005717455963260337	7.904029840723925	9.253258556444013	0.07395725480936899
yaq-x-bible.txt.clean.txt	338	372	64829	0.00573817273133937	7.9033276977125	9.264345374056578	0.07446062632872219
yaq-x-bible.txt.clean.txt	339	373	64769	0.005758927882165851	7.9079928113998665	9.266285008404083	0.0743341500086322
yaq-x-bible.txt.clean.txt	340	374	64709	0.005779721522508461	7.909546570969704	9.273312553564391	0.07457069838748331
yaq-x-bible.txt.clean.txt	341	375	64650	0.00580046403712297	7.913705798889473	9.275600277499532	0.07450121053552139
yaq-x-bible.txt.clean.txt	342	376	64591	0.005821244445820625	7.918120022474276	9.2775828112117	0.07440086721158368
yaq-x-bible.txt.clean.txt	343	377	64533	0.005841972324237212	7.92094881890613	9.281610893269345	0.07448475784489317
yaq-x-bible.txt.clean.txt	344	378	64475	0.0058627374951531605	7.922817917063861	9.2864370589913	0.07467956120331187
yaq-x-bible.txt.clean.txt	345	379	64417	0.005883540059301117	7.924095531916684	9.293454608247885	0.07494214995536852
yaq-x-bible.txt.clean.txt	346	380	64359	0.0059043801177768454	7.926615097158381	9.29680326341332	0.07505850046612894
yaq-x-bible.txt.clean.txt	347	381	64302	0.005925165624708407	7.927984368602299	9.301371926259666	0.07530783630015392
yaq-x-bible.txt.clean.txt	348	382	64245	0.005945988014631489	7.930474497211579	9.304586303672476	0.0754252053610246
yaq-x-bible.txt.clean.txt	349	383	64189	0.0059667544283288415	7.932001447920795	9.3147077333877	0.07565364867144642
yaq-x-bible.txt.clean.txt	350	384	64133	0.005987557107885176	7.934978821647368	9.31785513303195	0.07571188330982082
