file	merge	types	tokens	TTR	H	Hcross	R
yor-x-bible-2010.txt.clean.txt	0	70	91117	0.0007682430281945191	5.03731435732047	8.336961776621347	0.17815601867390496
yor-x-bible-2010.txt.clean.txt	1	71	88967	0.0007980487146919645	5.104774095763631	8.290082331906605	0.16992129975991865
yor-x-bible-2010.txt.clean.txt	2	72	86950	0.0008280621046578493	5.1634501732049625	8.2461551343774	0.1631259420498744
yor-x-bible-2010.txt.clean.txt	3	73	84946	0.0008593694817884303	5.220577820808986	8.200714588649003	0.15658710983666502
yor-x-bible-2010.txt.clean.txt	4	74	83198	0.0008894444577994663	5.251949277378802	8.184111569563996	0.15420102734810748
yor-x-bible-2010.txt.clean.txt	5	75	81648	0.0009185773074661963	5.271900420513853	8.16775266291371	0.15362756848937065
yor-x-bible-2010.txt.clean.txt	6	76	80476	0.0009443809334459964	5.337076481593461	8.12993437862199	0.1457845069249376
yor-x-bible-2010.txt.clean.txt	7	77	79330	0.0009706290180259675	5.371063376128704	8.105170668840245	0.14293181341818517
yor-x-bible-2010.txt.clean.txt	8	78	78506	0.0009935546327669222	5.4067875809598736	8.08403515737784	0.13978654146677938
yor-x-bible-2010.txt.clean.txt	9	79	77765	0.0010158811804796503	5.452335333665627	8.060508242629847	0.13506900834990065
yor-x-bible-2010.txt.clean.txt	10	80	77025	0.00103862382343395	5.488940413952143	8.041376812199925	0.13176165062821088
yor-x-bible-2010.txt.clean.txt	11	81	76366	0.0010606814550978183	5.497318882739396	8.04142982020144	0.13289448800237824
yor-x-bible-2010.txt.clean.txt	12	82	75711	0.0010830658688961974	5.536225970466479	8.022334871778202	0.1291890390444308
yor-x-bible-2010.txt.clean.txt	13	83	75091	0.0011053255383468058	5.567049873316616	8.008074147598494	0.12674267614052948
yor-x-bible-2010.txt.clean.txt	14	84	74488	0.0011276984212222102	5.5884897872473855	8.000924274841967	0.12574901751076506
yor-x-bible-2010.txt.clean.txt	15	85	73891	0.0011503430729046839	5.608914755369948	7.9922753847697905	0.124891146248308
yor-x-bible-2010.txt.clean.txt	16	86	73353	0.0011724128529167178	5.622551891225924	7.991940626184205	0.12506687697361007
yor-x-bible-2010.txt.clean.txt	17	87	72820	0.0011947267234276298	5.643793083907907	7.98418245583892	0.1240349868745122
yor-x-bible-2010.txt.clean.txt	18	88	72295	0.001217234940175669	5.679217644400834	7.969880729029189	0.12078678439529011
yor-x-bible-2010.txt.clean.txt	19	89	71811	0.0012393644427733913	5.701407419266445	7.962777068790872	0.1195734846028702
yor-x-bible-2010.txt.clean.txt	20	90	71362	0.001261175415487234	5.711234635289493	7.978480329181165	0.12024586038176421
yor-x-bible-2010.txt.clean.txt	21	91	70914	0.001283244493329949	5.742562252188077	7.967513123575548	0.1175870521918091
yor-x-bible-2010.txt.clean.txt	22	92	70477	0.0013053904110560891	5.740530791136045	7.9905312519029374	0.1200312299010109
yor-x-bible-2010.txt.clean.txt	23	93	70044	0.0013277368511221519	5.755375576717489	7.987917175398824	0.1198599478971415
yor-x-bible-2010.txt.clean.txt	24	94	69619	0.0013502061218920122	5.780176975598954	7.979871008584765	0.11814804766594544
yor-x-bible-2010.txt.clean.txt	25	95	69195	0.001372931570200159	5.804952687020627	7.971713939803501	0.11642613885461661
yor-x-bible-2010.txt.clean.txt	26	96	68773	0.0013958966454858737	5.830598935853308	7.963315831353176	0.1145585209916129
yor-x-bible-2010.txt.clean.txt	27	97	68365	0.0014188546771008556	5.85322672974086	7.957446347375249	0.11313575350168192
yor-x-bible-2010.txt.clean.txt	28	98	67981	0.001441579264794575	5.878235669328435	7.950427442607803	0.11133884813435602
yor-x-bible-2010.txt.clean.txt	29	99	67614	0.0014641938060165054	5.897207819626252	7.946504013775187	0.11044040054139748
yor-x-bible-2010.txt.clean.txt	30	100	67268	0.0014865909496342986	5.917893116425383	7.942286158489653	0.10926833041128126
yor-x-bible-2010.txt.clean.txt	31	101	66926	0.0015091294862982997	5.929288176148982	7.945079457991354	0.10947734365168482
yor-x-bible-2010.txt.clean.txt	32	102	66586	0.001531853542786772	5.952524589621267	7.940249720114102	0.10789191567597511
yor-x-bible-2010.txt.clean.txt	33	103	66268	0.0015542946821995533	5.974600272138731	7.936357215960538	0.10646828668454256
yor-x-bible-2010.txt.clean.txt	34	104	65953	0.0015768805058147468	6.002402378369948	7.930747565801377	0.10417784043056821
yor-x-bible-2010.txt.clean.txt	35	105	65643	0.0015995612631963805	6.014182145412347	7.938167468599768	0.10426538177846045
yor-x-bible-2010.txt.clean.txt	36	106	65357	0.001621861468549658	6.0289938123581965	7.93836804679159	0.10388449847544745
yor-x-bible-2010.txt.clean.txt	37	107	65090	0.001643877707789215	6.042651131363979	7.939709397246509	0.10365931576121579
yor-x-bible-2010.txt.clean.txt	38	108	64826	0.0016659982105945146	6.054274271321166	7.945203848034756	0.10371945211787892
yor-x-bible-2010.txt.clean.txt	39	109	64571	0.0016880643013117344	6.075392940404254	7.943431072246601	0.1023600054502809
yor-x-bible-2010.txt.clean.txt	40	110	64327	0.0017100129028246305	6.093396790605723	7.94316834069352	0.10144911226975206
yor-x-bible-2010.txt.clean.txt	41	111	64095	0.0017318043529136438	6.099979153739316	7.953063346281408	0.10220697794641098
yor-x-bible-2010.txt.clean.txt	42	112	63863	0.0017537541299343909	6.100972156462897	7.975551144303567	0.10376758281044551
yor-x-bible-2010.txt.clean.txt	43	113	63634	0.0017757802432661785	6.119949597241859	7.975044851436581	0.10267023329331537
yor-x-bible-2010.txt.clean.txt	44	114	63407	0.0017979087482454619	6.1372037004548154	7.975175816907626	0.10181435853171228
yor-x-bible-2010.txt.clean.txt	45	115	63181	0.0018201674554058974	6.153625425874981	7.97684665596476	0.10106867732193203
yor-x-bible-2010.txt.clean.txt	46	116	62956	0.0018425567062710464	6.161327803240468	7.985958895150082	0.10158284083640057
yor-x-bible-2010.txt.clean.txt	47	117	62733	0.001865047104394816	6.179545956120796	7.985743819339443	0.10055052266635678
yor-x-bible-2010.txt.clean.txt	48	118	62512	0.0018876375735858715	6.1951988555072415	7.986587197716077	0.09988084358353289
yor-x-bible-2010.txt.clean.txt	49	119	62302	0.0019100510417001059	6.208656723798963	7.988659174673492	0.09951837206786152
yor-x-bible-2010.txt.clean.txt	50	120	62094	0.0019325538699391245	6.219448208071459	7.993075437248331	0.09952993724471959
yor-x-bible-2010.txt.clean.txt	51	121	61890	0.0019550815963806753	6.23314056196359	7.9950818562883965	0.09910915302050649
yor-x-bible-2010.txt.clean.txt	52	122	61686	0.0019777583244172097	6.247599504379134	7.998240391732891	0.09856640064561584
yor-x-bible-2010.txt.clean.txt	53	123	61482	0.002000585537230409	6.264657803598396	7.9992165764142	0.0976384998863925
yor-x-bible-2010.txt.clean.txt	54	124	61282	0.0020234326555921803	6.276826336835432	8.001974515965637	0.09740449410950824
yor-x-bible-2010.txt.clean.txt	55	125	61083	0.0020463958875628243	6.2773349658989845	8.045149981681234	0.09883299433762172
yor-x-bible-2010.txt.clean.txt	56	126	60884	0.0020695092306681558	6.284762915084309	8.055638123080092	0.09925314965265575
yor-x-bible-2010.txt.clean.txt	57	127	60686	0.002092739676366872	6.28925026876004	8.066888344299757	0.10008098080830286
yor-x-bible-2010.txt.clean.txt	58	128	60488	0.0021161222060573997	6.303550277149268	8.067873478782566	0.09949281755010453
yor-x-bible-2010.txt.clean.txt	59	129	60292	0.002139587341604193	6.3152911968709695	8.070275361629479	0.09926023407870155
yor-x-bible-2010.txt.clean.txt	60	130	60099	0.002163097555699762	6.3157677296515615	8.111038122512918	0.10062134342578188
yor-x-bible-2010.txt.clean.txt	61	131	59907	0.0021867227536014155	6.325984019196951	8.115629979965037	0.10058245923583142
yor-x-bible-2010.txt.clean.txt	62	132	59718	0.0022103888274891993	6.345740237844578	8.11465510188219	0.09917870432517806
yor-x-bible-2010.txt.clean.txt	63	133	59531	0.0022341301170818563	6.358060012730689	8.1163830388513	0.09882275148365072
yor-x-bible-2010.txt.clean.txt	64	134	59346	0.0022579449331041686	6.369033151950013	8.120008165549804	0.0986480668046309
yor-x-bible-2010.txt.clean.txt	65	135	59164	0.002281792982218917	6.361441986403013	8.169276292450066	0.10108693674962232
yor-x-bible-2010.txt.clean.txt	66	136	58984	0.0023057100230571004	6.369466193564259	8.183984055010812	0.1013051727773735
yor-x-bible-2010.txt.clean.txt	67	137	58805	0.002329733866167843	6.3837154880261195	8.18439729353895	0.10063586450238637
yor-x-bible-2010.txt.clean.txt	68	138	58627	0.0023538642604943117	6.398431401402743	8.184604625118025	0.0998931718801831
yor-x-bible-2010.txt.clean.txt	69	139	58454	0.0023779382078215347	6.411485246787954	8.186089289195218	0.0993765531570695
yor-x-bible-2010.txt.clean.txt	70	140	58283	0.002402072645539866	6.420753063243792	8.191542800308607	0.09938305885979448
yor-x-bible-2010.txt.clean.txt	71	141	58112	0.0024263491189427315	6.434457293543233	8.192311334731805	0.09875887490026358
yor-x-bible-2010.txt.clean.txt	72	142	57941	0.0024507688855905144	6.443228034156743	8.195860462942257	0.09881735305302453
yor-x-bible-2010.txt.clean.txt	73	143	57772	0.0024752475247524753	6.458754803428349	8.196310060050271	0.09792306319089672
yor-x-bible-2010.txt.clean.txt	74	144	57607	0.002499696217473571	6.472624028115954	8.197055516847467	0.09725359375252718
yor-x-bible-2010.txt.clean.txt	75	145	57444	0.0025241974792841724	6.4852541406366395	8.198667440877005	0.09674982519546782
yor-x-bible-2010.txt.clean.txt	76	146	57282	0.002548793687371251	6.49341230791197	8.205243703538434	0.09686081284249448
yor-x-bible-2010.txt.clean.txt	77	147	57120	0.002573529411764706	6.5068584179906575	8.206105538309757	0.09622853564198597
yor-x-bible-2010.txt.clean.txt	78	148	56960	0.0025983146067415732	6.51793638829099	8.210395806998651	0.09591808730392315
yor-x-bible-2010.txt.clean.txt	79	149	56800	0.002623239436619718	6.521583990840495	8.218594274124909	0.09662948408039218
yor-x-bible-2010.txt.clean.txt	80	150	56641	0.002648258328772444	6.5300814993094	8.222126356328495	0.09665994142378309
yor-x-bible-2010.txt.clean.txt	81	151	56482	0.002673418080096314	6.535018019378293	8.236646039911763	0.09717427323805206
yor-x-bible-2010.txt.clean.txt	82	151	56323	0.002680965147453083	6.5364442867798065	8.234341258585161	0.09697723156203675
yor-x-bible-2010.txt.clean.txt	83	152	56164	0.0027063599458728013	6.538660625751897	8.268623740366852	0.09785788922090177
yor-x-bible-2010.txt.clean.txt	84	153	56006	0.002731850158911545	6.549340730457421	8.270652315875617	0.09756225346949765
yor-x-bible-2010.txt.clean.txt	85	154	55853	0.002757237749091365	6.549556479250521	8.300366040407344	0.09869975640921924
yor-x-bible-2010.txt.clean.txt	86	155	55701	0.0027827148525161128	6.553112204689683	8.30785088279938	0.09936776232969102
yor-x-bible-2010.txt.clean.txt	87	156	55553	0.0028081291739420013	6.56788288210904	8.30802381519332	0.09848726469700153
yor-x-bible-2010.txt.clean.txt	88	157	55408	0.002833525844643373	6.580376204129531	8.308885934524724	0.09791386959639004
yor-x-bible-2010.txt.clean.txt	89	158	55264	0.002859004053271569	6.59055531583689	8.310822239169237	0.09765153924126513
yor-x-bible-2010.txt.clean.txt	90	159	55121	0.0028845630521942634	6.603910728290634	8.311411309903436	0.0969483897566571
yor-x-bible-2010.txt.clean.txt	91	160	54980	0.0029101491451436886	6.607339991144432	8.330145338139781	0.0975956188701036
yor-x-bible-2010.txt.clean.txt	92	161	54839	0.0029358668101168877	6.616716634884428	8.332352737200155	0.09742304477115671
yor-x-bible-2010.txt.clean.txt	93	162	54698	0.0029617170646093092	6.631415569722924	8.332467407438044	0.09651892516649252
yor-x-bible-2010.txt.clean.txt	94	163	54560	0.0029875366568914955	6.642871312995812	8.333697041211192	0.09605156517170443
yor-x-bible-2010.txt.clean.txt	95	164	54423	0.0030134318211050477	6.653985499482963	8.335081934209292	0.09562508082763344
yor-x-bible-2010.txt.clean.txt	96	165	54288	0.003039345711759505	6.667199104622505	8.335925329526365	0.094908027274624
yor-x-bible-2010.txt.clean.txt	97	166	54154	0.0030653322007607934	6.668591029475792	8.347098194323836	0.09578910166479093
yor-x-bible-2010.txt.clean.txt	98	167	54021	0.0030913903852205623	6.666917124081145	8.364977221014222	0.09707690611655484
yor-x-bible-2010.txt.clean.txt	99	168	53889	0.0031175193453209377	6.675320348783074	8.367959963663917	0.09699219243296087
yor-x-bible-2010.txt.clean.txt	100	169	53759	0.0031436596662884355	6.688049814852921	8.368829698760578	0.09631688065808464
yor-x-bible-2010.txt.clean.txt	101	170	53630	0.0031698676114115232	6.699087377131055	8.370175525169572	0.09586531000035303
yor-x-bible-2010.txt.clean.txt	102	171	53505	0.0031959629941127	6.707182160421281	8.377555286355026	0.09580540365806245
yor-x-bible-2010.txt.clean.txt	103	172	53381	0.003222120230044398	6.710930809444288	8.385372575279595	0.09632486436803656
yor-x-bible-2010.txt.clean.txt	104	173	53261	0.0032481553106400557	6.714670378919041	8.392653279490009	0.09683844661410046
yor-x-bible-2010.txt.clean.txt	105	174	53141	0.003274307973128093	6.716077040485105	8.40303630211703	0.09765846748252616
yor-x-bible-2010.txt.clean.txt	106	175	53022	0.0033005167666251747	6.723207220546179	8.407109480932105	0.09770276004260547
yor-x-bible-2010.txt.clean.txt	107	176	52903	0.003326843468234316	6.723386965762749	8.419698916897605	0.09867302101617892
yor-x-bible-2010.txt.clean.txt	108	177	52785	0.0033532253481102585	6.726256940281493	8.458457177084524	0.09927527703887162
yor-x-bible-2010.txt.clean.txt	109	178	52667	0.003379725444775666	6.735968538214884	8.46010405511293	0.09895549374289059
yor-x-bible-2010.txt.clean.txt	110	179	52553	0.0034060852853309994	6.749380390404471	8.460775591222774	0.0981364866156903
yor-x-bible-2010.txt.clean.txt	111	180	52440	0.003432494279176201	6.752801810660818	8.468926209675864	0.09864732745906668
yor-x-bible-2010.txt.clean.txt	112	181	52327	0.0034590173333078527	6.753349980787538	8.479920983767403	0.09953483278654274
yor-x-bible-2010.txt.clean.txt	113	182	52214	0.003485655188263684	6.7623948588512	8.48184352379238	0.09928345367312397
yor-x-bible-2010.txt.clean.txt	114	183	52105	0.0035121389501967183	6.765033212796967	8.492589983664878	0.09987980382921546
yor-x-bible-2010.txt.clean.txt	115	184	51996	0.0035387337487499037	6.77709435777722	8.493687861178936	0.099217312576104
yor-x-bible-2010.txt.clean.txt	116	185	51889	0.003565302858023859	6.786002601852987	8.495792971805926	0.0989697391602079
yor-x-bible-2010.txt.clean.txt	117	186	51784	0.0035918430403213348	6.7903002782387265	8.507955635442155	0.09932918932095613
yor-x-bible-2010.txt.clean.txt	118	187	51680	0.003618421052631579	6.801848161560099	8.509186298779827	0.09872223631687438
yor-x-bible-2010.txt.clean.txt	119	188	51577	0.0036450355778738586	6.812502739147848	8.51103067279601	0.09822984772559729
yor-x-bible-2010.txt.clean.txt	120	189	51476	0.0036716139560183385	6.812488385923345	8.52492343769801	0.09914440667709146
yor-x-bible-2010.txt.clean.txt	121	190	51375	0.0036982968369829684	6.818886967973503	8.52841810264707	0.09920514725947638
yor-x-bible-2010.txt.clean.txt	122	191	51275	0.003725012189176012	6.831738182896754	8.529306404883698	0.0984094555108207
yor-x-bible-2010.txt.clean.txt	123	192	51177	0.003751685327393165	6.832416199210281	8.544212693641263	0.0992155599239053
yor-x-bible-2010.txt.clean.txt	124	193	51080	0.003778386844166014	6.836511214567885	8.551534826600982	0.09956537376366903
yor-x-bible-2010.txt.clean.txt	125	193	50983	0.003785575584018202	6.837886541523703	8.54977715732974	0.0993842299061447
yor-x-bible-2010.txt.clean.txt	126	194	50887	0.0038123685813665573	6.848648827932911	8.551324159475842	0.09885166183537641
yor-x-bible-2010.txt.clean.txt	127	195	50791	0.003839262861530586	6.858694783725619	8.55313282088941	0.09840975731931811
yor-x-bible-2010.txt.clean.txt	128	196	50696	0.003866182736310557	6.864513030003211	8.560367200224345	0.09851942220645005
yor-x-bible-2010.txt.clean.txt	129	197	50601	0.003893203691626648	6.871105078441136	8.563894443503141	0.09852291204559138
yor-x-bible-2010.txt.clean.txt	130	198	50508	0.003920171062009979	6.879383963474634	8.566594642505457	0.09830090451285656
yor-x-bible-2010.txt.clean.txt	131	199	50418	0.003947003054464675	6.88865840136883	8.568853177939031	0.09794460986895692
yor-x-bible-2010.txt.clean.txt	132	200	50328	0.003973931012557622	6.8887539446030495	8.580997766409467	0.09878551171354899
yor-x-bible-2010.txt.clean.txt	133	201	50238	0.00400095545204825	6.894260025104984	8.588400816422329	0.09891341695501377
yor-x-bible-2010.txt.clean.txt	134	202	50149	0.004027996570220742	6.899440536716119	8.593336750422301	0.09907939311216696
yor-x-bible-2010.txt.clean.txt	135	203	50066	0.00405464786481844	6.897771647955368	8.61810533848865	0.10013445953607591
yor-x-bible-2010.txt.clean.txt	136	204	49983	0.004081387671808415	6.904390888671612	8.623227517599329	0.1001032162670129
yor-x-bible-2010.txt.clean.txt	137	205	49900	0.004108216432865732	6.908553527245706	8.629516097754266	0.10038785989033128
yor-x-bible-2010.txt.clean.txt	138	206	49818	0.004135051587779518	6.909481910995145	8.645160344190732	0.10108873517150707
yor-x-bible-2010.txt.clean.txt	139	207	49737	0.004161891549550636	6.917292064792139	8.647737139503079	0.10088986918351506
yor-x-bible-2010.txt.clean.txt	140	206	49657	0.004148458424794088	6.913206282414827	8.64013726531309	0.10060420109692902
yor-x-bible-2010.txt.clean.txt	141	207	49578	0.0041752390173060636	6.9202114738374885	8.643206914410122	0.10051040418130253
yor-x-bible-2010.txt.clean.txt	142	208	49499	0.004202105093032183	6.9298840647076485	8.645292360657047	0.10006644836373801
yor-x-bible-2010.txt.clean.txt	143	209	49420	0.004229057061918251	6.9362385187392235	8.648709703230383	0.10004991335254765
yor-x-bible-2010.txt.clean.txt	144	210	49341	0.004256095336535539	6.944450413621551	8.651346042773618	0.09978877419466237
yor-x-bible-2010.txt.clean.txt	145	211	49264	0.004283046443650536	6.947221630715564	8.657745406599787	0.10022893620166007
yor-x-bible-2010.txt.clean.txt	146	212	49187	0.004310081932217862	6.94743604075114	8.668545543089884	0.10099539952578018
yor-x-bible-2010.txt.clean.txt	147	213	49110	0.004337202199144777	6.956584627055476	8.670650647046365	0.10060170728783513
yor-x-bible-2010.txt.clean.txt	148	214	49034	0.004364318636048456	6.952340504749932	8.702137529963048	0.10193500573436709
yor-x-bible-2010.txt.clean.txt	149	215	48958	0.0043915192614077374	6.961341887901104	8.704309978261993	0.10155283650819924
yor-x-bible-2010.txt.clean.txt	150	216	48883	0.0044187140723769	6.967786380200012	8.707364008823548	0.10149742620300672
yor-x-bible-2010.txt.clean.txt	151	217	48808	0.004445992460252418	6.978628159722648	8.709102627842746	0.1008719841272312
yor-x-bible-2010.txt.clean.txt	152	218	48734	0.004473263019657734	6.9787864673500035	8.71962870553427	0.10161935201628869
yor-x-bible-2010.txt.clean.txt	153	219	48660	0.004500616522811344	6.99006741253461	8.721186038316345	0.10093133626052231
yor-x-bible-2010.txt.clean.txt	154	220	48586	0.004528053348701272	6.9975417282012415	8.723651958811402	0.10073020836719282
yor-x-bible-2010.txt.clean.txt	155	221	48513	0.004555479974439841	7.001877707082442	8.728921991170184	0.10092895311859318
yor-x-bible-2010.txt.clean.txt	156	222	48440	0.00458298926507019	7.0087816285588564	8.731610824655363	0.10079449842841637
yor-x-bible-2010.txt.clean.txt	157	223	48368	0.004610486271915316	7.0103511619309895	8.738992966019762	0.10134071044769999
yor-x-bible-2010.txt.clean.txt	158	224	48297	0.004637969232043398	7.009595636631191	8.751650785680027	0.10218048153191495
yor-x-bible-2010.txt.clean.txt	159	225	48226	0.004665533114917264	7.013825965457974	8.759274148196553	0.10237747976078992
yor-x-bible-2010.txt.clean.txt	160	226	48155	0.004693178278475756	7.018437173096478	8.76313852133347	0.10252217924576745
yor-x-bible-2010.txt.clean.txt	161	227	48085	0.004720806904440054	7.0193446296905115	8.772972789535347	0.10313663282239616
yor-x-bible-2010.txt.clean.txt	162	228	48015	0.004748516088722275	7.029002070156664	8.77492096699863	0.10262980107653152
yor-x-bible-2010.txt.clean.txt	163	229	47945	0.0047763061841693604	7.035682213699991	8.777524425662234	0.10250040643375302
yor-x-bible-2010.txt.clean.txt	164	230	47876	0.0048040771994318655	7.0370975564747	8.793404261655779	0.10303913321161717
yor-x-bible-2010.txt.clean.txt	165	231	47807	0.0048319283786893135	7.044834809262896	8.795517917157829	0.10276872425454331
yor-x-bible-2010.txt.clean.txt	166	232	47740	0.004859656472559698	7.047317239976582	8.80353071872597	0.10316438225717917
yor-x-bible-2010.txt.clean.txt	167	233	47674	0.004887359986575492	7.048710339397666	8.811126044671585	0.10369487576421843
yor-x-bible-2010.txt.clean.txt	168	234	47609	0.004915037072822366	7.050790773099892	8.817315828821497	0.10413417620205212
yor-x-bible-2010.txt.clean.txt	169	235	47544	0.004942789836782769	7.049253413921929	8.832710152670654	0.10502910591766645
yor-x-bible-2010.txt.clean.txt	170	236	47479	0.0049706185892710465	7.05518518550698	8.835545271463017	0.10497213417799633
yor-x-bible-2010.txt.clean.txt	171	237	47414	0.004998523642805923	7.057179842441592	8.846281666664353	0.10541139193150995
yor-x-bible-2010.txt.clean.txt	172	238	47349	0.0050265053116222095	7.063218625364021	8.850147976282678	0.10533481112241416
yor-x-bible-2010.txt.clean.txt	173	239	47284	0.005054563911682599	7.070299278487204	8.852788676683144	0.10512359588881814
yor-x-bible-2010.txt.clean.txt	174	240	47220	0.005082592121982211	7.0781999192918645	8.854905192152371	0.10480613918914072
yor-x-bible-2010.txt.clean.txt	175	241	47156	0.005110696411909407	7.0846174160642335	8.85760970705238	0.10467376516608184
yor-x-bible-2010.txt.clean.txt	176	242	47092	0.005138877091650386	7.093439853999679	8.85930459354898	0.10423508508009016
yor-x-bible-2010.txt.clean.txt	177	243	47029	0.005167024601841417	7.0976046102596815	8.864300100047275	0.10438201446024387
yor-x-bible-2010.txt.clean.txt	178	244	46966	0.0051952476259421706	7.09594810741156	8.886565554313446	0.10525997705124568
yor-x-bible-2010.txt.clean.txt	179	245	46904	0.005223435101483882	7.100071065458714	8.890309122728215	0.10540569948803691
yor-x-bible-2010.txt.clean.txt	180	246	46842	0.0052516971948251565	7.103626872986647	8.894907086074017	0.1056199056090692
yor-x-bible-2010.txt.clean.txt	181	247	46780	0.0052800342026507055	7.1127927048991	8.896444580092298	0.1051253046493913
yor-x-bible-2010.txt.clean.txt	182	248	46719	0.00530833279821914	7.121113332785855	8.898232259227695	0.10473502854250027
yor-x-bible-2010.txt.clean.txt	183	249	46658	0.005336705388143513	7.125264619952217	8.903951159873607	0.10486647104355551
yor-x-bible-2010.txt.clean.txt	184	250	46597	0.005365152263021224	7.1331679972683775	8.906386052620848	0.10452408170239946
yor-x-bible-2010.txt.clean.txt	185	251	46536	0.005393673714973354	7.140219443464291	8.908536107386134	0.10428646658707252
yor-x-bible-2010.txt.clean.txt	186	252	46476	0.005422153369481022	7.142353318721681	8.92454429094639	0.10466306971611494
yor-x-bible-2010.txt.clean.txt	187	253	46416	0.005450706652878318	7.148377142064108	8.927024333645203	0.10454930532274187
yor-x-bible-2010.txt.clean.txt	188	254	46357	0.005479215652436525	7.1480941631848225	8.938291185883338	0.10522264384513891
yor-x-bible-2010.txt.clean.txt	189	255	46298	0.005507797313058879	7.1513361210895825	8.945616943715413	0.10545159435689322
yor-x-bible-2010.txt.clean.txt	190	256	46239	0.005536451912887389	7.157192530643147	8.948040074026787	0.10535093366960657
yor-x-bible-2010.txt.clean.txt	191	257	46180	0.005565179731485492	7.163952233560246	8.950358175158255	0.10513512224581967
yor-x-bible-2010.txt.clean.txt	192	258	46122	0.005593859763236633	7.164348361517415	8.95834799397889	0.10571150547908115
yor-x-bible-2010.txt.clean.txt	193	259	46065	0.005622489959839358	7.168550549297346	8.962726615270988	0.10580990687928671
yor-x-bible-2010.txt.clean.txt	194	260	46008	0.005651191097200487	7.172182329114733	8.97158292891137	0.10597687661902089
yor-x-bible-2010.txt.clean.txt	195	261	45951	0.005679963439315793	7.1805396548825815	8.973174393343438	0.10555259890304658
yor-x-bible-2010.txt.clean.txt	196	262	45894	0.00570880725149257	7.1867698717539374	8.97568143758496	0.10539132940235796
yor-x-bible-2010.txt.clean.txt	197	263	45838	0.005737597626423492	7.193038879886817	8.977915989355093	0.10522311650760285
yor-x-bible-2010.txt.clean.txt	198	264	45782	0.005766458433445459	7.193818427372539	8.985336383900453	0.10573520881318388
yor-x-bible-2010.txt.clean.txt	199	265	45727	0.005795263192424607	7.199346653353424	8.987956530300462	0.10565439720666403
yor-x-bible-2010.txt.clean.txt	200	266	45672	0.005824137327027501	7.200860653109412	8.994265438208982	0.10606974854490192
yor-x-bible-2010.txt.clean.txt	201	267	45617	0.005853081088190806	7.207080668922725	8.997936453864753	0.10589845715543822
yor-x-bible-2010.txt.clean.txt	202	268	45562	0.005882094728062859	7.206309105699035	9.010023854554618	0.10659193872736505
yor-x-bible-2010.txt.clean.txt	203	269	45507	0.005911178500010987	7.210178541228784	9.014648224213369	0.10670728334475299
yor-x-bible-2010.txt.clean.txt	204	270	45453	0.005940201966866874	7.212907019501086	9.020183010885734	0.10696153294191757
yor-x-bible-2010.txt.clean.txt	205	271	45399	0.005969294477851935	7.213983274566742	9.032721583176489	0.10741768833326282
yor-x-bible-2010.txt.clean.txt	206	272	45345	0.005998456279633918	7.216082929667428	9.041897453904479	0.10774453356847746
yor-x-bible-2010.txt.clean.txt	207	273	45292	0.006027554535017222	7.222183552707012	9.044200465305625	0.10757441166878856
yor-x-bible-2010.txt.clean.txt	208	274	45239	0.006056720970843741	7.2281099299145755	9.046306622982383	0.10742389560006782
yor-x-bible-2010.txt.clean.txt	209	275	45186	0.00608595582702607	7.234236888809772	9.048347232527721	0.10724670530646685
yor-x-bible-2010.txt.clean.txt	210	276	45133	0.006115259344603727	7.2339625310492135	9.057857560670541	0.10785709908020091
yor-x-bible-2010.txt.clean.txt	211	277	45080	0.006144631765749778	7.23988133754408	9.059886557044258	0.10770133073264965
yor-x-bible-2010.txt.clean.txt	212	278	45028	0.006173936217464688	7.244382615545263	9.062593292777194	0.10771829101167163
yor-x-bible-2010.txt.clean.txt	213	279	44976	0.006203308431163287	7.251621145731683	9.06429874691433	0.10739625032766242
yor-x-bible-2010.txt.clean.txt	214	280	44924	0.006232748642151189	7.2515874121812605	9.073116092112693	0.10796716056437039
yor-x-bible-2010.txt.clean.txt	215	281	44872	0.0062622570868247456	7.257932873766018	9.075147230311963	0.10775110769349294
yor-x-bible-2010.txt.clean.txt	216	282	44821	0.006291693625755784	7.260290064338695	9.080997335434324	0.10802331111296115
yor-x-bible-2010.txt.clean.txt	217	283	44770	0.006321197230288139	7.261209009151526	9.097196455861654	0.10846977335824748
yor-x-bible-2010.txt.clean.txt	218	284	44719	0.00635076812987768	7.262743764711568	9.105028148094796	0.10883814451987839
yor-x-bible-2010.txt.clean.txt	219	285	44669	0.0063802637175669925	7.265887648963739	9.11011397729811	0.10900677957508642
yor-x-bible-2010.txt.clean.txt	220	286	44619	0.006409825410699478	7.267986685552013	9.115888281035996	0.10930131302517598
yor-x-bible-2010.txt.clean.txt	221	287	44570	0.0064393089522100065	7.270213643034962	9.124063147584263	0.10957789129446893
yor-x-bible-2010.txt.clean.txt	222	288	44521	0.006468857393140316	7.275612109014392	9.126519061851631	0.1094640271814048
yor-x-bible-2010.txt.clean.txt	223	289	44472	0.006498470948012232	7.279431203037179	9.131078588994885	0.10954160493231191
yor-x-bible-2010.txt.clean.txt	224	290	44424	0.00652800288132541	7.283180973786763	9.13474197070199	0.10962568243243576
yor-x-bible-2010.txt.clean.txt	225	291	44376	0.006557598702001082	7.28917131440741	9.136726010389811	0.10943404645459243
yor-x-bible-2010.txt.clean.txt	226	292	44328	0.006587258617578054	7.2897618339177885	9.143267442914887	0.1099001228281885
yor-x-bible-2010.txt.clean.txt	227	293	44280	0.006616982836495032	7.291022944113384	9.154847053954308	0.11028196764876197
yor-x-bible-2010.txt.clean.txt	228	294	44232	0.006646771568095496	7.29752344399073	9.156565019564045	0.11002255491510582
yor-x-bible-2010.txt.clean.txt	229	295	44185	0.006676473916487496	7.299736354791419	9.160699066729602	0.11028422735928223
yor-x-bible-2010.txt.clean.txt	230	296	44138	0.006706239521500747	7.304068448601148	9.16383222049475	0.11028565200436302
yor-x-bible-2010.txt.clean.txt	231	297	44091	0.006736068585425597	7.3098500456577025	9.165698454291768	0.11010883091365609
yor-x-bible-2010.txt.clean.txt	232	298	44044	0.006765961311415857	7.3166022200403695	9.167285798861304	0.10981236096751079
yor-x-bible-2010.txt.clean.txt	233	299	43998	0.0067957634437929	7.319364537843921	9.172582541873847	0.10999962940090136
yor-x-bible-2010.txt.clean.txt	234	300	43952	0.006825627957772115	7.320069707265807	9.178912294679018	0.11043492600944782
yor-x-bible-2010.txt.clean.txt	235	301	43906	0.006855555049423769	7.324665413333599	9.181955869621607	0.11039546385555388
yor-x-bible-2010.txt.clean.txt	236	302	43860	0.006885544915640675	7.326802456343958	9.192258595753508	0.1106527673530886
yor-x-bible-2010.txt.clean.txt	237	303	43814	0.006915597754142511	7.329975579218887	9.197707911442212	0.1107823765560414
yor-x-bible-2010.txt.clean.txt	238	304	43768	0.006945713763480168	7.333526850277931	9.201757755893006	0.11086429429395939
yor-x-bible-2010.txt.clean.txt	239	305	43723	0.006975733595590421	7.338593914153012	9.205794869460469	0.11076076278374525
yor-x-bible-2010.txt.clean.txt	240	306	43678	0.007005815284582628	7.342606685737576	9.20841017866847	0.11078335841577402
yor-x-bible-2010.txt.clean.txt	241	307	43633	0.007035959021841267	7.347209999336367	9.21072773981118	0.11073279394105295
yor-x-bible-2010.txt.clean.txt	242	308	43589	0.007066002890637546	7.352037154231452	9.212940940715717	0.11065356314214891
yor-x-bible-2010.txt.clean.txt	243	309	43546	0.00709594451844027	7.35344022774739	9.220939464240239	0.11098675011421422
yor-x-bible-2010.txt.clean.txt	244	309	43503	0.00710295841666092	7.351839278401419	9.221856517669938	0.11118030104233534
yor-x-bible-2010.txt.clean.txt	245	310	43460	0.007132995858260469	7.356238202170502	9.224319308196387	0.11114939288702674
yor-x-bible-2010.txt.clean.txt	246	311	43418	0.007162927817955686	7.354816937303218	9.236192933738579	0.11181976394846893
yor-x-bible-2010.txt.clean.txt	247	312	43376	0.007192917742530431	7.357094224602585	9.241718506364915	0.11204139156289972
yor-x-bible-2010.txt.clean.txt	248	313	43334	0.007222965800526146	7.358468849228867	9.247500796378718	0.11237006994844567
yor-x-bible-2010.txt.clean.txt	249	314	43292	0.007253072161138316	7.363578212307508	9.249694389586912	0.1122465468609316
yor-x-bible-2010.txt.clean.txt	250	315	43250	0.007283236994219653	7.366095365221989	9.253923223861403	0.11243393961182035
yor-x-bible-2010.txt.clean.txt	251	316	43209	0.007313291212478882	7.369358471167479	9.257407288219188	0.1125297386030758
yor-x-bible-2010.txt.clean.txt	252	317	43168	0.007343402520385471	7.3740947306906195	9.259589778822328	0.11244657879989184
yor-x-bible-2010.txt.clean.txt	253	318	43127	0.007373571080761472	7.372294322704105	9.280668268561953	0.1131483069880509
yor-x-bible-2010.txt.clean.txt	254	319	43086	0.007403797057048693	7.371230397359101	9.2911368022755	0.11375920136989326
yor-x-bible-2010.txt.clean.txt	255	320	43045	0.007434080613311651	7.377489051848322	9.292704910777847	0.11348800809986126
yor-x-bible-2010.txt.clean.txt	256	321	43005	0.007464248343215905	7.381912804558334	9.294982254374634	0.11343597925434457
yor-x-bible-2010.txt.clean.txt	257	322	42965	0.00749447224485046	7.385924952150557	9.29767606581142	0.11343192349530717
yor-x-bible-2010.txt.clean.txt	258	323	42925	0.0075247524752475245	7.389530467246278	9.300257365887706	0.11347517599040846
yor-x-bible-2010.txt.clean.txt	259	324	42885	0.007555089192025184	7.394358552446763	9.30229341592877	0.1133703184242918
yor-x-bible-2010.txt.clean.txt	260	325	42845	0.007585482553390127	7.394589223828873	9.31076863236911	0.11381507733756235
yor-x-bible-2010.txt.clean.txt	261	326	42806	0.00761575480072887	7.396903113293577	9.315627030067933	0.11400838826631599
yor-x-bible-2010.txt.clean.txt	262	327	42767	0.007646082259686207	7.398877791720437	9.320756376835606	0.11424066327491422
yor-x-bible-2010.txt.clean.txt	263	328	42728	0.007676465081445422	7.404363464445209	9.322551353846467	0.11405116470064158
yor-x-bible-2010.txt.clean.txt	264	329	42689	0.007706903417742276	7.404812010815437	9.33318520436136	0.11446283170740068
yor-x-bible-2010.txt.clean.txt	265	330	42650	0.007737397420867527	7.409919853434868	9.335077056500165	0.1143157454756436
yor-x-bible-2010.txt.clean.txt	266	331	42612	0.007767764948840702	7.412698596479874	9.338660327488823	0.11444565586671973
yor-x-bible-2010.txt.clean.txt	267	332	42574	0.007798186686710199	7.417501065474401	9.340738133148747	0.11433240090650265
yor-x-bible-2010.txt.clean.txt	268	333	42536	0.007828662779763025	7.420396249042141	9.344250473649712	0.11444549655349923
yor-x-bible-2010.txt.clean.txt	269	334	42498	0.007859193373805827	7.42428719489909	9.346806067365033	0.1144383275106946
yor-x-bible-2010.txt.clean.txt	270	335	42460	0.007889778615167216	7.427280317434025	9.350991142896598	0.11453683692207361
yor-x-bible-2010.txt.clean.txt	271	336	42423	0.007920231949649954	7.425860890541158	9.362959160534945	0.11515967325239718
yor-x-bible-2010.txt.clean.txt	272	337	42386	0.007950738451375455	7.428293503441521	9.366879785344405	0.11532176432913444
yor-x-bible-2010.txt.clean.txt	273	338	42349	0.007981298259699166	7.431238483888871	9.369714355192913	0.1154213626975259
yor-x-bible-2010.txt.clean.txt	274	339	42312	0.008011911514463982	7.435597467337711	9.372164216413516	0.11535130015965867
yor-x-bible-2010.txt.clean.txt	275	340	42276	0.008042388116188855	7.435313060322845	9.379567079328652	0.11583215517177936
yor-x-bible-2010.txt.clean.txt	276	341	42240	0.008072916666666667	7.436498064894893	9.387658258762976	0.11613656705195052
yor-x-bible-2010.txt.clean.txt	277	341	42204	0.008079802862287934	7.436702593289248	9.38695770224087	0.11611225787211987
yor-x-bible-2010.txt.clean.txt	278	342	42168	0.008110415480933409	7.439495074324229	9.390069939824105	0.11622411284012968
yor-x-bible-2010.txt.clean.txt	279	343	42132	0.00814108041393715	7.4424645374064875	9.392940555753363	0.1163135473264093
yor-x-bible-2010.txt.clean.txt	280	344	42097	0.008171603677221655	7.4466798037332556	9.395122491692796	0.1162537588701098
yor-x-bible-2010.txt.clean.txt	281	345	42062	0.00820217773762541	7.445550567628372	9.40908628662189	0.11682670390483152
yor-x-bible-2010.txt.clean.txt	282	346	42027	0.008232802722059628	7.447429275013097	9.415407886338496	0.11704119327856
yor-x-bible-2010.txt.clean.txt	283	347	41992	0.00826347875785864	7.4520940976044825	9.417374779531738	0.11692405408391693
yor-x-bible-2010.txt.clean.txt	284	347	41957	0.008270372047572515	7.451674867374081	9.41703337943073	0.11697373302347669
yor-x-bible-2010.txt.clean.txt	285	348	41922	0.0083011306712466	7.451940918896007	9.424658114952926	0.11737643126949548
yor-x-bible-2010.txt.clean.txt	286	348	41887	0.008308066942010648	7.452292353114746	9.423906305695867	0.11733480666086082
yor-x-bible-2010.txt.clean.txt	287	349	41852	0.008338908534837045	7.454198131746672	9.428002791298944	0.11754176771719871
yor-x-bible-2010.txt.clean.txt	288	350	41817	0.008369801755266996	7.456382415765154	9.433931195631672	0.11771433501103057
yor-x-bible-2010.txt.clean.txt	289	351	41782	0.008400746733042938	7.461104280507838	9.435743628772851	0.11758538893789983
yor-x-bible-2010.txt.clean.txt	290	352	41748	0.008431541630736802	7.461639953623551	9.441259549898415	0.11795020162057612
yor-x-bible-2010.txt.clean.txt	291	353	41714	0.008462386728676224	7.466153869101216	9.443355135481733	0.11784340189528841
yor-x-bible-2010.txt.clean.txt	292	354	41680	0.008493282149712093	7.470534427827403	9.445311514189392	0.11775124813718107
yor-x-bible-2010.txt.clean.txt	293	355	41646	0.00852422801709648	7.470345131825058	9.452525113384574	0.11819741163658914
yor-x-bible-2010.txt.clean.txt	294	356	41612	0.008555224454484284	7.46969448803638	9.46518309693603	0.11869638788478398
yor-x-bible-2010.txt.clean.txt	295	357	41578	0.00858627158593487	7.47301792532642	9.468446758912101	0.11872505033807601
yor-x-bible-2010.txt.clean.txt	296	358	41544	0.00861736953591373	7.476243872242448	9.47102372560392	0.11876400094895934
yor-x-bible-2010.txt.clean.txt	297	359	41510	0.008648518429294146	7.477711510150936	9.47475874086406	0.11900890210546744
yor-x-bible-2010.txt.clean.txt	298	360	41476	0.008679718391358858	7.478660886976641	9.480191170232327	0.11931344052465442
yor-x-bible-2010.txt.clean.txt	299	360	41442	0.00868683943825105	7.4812845333014115	9.479071914908767	0.1190044801251976
yor-x-bible-2010.txt.clean.txt	300	361	41408	0.008718122102009274	7.484045424581853	9.482063250554894	0.11909449950631257
yor-x-bible-2010.txt.clean.txt	301	362	41374	0.008749456180209794	7.485019819574585	9.490984502897888	0.11939346677459184
yor-x-bible-2010.txt.clean.txt	302	363	41341	0.008780629399385597	7.488855854881576	9.49300914283459	0.11935450165438022
yor-x-bible-2010.txt.clean.txt	303	364	41308	0.008811852425680255	7.490761933186471	9.5011480575587	0.11954128537692033
yor-x-bible-2010.txt.clean.txt	304	365	41275	0.008843125378558449	7.495105864148346	9.503031266997017	0.11944035863977509
yor-x-bible-2010.txt.clean.txt	305	366	41242	0.008874448377867222	7.498355282936783	9.505233508833236	0.1194669345640369
yor-x-bible-2010.txt.clean.txt	306	367	41209	0.008905821543837511	7.501086423378014	9.507837928412515	0.11955320617418186
yor-x-bible-2010.txt.clean.txt	307	368	41176	0.008937244997085682	7.504217550687431	9.51008171159481	0.11959136457560615
yor-x-bible-2010.txt.clean.txt	308	369	41143	0.008968718858615074	7.509873382936408	9.511533694646328	0.11933232096677449
yor-x-bible-2010.txt.clean.txt	309	370	41110	0.009000243249817562	7.508472798198056	9.528434335294675	0.11989953409683207
yor-x-bible-2010.txt.clean.txt	310	370	41077	0.009007473768775713	7.508097255787074	9.528065461432238	0.1199435530417966
yor-x-bible-2010.txt.clean.txt	311	371	41045	0.00903885978803752	7.512387070857667	9.529810533071771	0.1198424492038015
yor-x-bible-2010.txt.clean.txt	312	372	41013	0.009070294784580499	7.514775920636974	9.5330844268242	0.11996297447220494
yor-x-bible-2010.txt.clean.txt	313	373	40981	0.009101778873136332	7.515624243782431	9.539308955098647	0.12026264189217428
yor-x-bible-2010.txt.clean.txt	314	374	40949	0.009133312168795331	7.520519259009219	9.540825697040914	0.12008750145393887
yor-x-bible-2010.txt.clean.txt	315	375	40917	0.009164894787007846	7.526691377501648	9.542253292773909	0.11976210190578074
yor-x-bible-2010.txt.clean.txt	316	376	40885	0.009196526843585667	7.525781143386265	9.550837082021138	0.12026384039364013
yor-x-bible-2010.txt.clean.txt	317	377	40854	0.009227982572085965	7.5282614364906735	9.55342589885037	0.12036791731690277
yor-x-bible-2010.txt.clean.txt	318	378	40823	0.009259486074026897	7.532097870655915	9.555356031533885	0.12031247219198793
yor-x-bible-2010.txt.clean.txt	319	379	40792	0.009291037458325161	7.538033225898563	9.556845542232463	0.1200110118021177
yor-x-bible-2010.txt.clean.txt	320	380	40761	0.009322636834228798	7.539713020155347	9.560668864354055	0.12020536112349145
yor-x-bible-2010.txt.clean.txt	321	381	40730	0.009354284311318439	7.542899021206443	9.563614450863227	0.12022283443042381
yor-x-bible-2010.txt.clean.txt	322	382	40699	0.009385979999508588	7.547484473761487	9.565221476892496	0.12007611778809957
yor-x-bible-2010.txt.clean.txt	323	383	40668	0.009417724009048884	7.546018865730896	9.58163757474237	0.12063366964927025
yor-x-bible-2010.txt.clean.txt	324	384	40637	0.009449516450525382	7.549722837485553	9.58360478486621	0.12058755797111997
yor-x-bible-2010.txt.clean.txt	325	385	40607	0.009481123944147562	7.551974070014891	9.587462462022351	0.12070962996863943
yor-x-bible-2010.txt.clean.txt	326	386	40577	0.009512778174828105	7.5546833205976505	9.590282562384917	0.12077729480278943
yor-x-bible-2010.txt.clean.txt	327	387	40547	0.009544479246306754	7.558099513152884	9.59256792609657	0.12076167144280603
yor-x-bible-2010.txt.clean.txt	328	388	40517	0.0095762272626305	7.560868366985234	9.59605720026369	0.1208203494929424
yor-x-bible-2010.txt.clean.txt	329	389	40487	0.009608022328154716	7.558902081143378	9.611772952400868	0.12142836310547511
yor-x-bible-2010.txt.clean.txt	330	390	40457	0.009639864547544306	7.561701543570496	9.614093843804255	0.1214811947566129
yor-x-bible-2010.txt.clean.txt	331	391	40427	0.009671754025774854	7.564588030396052	9.616285304595538	0.12152290715020575
yor-x-bible-2010.txt.clean.txt	332	392	40397	0.009703690868133772	7.566333060989583	9.622048837522609	0.12169612234145999
yor-x-bible-2010.txt.clean.txt	333	391	40368	0.009685889813713832	7.565396526343962	9.616911900304661	0.12142901635707248
yor-x-bible-2010.txt.clean.txt	334	392	40339	0.009717642975780262	7.569389781841482	9.61916174658225	0.12134129659489268
yor-x-bible-2010.txt.clean.txt	335	393	40310	0.009749441825849666	7.571330137153076	9.622470831533969	0.12149089464971485
yor-x-bible-2010.txt.clean.txt	336	393	40281	0.009756460862441349	7.568734444705201	9.628469531991929	0.12179207547380255
yor-x-bible-2010.txt.clean.txt	337	394	40252	0.009788333498956574	7.566729308227521	9.643431519277296	0.12239807105397249
yor-x-bible-2010.txt.clean.txt	338	395	40223	0.009820252094572757	7.56962591057245	9.645926785795254	0.12243433574055351
yor-x-bible-2010.txt.clean.txt	339	396	40195	0.009851971638263466	7.569873659712475	9.650963389367952	0.12277658775879408
yor-x-bible-2010.txt.clean.txt	340	397	40167	0.009883735404685439	7.569913981204291	9.657042769167916	0.12314164338820521
yor-x-bible-2010.txt.clean.txt	341	398	40139	0.009915543486384813	7.573415393840987	9.658928590958862	0.12310471664747846
yor-x-bible-2010.txt.clean.txt	342	399	40111	0.009947395976166139	7.576854114459318	9.660815820880506	0.12307415236632857
yor-x-bible-2010.txt.clean.txt	343	400	40083	0.009979292967093281	7.58202479532787	9.662202030402584	0.12284232536202444
yor-x-bible-2010.txt.clean.txt	344	401	40055	0.010011234552490325	7.585896556959765	9.663899643919907	0.12275998532095267
yor-x-bible-2010.txt.clean.txt	345	402	40027	0.010043220825942488	7.587262535120005	9.66752980887575	0.12296645471944401
yor-x-bible-2010.txt.clean.txt	346	403	39999	0.010075251881297032	7.591347580500751	9.669158021386822	0.12285767356620614
yor-x-bible-2010.txt.clean.txt	347	404	39972	0.010107074952466726	7.591139366701974	9.676496709158567	0.12324394225938673
yor-x-bible-2010.txt.clean.txt	348	405	39945	0.010138941043935411	7.590739377554392	9.683253462260254	0.12365113815292628
yor-x-bible-2010.txt.clean.txt	349	406	39918	0.010170850242998146	7.589452858564011	9.694401314634312	0.12415941735016467
yor-x-bible-2010.txt.clean.txt	350	407	39891	0.010202802637186334	7.591975601342555	9.697559463767448	0.12422697784989056
