file	merge	types	tokens	TTR	H	Hcross	R
ell-x-bible-modern2009.txt.clean.txt	0	45	108746	0.00041380832398433046	4.596544716203266	7.378743182497497	0.16302482321035916
ell-x-bible-modern2009.txt.clean.txt	1	46	106274	0.0004328434047838606	4.683642524743922	7.325148210606727	0.15206119493093662
ell-x-bible-modern2009.txt.clean.txt	2	47	103941	0.0004521796018895335	4.750964196501182	7.286812049028407	0.14467761280544444
ell-x-bible-modern2009.txt.clean.txt	3	48	101913	0.0004709899620264343	4.830837142901458	7.2435760029642635	0.1350278283376697
ell-x-bible-modern2009.txt.clean.txt	4	49	100446	0.0004878243036059176	4.888270124183573	7.2166164145497715	0.1293815246201936
ell-x-bible-modern2009.txt.clean.txt	5	50	99188	0.0005040932370851313	4.909739459887161	7.214907415691138	0.13007360662690193
ell-x-bible-modern2009.txt.clean.txt	6	51	98119	0.0005197770054729461	4.959253056029735	7.197153765602106	0.12572616525507085
ell-x-bible-modern2009.txt.clean.txt	7	52	97067	0.0005357124460424243	4.964579485460143	7.219441477583657	0.12908832810548732
ell-x-bible-modern2009.txt.clean.txt	8	53	96058	0.0005517499843844344	5.002974983983206	7.20791202217182	0.1265634668516492
ell-x-bible-modern2009.txt.clean.txt	9	54	95108	0.0005677755814442528	5.04972304791607	7.193885931794216	0.12253314317305097
ell-x-bible-modern2009.txt.clean.txt	10	55	94177	0.0005840067107680219	5.092032328680091	7.181480783700115	0.1192327443718797
ell-x-bible-modern2009.txt.clean.txt	11	56	93325	0.0006000535762121618	5.1158641679253645	7.180906380227327	0.11907155037240902
ell-x-bible-modern2009.txt.clean.txt	12	57	92507	0.0006161695871663766	5.1401121869157755	7.181351744835504	0.11877093954568085
ell-x-bible-modern2009.txt.clean.txt	13	58	91771	0.0006320079327892254	5.17669863336667	7.176176963476313	0.11629985865907799
ell-x-bible-modern2009.txt.clean.txt	14	59	91061	0.0006479173301413338	5.210584997174313	7.172195573989562	0.11424423452999322
ell-x-bible-modern2009.txt.clean.txt	15	60	90357	0.0006640326704073841	5.242252901034341	7.168792281790839	0.11251904598813844
ell-x-bible-modern2009.txt.clean.txt	16	61	89658	0.0006803631577773317	5.280686003547794	7.163394663645637	0.10960716973552864
ell-x-bible-modern2009.txt.clean.txt	17	62	89003	0.000696605732391043	5.301171393235705	7.170885454612077	0.10967473746406242
ell-x-bible-modern2009.txt.clean.txt	18	63	88366	0.0007129438924473214	5.338028394581766	7.166966190462869	0.10694689509268385
ell-x-bible-modern2009.txt.clean.txt	19	64	87744	0.0007293946024799417	5.3729261324388835	7.1643673066530535	0.10451231126018612
ell-x-bible-modern2009.txt.clean.txt	20	65	87135	0.0007459688988351408	5.401776967226589	7.165639514154931	0.10304764920855769
ell-x-bible-modern2009.txt.clean.txt	21	66	86536	0.0007626883609133771	5.433945333544885	7.164477993300217	0.100994206161785
ell-x-bible-modern2009.txt.clean.txt	22	67	85960	0.0007794322940902745	5.463504339230867	7.164866361250498	0.09933662897255091
ell-x-bible-modern2009.txt.clean.txt	23	68	85391	0.0007963368504877563	5.492225447889288	7.16539375854564	0.09778086682148712
ell-x-bible-modern2009.txt.clean.txt	24	69	84837	0.0008133243749778988	5.514622614972443	7.172551331741487	0.09722509028292714
ell-x-bible-modern2009.txt.clean.txt	25	70	84285	0.0008305155128433292	5.537320681376492	7.175954654607868	0.09657937705469621
ell-x-bible-modern2009.txt.clean.txt	26	71	83743	0.0008478320576048148	5.566397550521327	7.176296493994341	0.0948574888767687
ell-x-bible-modern2009.txt.clean.txt	27	71	83203	0.0008533346153383893	5.5621185400318645	7.179008878730164	0.09555329155065273
ell-x-bible-modern2009.txt.clean.txt	28	72	82712	0.0008704903762452848	5.583370576548557	7.183737319812771	0.09506670255418659
ell-x-bible-modern2009.txt.clean.txt	29	73	82238	0.0008876675016415769	5.609758913057465	7.186282256604079	0.09371277655848598
ell-x-bible-modern2009.txt.clean.txt	30	74	81767	0.0009050105788398743	5.626957974057428	7.193678628979876	0.09380783738481657
ell-x-bible-modern2009.txt.clean.txt	31	75	81297	0.0009225432672792354	5.649536048736015	7.19927843469445	0.0930004019291415
ell-x-bible-modern2009.txt.clean.txt	32	76	80832	0.000940221694378464	5.677927091525909	7.200395478793443	0.0912303192844689
ell-x-bible-modern2009.txt.clean.txt	33	77	80368	0.0009580927732430818	5.703410044717221	7.20431262312393	0.0898987850183276
ell-x-bible-modern2009.txt.clean.txt	34	78	79914	0.000976049252946918	5.716263111438064	7.215535061028576	0.09054935350298199
ell-x-bible-modern2009.txt.clean.txt	35	79	79464	0.000994160877881808	5.737852248227289	7.22107515153825	0.08977604433870368
ell-x-bible-modern2009.txt.clean.txt	36	80	79025	0.001012337867763366	5.757595813383753	7.2271147269928635	0.08926584944235505
ell-x-bible-modern2009.txt.clean.txt	37	81	78587	0.001030704823953071	5.786798429156472	7.227997285585113	0.08723417328115246
ell-x-bible-modern2009.txt.clean.txt	38	82	78161	0.0010491165670858868	5.7900375939200135	7.250915098747807	0.08926618457636393
ell-x-bible-modern2009.txt.clean.txt	39	83	77740	0.0010676614355544121	5.803940426039221	7.259530095176271	0.08958360359302775
ell-x-bible-modern2009.txt.clean.txt	40	84	77320	0.0010863942058975686	5.834381449582195	7.259443919050057	0.08728226968335207
ell-x-bible-modern2009.txt.clean.txt	41	85	76903	0.0011052884802933566	5.8569557971133515	7.2623301753866505	0.08619151874628006
ell-x-bible-modern2009.txt.clean.txt	42	86	76491	0.0011243152789217033	5.874244775611889	7.271505865644186	0.08590059702820296
ell-x-bible-modern2009.txt.clean.txt	43	87	76086	0.0011434429461398942	5.905081161891519	7.271285419982263	0.08348083982169963
ell-x-bible-modern2009.txt.clean.txt	44	88	75691	0.0011626217119604708	5.911052262259433	7.288600999183581	0.08489591480396419
ell-x-bible-modern2009.txt.clean.txt	45	89	75299	0.0011819546076309113	5.939493419312879	7.28905190727363	0.0828076105000346
ell-x-bible-modern2009.txt.clean.txt	46	90	74908	0.0012014738078709884	5.966659339400773	7.290234874576149	0.08090043769256461
ell-x-bible-modern2009.txt.clean.txt	47	91	74523	0.001221099526320733	5.983774128263365	7.2981437475957875	0.08052198031856339
ell-x-bible-modern2009.txt.clean.txt	48	92	74154	0.0012406613264287834	6.0087384797770245	7.300464038897831	0.07891754224882985
ell-x-bible-modern2009.txt.clean.txt	49	93	73786	0.0012604017022199332	6.023917252150505	7.30727993253733	0.07879324754772565
ell-x-bible-modern2009.txt.clean.txt	50	94	73443	0.001279904143349264	6.030268558999972	7.323067267921837	0.07999285760593
ell-x-bible-modern2009.txt.clean.txt	51	95	73108	0.001299447392898178	6.0552835520321695	7.3253943248369735	0.07832319109818364
ell-x-bible-modern2009.txt.clean.txt	52	96	72775	0.0013191343181037443	6.081316364205078	7.327385974930536	0.07648428316196498
ell-x-bible-modern2009.txt.clean.txt	53	97	72455	0.0013387619902008143	6.106196894768135	7.33001955907914	0.07480643445215285
ell-x-bible-modern2009.txt.clean.txt	54	98	72140	0.0013584696423620736	6.1302886004508235	7.332985051562589	0.07323393694968361
ell-x-bible-modern2009.txt.clean.txt	55	99	71832	0.0013782158369528901	6.150799924813966	7.337493221468742	0.07218750215007996
ell-x-bible-modern2009.txt.clean.txt	56	100	71526	0.0013980930011464362	6.164029291478031	7.347475025080137	0.07222114455685757
ell-x-bible-modern2009.txt.clean.txt	57	101	71225	0.001418041418041418	6.179333006231498	7.3545596692259885	0.07192298979400691
ell-x-bible-modern2009.txt.clean.txt	58	102	70930	0.0014380375017623008	6.198518670856623	7.359321949760722	0.07102464948297915
ell-x-bible-modern2009.txt.clean.txt	59	103	70639	0.00145811803677855	6.196279397484212	7.3988270043535955	0.0733150513794274
ell-x-bible-modern2009.txt.clean.txt	60	104	70351	0.0014783016588250345	6.217559561222288	7.402359977629472	0.0720669354895368
ell-x-bible-modern2009.txt.clean.txt	61	105	70068	0.0014985442712793287	6.237933429990918	7.40639494647872	0.07094052286618957
ell-x-bible-modern2009.txt.clean.txt	62	106	69798	0.0015186681566807072	6.25078976359355	7.415413032500245	0.07091800418746563
ell-x-bible-modern2009.txt.clean.txt	63	107	69529	0.0015389262034546736	6.26518626555637	7.422815434184417	0.07064941826542026
ell-x-bible-modern2009.txt.clean.txt	64	108	69261	0.0015593190973275004	6.286556363025085	7.426315044117424	0.0693321893204566
ell-x-bible-modern2009.txt.clean.txt	65	109	68995	0.0015798246249728242	6.295598906608955	7.442125922397864	0.0698245490209144
ell-x-bible-modern2009.txt.clean.txt	66	110	68736	0.0016003258845437617	6.309695530177697	7.448740988402543	0.06955303999082685
ell-x-bible-modern2009.txt.clean.txt	67	111	68478	0.0016209585560325944	6.331779803510283	7.45187337734361	0.06809063088573453
ell-x-bible-modern2009.txt.clean.txt	68	112	68222	0.0016416991586291811	6.342546612150677	7.464116295491216	0.06828031081511943
ell-x-bible-modern2009.txt.clean.txt	69	113	67971	0.001662473702019979	6.357973776547303	7.469900558142808	0.06777024304127743
ell-x-bible-modern2009.txt.clean.txt	70	114	67728	0.0016832034018426647	6.374775371585936	7.474973542574999	0.06704551684998927
ell-x-bible-modern2009.txt.clean.txt	71	115	67485	0.0017040823886789657	6.38691923243612	7.484774492907178	0.06698874954101974
ell-x-bible-modern2009.txt.clean.txt	72	116	67245	0.0017250353186110492	6.386293766833087	7.512519586361131	0.06877931400358317
ell-x-bible-modern2009.txt.clean.txt	73	117	67011	0.0017459820029547388	6.406041851053808	7.51618539486482	0.06758343806786316
ell-x-bible-modern2009.txt.clean.txt	74	118	66779	0.0017670225669746478	6.4195330491477	7.522558117291223	0.06728665091197505
ell-x-bible-modern2009.txt.clean.txt	75	119	66551	0.0017881023575904195	6.433676900126654	7.528480040034011	0.06688224098326956
ell-x-bible-modern2009.txt.clean.txt	76	120	66323	0.0018093270811030864	6.449720452078154	7.533647660215545	0.06619044231293303
ell-x-bible-modern2009.txt.clean.txt	77	121	66099	0.0018305874521551007	6.466802070258505	7.538173141850945	0.0653374913642838
ell-x-bible-modern2009.txt.clean.txt	78	122	65876	0.001851964296557168	6.472426958490422	7.553255087549494	0.06612721803617283
ell-x-bible-modern2009.txt.clean.txt	79	123	65665	0.001873143988426102	6.4804538460154975	7.571907905841505	0.06655523138891362
ell-x-bible-modern2009.txt.clean.txt	80	124	65458	0.001894344465153228	6.497954678336743	7.576295824189496	0.06560666562844697
ell-x-bible-modern2009.txt.clean.txt	81	125	65255	0.0019155620258983987	6.51474686559789	7.581009726332982	0.06475041440162499
ell-x-bible-modern2009.txt.clean.txt	82	126	65063	0.0019365845411370517	6.521971478506512	7.5975958112617725	0.06525586618072998
ell-x-bible-modern2009.txt.clean.txt	83	127	64872	0.001957701319521519	6.5322972037022895	7.609650660848665	0.0653037736748524
ell-x-bible-modern2009.txt.clean.txt	84	128	64684	0.001978851029620926	6.534100435860029	7.6316612758892575	0.0665570805914244
ell-x-bible-modern2009.txt.clean.txt	85	129	64499	0.0020000310082326856	6.545654858341818	7.639004784575197	0.0664038377477083
ell-x-bible-modern2009.txt.clean.txt	86	130	64314	0.0020213328357744816	6.549505844780781	7.653527342937994	0.06733654243663822
ell-x-bible-modern2009.txt.clean.txt	87	131	64134	0.0020425983097888795	6.560652650249642	7.661272537089123	0.06721767639803045
ell-x-bible-modern2009.txt.clean.txt	88	132	63954	0.0020639834881320948	6.569013106433766	7.6703224608793175	0.0674835911889583
ell-x-bible-modern2009.txt.clean.txt	89	133	63780	0.002085293195359047	6.582383402031273	7.676126114319803	0.06702765449762227
ell-x-bible-modern2009.txt.clean.txt	90	134	63607	0.002106686370996903	6.591234898750928	7.687085687445223	0.06720185365733844
ell-x-bible-modern2009.txt.clean.txt	91	135	63435	0.002128162686214235	6.60553410320279	7.692356169315085	0.06659513553588159
ell-x-bible-modern2009.txt.clean.txt	92	136	63265	0.002149687821070102	6.610007718589577	7.707829181060938	0.06736615533021006
ell-x-bible-modern2009.txt.clean.txt	93	137	63095	0.0021713289484111263	6.621378032853989	7.715874969797359	0.06715298614256604
ell-x-bible-modern2009.txt.clean.txt	94	138	62932	0.002192843068709083	6.632143647049056	7.7230900015935156	0.06701542811389938
ell-x-bible-modern2009.txt.clean.txt	95	139	62779	0.002214116185348604	6.64730050103248	7.728467965452793	0.066251506631813
ell-x-bible-modern2009.txt.clean.txt	96	140	62628	0.0022354218560388323	6.660551539886619	7.7344848439882075	0.06574735158420009
ell-x-bible-modern2009.txt.clean.txt	97	141	62477	0.0022568305136290157	6.67090263751512	7.742662412374946	0.06564119953086611
ell-x-bible-modern2009.txt.clean.txt	98	142	62328	0.0022782697984854317	6.683520906511106	7.748960079626135	0.06520876965308331
ell-x-bible-modern2009.txt.clean.txt	99	143	62180	0.002299774847217755	6.694969902418189	7.755639476099272	0.06493153472914004
ell-x-bible-modern2009.txt.clean.txt	100	144	62032	0.002321382512251741	6.704891210743295	7.763121031088087	0.06485894770244749
ell-x-bible-modern2009.txt.clean.txt	101	145	61889	0.0023429042317697816	6.717367512207417	7.7691740037314005	0.06442164824214436
ell-x-bible-modern2009.txt.clean.txt	102	146	61747	0.002364487343514665	6.730033831116077	7.77511990267524	0.06395020128774376
ell-x-bible-modern2009.txt.clean.txt	103	147	61607	0.002386092489489831	6.7342861179627915	7.787326722646321	0.06463991756615839
ell-x-bible-modern2009.txt.clean.txt	104	148	61467	0.00240779605316674	6.73899971135614	7.799270185309592	0.0652551074836959
ell-x-bible-modern2009.txt.clean.txt	105	149	61329	0.002429519476919565	6.751879353512225	7.80494143210084	0.06472894567088194
ell-x-bible-modern2009.txt.clean.txt	106	150	61194	0.0024512207079125403	6.755804212233501	7.81703925300716	0.06543454726347986
ell-x-bible-modern2009.txt.clean.txt	107	151	61060	0.002472977399279397	6.769039580194477	7.8225169055033446	0.06484372952794659
ell-x-bible-modern2009.txt.clean.txt	108	152	60928	0.0024947478991596637	6.77880636069031	7.829618935159785	0.06472486816171119
ell-x-bible-modern2009.txt.clean.txt	109	153	60799	0.0025164887580387835	6.789496096598808	7.836070343925105	0.06447109569388065
ell-x-bible-modern2009.txt.clean.txt	110	154	60671	0.002538280232730629	6.800394401943388	7.842468574021385	0.06418134565253286
ell-x-bible-modern2009.txt.clean.txt	111	155	60544	0.0025601215644820295	6.808832833355366	7.850382771141696	0.06422259239824801
ell-x-bible-modern2009.txt.clean.txt	112	156	60420	0.0025819265143992055	6.821903726716479	7.855979083669047	0.06362016512221524
ell-x-bible-modern2009.txt.clean.txt	113	157	60297	0.002603777965736272	6.831575569617045	7.862763374145248	0.06347762210186714
ell-x-bible-modern2009.txt.clean.txt	114	158	60175	0.002625675114250104	6.841305868670476	7.869654366245287	0.06331992915067342
ell-x-bible-modern2009.txt.clean.txt	115	159	60053	0.0026476612325778896	6.843608353429561	7.884469738299114	0.06417094389780886
ell-x-bible-modern2009.txt.clean.txt	116	160	59931	0.002669736864060336	6.85502265808095	7.890263372497049	0.06376809916126269
ell-x-bible-modern2009.txt.clean.txt	117	161	59813	0.0026917225352348154	6.867562644298282	7.895809803428903	0.06320549550897403
ell-x-bible-modern2009.txt.clean.txt	118	162	59698	0.0027136587490368186	6.877656701427732	7.902396106907094	0.0629704014762218
ell-x-bible-modern2009.txt.clean.txt	119	163	59584	0.0027356337271750805	6.877647267255111	7.923232261484145	0.06410373020870808
ell-x-bible-modern2009.txt.clean.txt	120	164	59472	0.002757600215227334	6.883725244089021	7.933017152482131	0.06440005591963982
ell-x-bible-modern2009.txt.clean.txt	121	165	59360	0.0027796495956873314	6.894768514169713	7.938876794140613	0.06401480771017043
ell-x-bible-modern2009.txt.clean.txt	122	166	59249	0.0028017350503805973	6.90402741733284	7.94557587560611	0.06386569433270972
ell-x-bible-modern2009.txt.clean.txt	123	167	59139	0.002823855662084242	6.9059463238957015	7.959204628224203	0.06470437461387935
ell-x-bible-modern2009.txt.clean.txt	124	168	59030	0.0028460105031339997	6.914836820462003	7.965893804249094	0.06459146367895996
ell-x-bible-modern2009.txt.clean.txt	125	169	58921	0.00286824731420037	6.9191901429812015	7.981594537249901	0.06508541281452873
ell-x-bible-modern2009.txt.clean.txt	126	170	58815	0.002890419110771062	6.927706193035559	7.98852955829081	0.06501003216780343
ell-x-bible-modern2009.txt.clean.txt	127	171	58709	0.0029126709703793286	6.937995120345258	7.994335525991353	0.06468953023502133
ell-x-bible-modern2009.txt.clean.txt	128	172	58603	0.0029350033274747026	6.941244852464026	8.005404167749207	0.06531142078269847
ell-x-bible-modern2009.txt.clean.txt	129	173	58497	0.0029574166196557087	6.946105085037701	8.014326736768314	0.06570915554096413
ell-x-bible-modern2009.txt.clean.txt	130	174	58392	0.002979860254829429	6.954983323640657	8.020499625263096	0.06556010703026682
ell-x-bible-modern2009.txt.clean.txt	131	175	58288	0.0030023332418336536	6.963663824448165	8.02666620468242	0.06543195194267837
ell-x-bible-modern2009.txt.clean.txt	132	176	58184	0.003024886566753747	6.973683297442716	8.032225199334427	0.06511867740444799
ell-x-bible-modern2009.txt.clean.txt	133	177	58080	0.0030475206611570247	6.982128194312111	8.03855009545336	0.06501111400634851
ell-x-bible-modern2009.txt.clean.txt	134	178	57976	0.003070235959707465	6.985707686772356	8.05621762611225	0.0655488519914621
ell-x-bible-modern2009.txt.clean.txt	135	179	57872	0.0030930329001935307	6.993086164031039	8.063341411821341	0.06557211292186638
ell-x-bible-modern2009.txt.clean.txt	136	180	57771	0.003115750116840629	7.001952090984224	8.06913181528607	0.06539116544950108
ell-x-bible-modern2009.txt.clean.txt	137	181	57670	0.0031385469048031906	7.011017233436045	8.075080708266803	0.06517849313264656
ell-x-bible-modern2009.txt.clean.txt	138	182	57571	0.0031613138559344113	7.018294283175506	8.081886705018647	0.06519895395144093
ell-x-bible-modern2009.txt.clean.txt	139	183	57475	0.0031839930404523706	7.0272404621106785	8.087692983786367	0.06499186857958494
ell-x-bible-modern2009.txt.clean.txt	140	184	57379	0.0032067481134212864	7.028174274235672	8.113137385327553	0.06584483316742251
ell-x-bible-modern2009.txt.clean.txt	141	185	57285	0.00322946670157982	7.033756437088345	8.121112299546635	0.06607353857148168
ell-x-bible-modern2009.txt.clean.txt	142	186	57192	0.0032522031053294166	7.042465268258027	8.126780429231351	0.06588182518694075
ell-x-bible-modern2009.txt.clean.txt	143	187	57101	0.0032748988634174535	7.05145658727741	8.132397693345528	0.06564791322358088
ell-x-bible-modern2009.txt.clean.txt	144	188	57012	0.0032975513926892584	7.0604558243922355	8.138055350756371	0.06540832823425868
ell-x-bible-modern2009.txt.clean.txt	145	189	56923	0.00332027475712805	7.067833791588717	8.144531361432225	0.06537857488525056
ell-x-bible-modern2009.txt.clean.txt	146	190	56835	0.003343010468901205	7.077201301381367	8.149978943201578	0.06508107055666879
ell-x-bible-modern2009.txt.clean.txt	147	191	56749	0.0033656980739748717	7.080085242642564	8.160075173864353	0.06563487387081246
ell-x-bible-modern2009.txt.clean.txt	148	192	56663	0.003388454547058927	7.085752577203145	8.167531385295627	0.06581574048263883
ell-x-bible-modern2009.txt.clean.txt	149	193	56578	0.0034112199087984727	7.095582473628769	8.172822115113528	0.06544318409710714
ell-x-bible-modern2009.txt.clean.txt	150	194	56494	0.003433992990406061	7.103150541386386	8.178939205840877	0.06536421023715089
ell-x-bible-modern2009.txt.clean.txt	151	195	56411	0.0034567726152700713	7.10931608416224	8.186164432695433	0.06546504608683179
ell-x-bible-modern2009.txt.clean.txt	152	196	56328	0.00347961937224826	7.115194751757183	8.193700595395851	0.06559870337594798
ell-x-bible-modern2009.txt.clean.txt	153	197	56245	0.0035025335585385366	7.120458241091362	8.201728264988734	0.06580820889784889
ell-x-bible-modern2009.txt.clean.txt	154	198	56163	0.0035254527001762725	7.12461696684733	8.209977068152824	0.06615756457154742
ell-x-bible-modern2009.txt.clean.txt	155	199	56082	0.0035483755928818516	7.129863652905469	8.217269640802138	0.06635928735778351
ell-x-bible-modern2009.txt.clean.txt	156	200	56003	0.0035712372551470455	7.133479012786562	8.226083241857353	0.0667695943404717
ell-x-bible-modern2009.txt.clean.txt	157	201	55924	0.003594163507617481	7.138754036410283	8.23312744847923	0.06695780860548683
ell-x-bible-modern2009.txt.clean.txt	158	202	55846	0.0036170898542420226	7.146405580613738	8.238881065845906	0.06683099615240073
ell-x-bible-modern2009.txt.clean.txt	159	203	55770	0.0036399497937959478	7.151673448275843	8.24675012178742	0.0670110839836433
ell-x-bible-modern2009.txt.clean.txt	160	204	55694	0.0036628721226703055	7.159062528361561	8.252604924897144	0.06691010869817349
ell-x-bible-modern2009.txt.clean.txt	161	205	55618	0.0036858570966233953	7.167056945901671	8.258154490336906	0.06672628185295704
ell-x-bible-modern2009.txt.clean.txt	162	206	55543	0.0037088381974326196	7.174489291115015	8.26406007539753	0.06661174799344405
ell-x-bible-modern2009.txt.clean.txt	163	207	55468	0.003731881445157568	7.18166827916475	8.269852352578958	0.06652622941482644
ell-x-bible-modern2009.txt.clean.txt	164	208	55393	0.0037549870922318706	7.184739847210787	8.279096249898886	0.06697018479547245
ell-x-bible-modern2009.txt.clean.txt	165	209	55318	0.003778155392458151	7.189050752203723	8.288426494768636	0.06724850509687141
ell-x-bible-modern2009.txt.clean.txt	166	210	55244	0.003801317790167258	7.196148591742577	8.294443242638398	0.0671610625740483
ell-x-bible-modern2009.txt.clean.txt	167	211	55170	0.003824542323726663	7.204289902167748	8.299654204315923	0.06693467781055307
ell-x-bible-modern2009.txt.clean.txt	168	212	55096	0.0038478292435022506	7.21014113625003	8.30616000773543	0.06700111904068962
ell-x-bible-modern2009.txt.clean.txt	169	213	55023	0.00387110844555913	7.217359299700233	8.311643674040019	0.0668868446169929
ell-x-bible-modern2009.txt.clean.txt	170	214	54951	0.0038943786282324253	7.223992644901912	8.317370519515034	0.06684448082104366
ell-x-bible-modern2009.txt.clean.txt	171	215	54879	0.003917709870806684	7.22950097497687	8.32385333466392	0.06694359377491155
ell-x-bible-modern2009.txt.clean.txt	172	216	54807	0.0039411024139252284	7.235715815819566	8.329714157336007	0.06694767476627661
ell-x-bible-modern2009.txt.clean.txt	173	217	54736	0.0039644840689856764	7.24244405525314	8.335347488011323	0.06688188503109949
ell-x-bible-modern2009.txt.clean.txt	174	218	54666	0.003987853510408664	7.249300923998539	8.340866390570167	0.06679596918463793
ell-x-bible-modern2009.txt.clean.txt	175	219	54596	0.00401128287786651	7.252228810890198	8.354001679623355	0.06721190493129481
ell-x-bible-modern2009.txt.clean.txt	176	220	54526	0.0040347724021567695	7.2546977423317855	8.364803312993308	0.06768251187224916
ell-x-bible-modern2009.txt.clean.txt	177	221	54457	0.00405824779183576	7.261555964849849	8.37013500147641	0.06758515409349353
ell-x-bible-modern2009.txt.clean.txt	178	222	54388	0.004081782746194014	7.269558575220542	8.375033466176152	0.0673376042707019
ell-x-bible-modern2009.txt.clean.txt	179	223	54319	0.004105377492221875	7.273721664634001	8.381839071776257	0.06757915651394131
ell-x-bible-modern2009.txt.clean.txt	180	224	54250	0.004129032258064516	7.277407411593402	8.38923133711462	0.06787798374158394
ell-x-bible-modern2009.txt.clean.txt	181	225	54182	0.004152670628622052	7.280246698980941	8.397317553776789	0.06828121740032955
ell-x-bible-modern2009.txt.clean.txt	182	226	54114	0.004176368407436153	7.287256429805109	8.40236587435747	0.06814710189771545
ell-x-bible-modern2009.txt.clean.txt	183	227	54046	0.004200125818746994	7.288638267692221	8.412448183061532	0.06872891932787173
ell-x-bible-modern2009.txt.clean.txt	184	228	53978	0.00422394308792471	7.292142143331422	8.41965202958417	0.06903555007863615
ell-x-bible-modern2009.txt.clean.txt	185	229	53911	0.004247741648272152	7.297208818475484	8.425948618624748	0.06913903302838298
ell-x-bible-modern2009.txt.clean.txt	186	230	53844	0.004271599435405987	7.3019253293176565	8.432716946897155	0.06928371817402135
ell-x-bible-modern2009.txt.clean.txt	187	231	53778	0.0042954367957157204	7.30344027248462	8.443021200108728	0.06983269154926408
ell-x-bible-modern2009.txt.clean.txt	188	232	53712	0.004319332737563301	7.310012265828389	8.447962821970256	0.06973403596152206
ell-x-bible-modern2009.txt.clean.txt	189	233	53646	0.004343287477165119	7.315267042059267	8.453603680746568	0.06979986135858995
ell-x-bible-modern2009.txt.clean.txt	190	234	53581	0.004367219723409418	7.319760425966339	8.461193272208845	0.0699591840066861
ell-x-bible-modern2009.txt.clean.txt	191	235	53516	0.0043912101053890425	7.322272407723384	8.484161165688832	0.07036670429349168
ell-x-bible-modern2009.txt.clean.txt	192	236	53451	0.004415258835194852	7.329984664003362	8.488532869443503	0.07011079683523425
ell-x-bible-modern2009.txt.clean.txt	193	237	53386	0.004439366125950623	7.335461110247579	8.493712442612516	0.07013565040641323
ell-x-bible-modern2009.txt.clean.txt	194	238	53324	0.0044632810741879825	7.338613674473119	8.504425304197635	0.07045179578683203
ell-x-bible-modern2009.txt.clean.txt	195	239	53262	0.00448725169914761	7.343983085977657	8.50996832305108	0.07048387671091705
ell-x-bible-modern2009.txt.clean.txt	196	240	53200	0.004511278195488722	7.348101931840185	8.516937517837498	0.07067110098610496
ell-x-bible-modern2009.txt.clean.txt	197	241	53139	0.0045352754097743656	7.350198515770151	8.533847151238309	0.07111066470795624
ell-x-bible-modern2009.txt.clean.txt	198	242	53078	0.004559327781755153	7.3530496106390135	8.544068730515697	0.0714513699355559
ell-x-bible-modern2009.txt.clean.txt	199	243	53018	0.004583349051265608	7.357432695571144	8.550190228908864	0.0715953604929429
ell-x-bible-modern2009.txt.clean.txt	200	244	52958	0.004607424751690018	7.362721922905482	8.55533855546086	0.0716220182916757
ell-x-bible-modern2009.txt.clean.txt	201	245	52899	0.004631467513563583	7.3680679693639215	8.5604723997272	0.07163864271098452
ell-x-bible-modern2009.txt.clean.txt	202	246	52840	0.0046555639666919	7.367463446247815	8.575394776241378	0.07240163788241816
ell-x-bible-modern2009.txt.clean.txt	203	247	52782	0.004679625629949604	7.371394007701345	8.582379386835957	0.07259015683002112
ell-x-bible-modern2009.txt.clean.txt	204	248	52724	0.00470374023215234	7.377065280341906	8.58719763104536	0.07255679989835429
ell-x-bible-modern2009.txt.clean.txt	205	249	52667	0.00472781817836596	7.38352893717399	8.591792600473859	0.0724212129361026
ell-x-bible-modern2009.txt.clean.txt	206	250	52610	0.004751948298802509	7.388265873968153	8.597084629488617	0.07249988074695057
ell-x-bible-modern2009.txt.clean.txt	207	251	52553	0.004776130763229501	7.393883602799485	8.602257566492204	0.07246525685292071
ell-x-bible-modern2009.txt.clean.txt	208	252	52497	0.00480027430138865	7.3980542013459365	8.608255874567222	0.07260942673550475
ell-x-bible-modern2009.txt.clean.txt	209	253	52441	0.004824469403710837	7.403740579879764	8.613006412319049	0.07256087448833104
ell-x-bible-modern2009.txt.clean.txt	210	254	52385	0.004848716235563616	7.409637238121071	8.617605056609854	0.07248345270278267
ell-x-bible-modern2009.txt.clean.txt	211	255	52330	0.004872921842155552	7.413306458928776	8.624748081587452	0.07268217280100475
ell-x-bible-modern2009.txt.clean.txt	212	256	52275	0.004897178383548541	7.418344137607151	8.63028562944205	0.07270698279910615
ell-x-bible-modern2009.txt.clean.txt	213	257	52221	0.004921391777254361	7.422435140511054	8.63601959229117	0.0728474593205285
ell-x-bible-modern2009.txt.clean.txt	214	258	52167	0.0049456552993271605	7.426639347897234	8.641502560677065	0.07297108032109301
ell-x-bible-modern2009.txt.clean.txt	215	259	52113	0.004969969105597452	7.430162217917903	8.647691165941653	0.07317701118906794
ell-x-bible-modern2009.txt.clean.txt	216	260	52059	0.004994333352542308	7.434524853264903	8.652878351050864	0.07327549340344197
ell-x-bible-modern2009.txt.clean.txt	217	261	52005	0.005018748197288723	7.441109755948193	8.657072624595642	0.0730945580170489
ell-x-bible-modern2009.txt.clean.txt	218	262	51952	0.005043116723129042	7.447079355065875	8.661498488208034	0.07298802096682322
ell-x-bible-modern2009.txt.clean.txt	219	263	51899	0.005067535019942581	7.448131671999958	8.670273720898715	0.07349089076270854
ell-x-bible-modern2009.txt.clean.txt	220	264	51846	0.005092003240365698	7.452391038708612	8.675876240672146	0.07359200355751028
ell-x-bible-modern2009.txt.clean.txt	221	265	51793	0.0051165215376595295	7.458766474928705	8.680047219651543	0.07342772611072301
ell-x-bible-modern2009.txt.clean.txt	222	266	51740	0.0051410900657131815	7.457169126129241	8.697531543141206	0.07425106619923683
ell-x-bible-modern2009.txt.clean.txt	223	267	51688	0.0051656090388484755	7.462689173999934	8.701924480013602	0.07418798113160241
ell-x-bible-modern2009.txt.clean.txt	224	268	51637	0.005190076882855317	7.464965127749063	8.710233981801291	0.07452484698778705
ell-x-bible-modern2009.txt.clean.txt	225	269	51586	0.005214593106656845	7.469692468592252	8.715297873688225	0.07455524995767449
ell-x-bible-modern2009.txt.clean.txt	226	270	51536	0.005239056193728656	7.4749359603908365	8.719921181826582	0.07451942283785273
ell-x-bible-modern2009.txt.clean.txt	227	271	51486	0.005263566794856855	7.479721693305379	8.724832150660323	0.07453801519448067
ell-x-bible-modern2009.txt.clean.txt	228	272	51437	0.0052880222407994245	7.481401812122339	8.732432065692448	0.07493833863900656
ell-x-bible-modern2009.txt.clean.txt	229	273	51388	0.005312524324745077	7.487088742566856	8.736770415079945	0.07484079749415962
ell-x-bible-modern2009.txt.clean.txt	230	274	51339	0.005337073180233351	7.491517174452083	8.741628441897202	0.07489658009439637
ell-x-bible-modern2009.txt.clean.txt	231	275	51290	0.005361668941314096	7.495270071142687	8.746985991230591	0.0750334619286448
ell-x-bible-modern2009.txt.clean.txt	232	276	51241	0.005386311742549911	7.499807951305492	8.752278056420538	0.07507118079465513
ell-x-bible-modern2009.txt.clean.txt	233	277	51192	0.005411001719018597	7.504543983652174	8.756992782322122	0.07508227029275327
ell-x-bible-modern2009.txt.clean.txt	234	278	51144	0.0054356327232911	7.5068878685666585	8.769321098564978	0.07538584141386484
ell-x-bible-modern2009.txt.clean.txt	235	279	51096	0.005460310004697041	7.5123243831993785	8.773534768642083	0.07530622760876271
ell-x-bible-modern2009.txt.clean.txt	236	280	51049	0.005484926247330995	7.510895318620365	8.791989874401484	0.07606915604188125
ell-x-bible-modern2009.txt.clean.txt	237	281	51002	0.005509587859299636	7.509778900600196	8.80641588582284	0.07679059284954781
ell-x-bible-modern2009.txt.clean.txt	238	282	50955	0.0055342949661466	7.514272401284854	8.810996337340484	0.07681982999341408
ell-x-bible-modern2009.txt.clean.txt	239	283	50908	0.005559047693879155	7.520325642672739	8.814869221404411	0.0766554693327518
ell-x-bible-modern2009.txt.clean.txt	240	284	50862	0.005583736384727301	7.523602104370996	8.82047238859249	0.07682999312152161
ell-x-bible-modern2009.txt.clean.txt	241	285	50816	0.0056084697732997485	7.527885274374542	8.825046008095164	0.07687882504474841
ell-x-bible-modern2009.txt.clean.txt	242	286	50770	0.005633247981091195	7.5327882720287125	8.829339158807855	0.07684962652821148
ell-x-bible-modern2009.txt.clean.txt	243	287	50724	0.005658071130037063	7.5369754547726835	8.83389737159672	0.07690613959743742
ell-x-bible-modern2009.txt.clean.txt	244	288	50679	0.005682827206535251	7.541842113545872	8.838164426111785	0.07687743618032705
ell-x-bible-modern2009.txt.clean.txt	245	289	50634	0.005707627286013351	7.544703137212471	8.844417642176476	0.0770921436799441
ell-x-bible-modern2009.txt.clean.txt	246	290	50589	0.005732471485896143	7.550285620203415	8.848352144766427	0.076971939771322
ell-x-bible-modern2009.txt.clean.txt	247	291	50544	0.005757359924026591	7.554701263445613	8.852692697359718	0.0769925078955147
ell-x-bible-modern2009.txt.clean.txt	248	292	50499	0.005782292718667696	7.554441491844983	8.863845612844639	0.07758201197925596
ell-x-bible-modern2009.txt.clean.txt	249	293	50454	0.00580726998850438	7.559917088110858	8.867682884033242	0.07746901800616612
ell-x-bible-modern2009.txt.clean.txt	250	294	50410	0.005832176155524698	7.564182565915646	8.872135368362255	0.07750185034172852
ell-x-bible-modern2009.txt.clean.txt	251	295	50366	0.005857125838859548	7.569013895512086	8.87626801966097	0.07746379884615873
ell-x-bible-modern2009.txt.clean.txt	252	296	50322	0.00588211915265689	7.572115658008458	8.88147390215401	0.0776346096670546
ell-x-bible-modern2009.txt.clean.txt	253	297	50278	0.005907156211464259	7.5775877295240885	8.88531815475206	0.07751481065111177
ell-x-bible-modern2009.txt.clean.txt	254	298	50234	0.005932237130230521	7.578837610803923	8.895601035591914	0.07790701797439648
ell-x-bible-modern2009.txt.clean.txt	255	299	50191	0.005957243330477576	7.5838684802364	8.89953653574855	0.07783719159129698
ell-x-bible-modern2009.txt.clean.txt	256	300	50148	0.0059822924144532184	7.589059740891015	8.903389211915961	0.07774614725000262
ell-x-bible-modern2009.txt.clean.txt	257	301	50105	0.006007384492565613	7.592092252209181	8.908565814493754	0.07791560088223437
ell-x-bible-modern2009.txt.clean.txt	258	302	50062	0.006032519675602253	7.5963846659302225	8.912911407742538	0.07793014469539805
ell-x-bible-modern2009.txt.clean.txt	259	303	50020	0.006057576969212315	7.598580830850812	8.919866142463457	0.07819720339695713
ell-x-bible-modern2009.txt.clean.txt	260	304	49978	0.006082676377606146	7.599322437003295	8.936320904556645	0.07863855197358438
ell-x-bible-modern2009.txt.clean.txt	261	305	49936	0.006107818007049023	7.604449999793064	8.940099626684653	0.07854619067778279
ell-x-bible-modern2009.txt.clean.txt	262	306	49894	0.006133001964164028	7.608868798974682	8.944120472038293	0.0785380384296559
ell-x-bible-modern2009.txt.clean.txt	263	307	49852	0.006158228355933563	7.612687389026111	8.949012498662269	0.0786008232171258
ell-x-bible-modern2009.txt.clean.txt	264	308	49811	0.006183373150508924	7.615137469088378	8.954893169209804	0.07882737365948089
ell-x-bible-modern2009.txt.clean.txt	265	309	49770	0.006208559373116335	7.61614504587695	8.961975259767081	0.07922636900106583
ell-x-bible-modern2009.txt.clean.txt	266	310	49729	0.006233787126224135	7.61949344200207	8.966662181163292	0.07934039305326401
ell-x-bible-modern2009.txt.clean.txt	267	311	49688	0.006259056512638867	7.624393074629307	8.970380997393029	0.07926528987723014
ell-x-bible-modern2009.txt.clean.txt	268	312	49647	0.006284367635506678	7.627630518879954	8.975740276006675	0.0793892297087081
ell-x-bible-modern2009.txt.clean.txt	269	313	49606	0.00630972059831472	7.630630562560816	8.98046262807324	0.07954002235058633
ell-x-bible-modern2009.txt.clean.txt	270	314	49565	0.006335115504892565	7.634331418092796	8.98459268475994	0.07960452331555523
ell-x-bible-modern2009.txt.clean.txt	271	315	49524	0.006360552459413618	7.639649637210466	8.98806936144054	0.07947244842104584
ell-x-bible-modern2009.txt.clean.txt	272	316	49483	0.00638603156639654	7.64308183427768	8.992325993881483	0.07956603551273467
ell-x-bible-modern2009.txt.clean.txt	273	316	49442	0.006391327211682375	7.644156404547562	8.99142558780376	0.07943662816173758
ell-x-bible-modern2009.txt.clean.txt	274	317	49402	0.006416744261365937	7.643284236965297	9.00368814095657	0.08004666044098008
ell-x-bible-modern2009.txt.clean.txt	275	318	49362	0.006442202503950408	7.646781777594588	9.007873905189571	0.08012878098642517
ell-x-bible-modern2009.txt.clean.txt	276	319	49322	0.006467702039657759	7.645215863590066	9.024427331680117	0.08081801172907466
ell-x-bible-modern2009.txt.clean.txt	277	320	49282	0.006493242969035347	7.648320633321361	9.028765267358105	0.08094367722064755
ell-x-bible-modern2009.txt.clean.txt	278	321	49242	0.006518825392957232	7.649809405148386	9.034752144406568	0.08126173205698561
ell-x-bible-modern2009.txt.clean.txt	279	322	49203	0.006544316403471333	7.654804566013011	9.038218492477997	0.08115701092610328
ell-x-bible-modern2009.txt.clean.txt	280	323	49164	0.00656984785615491	7.659510943862381	9.04176765205845	0.08108551394367913
ell-x-bible-modern2009.txt.clean.txt	281	324	49125	0.006595419847328244	7.664638697639608	9.04513875510164	0.08096204428274745
ell-x-bible-modern2009.txt.clean.txt	282	325	49086	0.0066210324736177325	7.669025830981748	9.048735919797526	0.08092595042003159
ell-x-bible-modern2009.txt.clean.txt	283	326	49047	0.0066466858319571024	7.672888434434746	9.052516422655088	0.08095121883371181
ell-x-bible-modern2009.txt.clean.txt	284	327	49008	0.006672380019588638	7.675933541061527	9.056824158743318	0.08107283381747277
ell-x-bible-modern2009.txt.clean.txt	285	328	48970	0.0066979783540943435	7.6802467716541605	9.060437250837282	0.08104110301553236
ell-x-bible-modern2009.txt.clean.txt	286	329	48932	0.006723616447314641	7.685076625276082	9.063860346197472	0.08094614921774412
ell-x-bible-modern2009.txt.clean.txt	287	330	48894	0.006749294391949933	7.687060493615819	9.06906928118937	0.0811900023971559
ell-x-bible-modern2009.txt.clean.txt	288	331	48856	0.006775012280989029	7.689983704240559	9.073785754391004	0.08131992863729398
ell-x-bible-modern2009.txt.clean.txt	289	332	48818	0.006800770207710271	7.693662406438635	9.077559191856686	0.08135806768359377
ell-x-bible-modern2009.txt.clean.txt	290	333	48780	0.006826568265682657	7.693185451846032	9.089319687578453	0.08189067078314372
ell-x-bible-modern2009.txt.clean.txt	291	334	48742	0.006852406548766977	7.697921196274642	9.09260224996532	0.08179953303160148
ell-x-bible-modern2009.txt.clean.txt	292	335	48705	0.00687814392772816	7.700591682637989	9.097294969585198	0.08195328875968833
ell-x-bible-modern2009.txt.clean.txt	293	336	48668	0.006903920440535876	7.703723563352395	9.101459686824132	0.08205050223164301
ell-x-bible-modern2009.txt.clean.txt	294	337	48631	0.006929736176512924	7.704676754485085	9.107963534182243	0.08240569191103231
ell-x-bible-modern2009.txt.clean.txt	295	338	48594	0.006955591225254147	7.7042093733078385	9.124537289656068	0.0829282301047588
ell-x-bible-modern2009.txt.clean.txt	296	339	48557	0.006981485676627468	7.706433299954902	9.1297721653696	0.08312866193220758
ell-x-bible-modern2009.txt.clean.txt	297	340	48520	0.007007419620774938	7.711699962984592	9.13279978760907	0.08296569614273974
ell-x-bible-modern2009.txt.clean.txt	298	341	48484	0.007033248081841432	7.715539852106611	9.136390412369968	0.08297111338967045
ell-x-bible-modern2009.txt.clean.txt	299	342	48448	0.007059114927344782	7.715237003400407	9.150995531081335	0.08346731072360847
ell-x-bible-modern2009.txt.clean.txt	300	343	48412	0.00708502024291498	7.7175638741025585	9.156527862399363	0.08364942702647926
ell-x-bible-modern2009.txt.clean.txt	301	344	48377	0.007110817123839841	7.721558410227027	9.160074387714038	0.08363211517675417
ell-x-bible-modern2009.txt.clean.txt	302	345	48342	0.0071366513590666505	7.724030373799793	9.165752333006186	0.08379409925344716
ell-x-bible-modern2009.txt.clean.txt	303	346	48307	0.007162523029788643	7.727820195204154	9.169260402091295	0.0837983623411711
ell-x-bible-modern2009.txt.clean.txt	304	347	48272	0.007188432217434537	7.729045937614076	9.176731437015281	0.08410515715556355
ell-x-bible-modern2009.txt.clean.txt	305	348	48237	0.0072143790036693824	7.732576711300843	9.18034917866278	0.0841373372801989
ell-x-bible-modern2009.txt.clean.txt	306	349	48202	0.007240363470395419	7.736830048834269	9.183585413766068	0.08408265413694593
ell-x-bible-modern2009.txt.clean.txt	307	349	48167	0.007245624597753649	7.734141304079564	9.193033078349988	0.0844009586549318
ell-x-bible-modern2009.txt.clean.txt	308	350	48133	0.007271518500820643	7.735974284562156	9.198736169156678	0.0846312815767657
ell-x-bible-modern2009.txt.clean.txt	309	351	48099	0.0072974490114139584	7.740068404495533	9.202080586482042	0.08459268307102419
ell-x-bible-modern2009.txt.clean.txt	310	352	48065	0.00732341620721939	7.740213452287168	9.210967223016922	0.08501967966329926
ell-x-bible-modern2009.txt.clean.txt	311	353	48031	0.007349420166142699	7.741462750839683	9.216624816078939	0.08531453217194651
ell-x-bible-modern2009.txt.clean.txt	312	354	47997	0.007375460966310394	7.745910490615589	9.219738637272838	0.08523012263606611
ell-x-bible-modern2009.txt.clean.txt	313	355	47963	0.007401538686070513	7.749424670200642	9.223194325841801	0.08525474902111596
ell-x-bible-modern2009.txt.clean.txt	314	356	47929	0.007427653403993407	7.750514169462935	9.23028482861978	0.08556418950764177
ell-x-bible-modern2009.txt.clean.txt	315	356	47895	0.007432926192713227	7.750836693850888	9.229713267021328	0.08552613682576116
ell-x-bible-modern2009.txt.clean.txt	316	357	47862	0.007458944465337847	7.7529133095725635	9.236440089051307	0.08571766388097068
ell-x-bible-modern2009.txt.clean.txt	317	358	47829	0.007484998640991867	7.7556712411228155	9.240787949890215	0.08582748084803926
ell-x-bible-modern2009.txt.clean.txt	318	359	47796	0.007511088794041342	7.759247380503208	9.24427236109606	0.08583958350021759
ell-x-bible-modern2009.txt.clean.txt	319	360	47763	0.007537214999057848	7.763519348667277	9.247370373944605	0.08576852889473507
ell-x-bible-modern2009.txt.clean.txt	320	361	47730	0.007563377330819191	7.767071116303324	9.25073882385194	0.08578111423481627
ell-x-bible-modern2009.txt.clean.txt	321	362	47697	0.007589575864310125	7.771029460331112	9.2539475668275	0.08574466366027167
ell-x-bible-modern2009.txt.clean.txt	322	363	47664	0.007615810674723061	7.769909375136809	9.265844663564076	0.08630425710392287
ell-x-bible-modern2009.txt.clean.txt	323	364	47631	0.007642081837458798	7.771103824671634	9.278322449488092	0.08659010315625781
ell-x-bible-modern2009.txt.clean.txt	324	364	47598	0.007647380142022774	7.771932729633907	9.277539080608562	0.08649267426929852
ell-x-bible-modern2009.txt.clean.txt	325	365	47566	0.007673548332842787	7.772982372328491	9.283756901319345	0.08679414352012471
ell-x-bible-modern2009.txt.clean.txt	326	366	47534	0.007699751756637355	7.775041967175076	9.287944306917034	0.08697557278606627
ell-x-bible-modern2009.txt.clean.txt	327	367	47502	0.007725990484611174	7.778106805881893	9.29227921092102	0.08703768857665184
ell-x-bible-modern2009.txt.clean.txt	328	368	47470	0.007752264588160944	7.780378203578505	9.29625425443966	0.08719168773688402
ell-x-bible-modern2009.txt.clean.txt	329	369	47438	0.007778574138876007	7.783075603373531	9.301281835206407	0.08729444854062063
ell-x-bible-modern2009.txt.clean.txt	330	370	47406	0.007804919208539003	7.7855421517944645	9.305197776144864	0.08742304070842832
ell-x-bible-modern2009.txt.clean.txt	331	371	47374	0.007831299869126526	7.7890297633400944	9.308447558783818	0.08743076003438266
ell-x-bible-modern2009.txt.clean.txt	332	372	47342	0.007857716192809767	7.792871739079278	9.3114863916806	0.08739585344846346
ell-x-bible-modern2009.txt.clean.txt	333	372	47310	0.00786303107165504	7.793373500832388	9.31085875730695	0.08733709335695927
ell-x-bible-modern2009.txt.clean.txt	334	373	47278	0.007889504632175642	7.796881261528869	9.313991389974264	0.08734025278441204
ell-x-bible-modern2009.txt.clean.txt	335	374	47246	0.007916014054099817	7.7994563447904754	9.317593063173593	0.08745142678490359
ell-x-bible-modern2009.txt.clean.txt	336	375	47214	0.007942559410344389	7.8016941195683955	9.321919688354544	0.08760084757687925
ell-x-bible-modern2009.txt.clean.txt	337	376	47182	0.007969140774023992	7.804059693977312	9.325663152607108	0.08773410045921026
ell-x-bible-modern2009.txt.clean.txt	338	377	47150	0.00799575821845175	7.806745491083062	9.329150345620807	0.0878287300156011
ell-x-bible-modern2009.txt.clean.txt	339	378	47119	0.008022241558606931	7.80909737398211	9.333981079689515	0.08796119204806063
ell-x-bible-modern2009.txt.clean.txt	340	379	47088	0.008048759768943255	7.813496020193268	9.33677145772015	0.08785352212633257
ell-x-bible-modern2009.txt.clean.txt	341	380	47057	0.008075312918375587	7.815801778632167	9.34141004360365	0.08798909388458631
ell-x-bible-modern2009.txt.clean.txt	342	381	47026	0.00810190107600051	7.818261765007041	9.345452097849236	0.08810549419250502
ell-x-bible-modern2009.txt.clean.txt	343	382	46995	0.008128524311096926	7.821411558117994	9.348620182701085	0.08814031396526123
ell-x-bible-modern2009.txt.clean.txt	344	383	46964	0.00815518269312665	7.824540332681909	9.352414831472743	0.08817650187980008
ell-x-bible-modern2009.txt.clean.txt	345	384	46933	0.008181876291735026	7.825538512798816	9.36786878366563	0.08845979092611611
ell-x-bible-modern2009.txt.clean.txt	346	385	46902	0.008208605176751524	7.8285259720489915	9.371165744368449	0.08851017827322838
ell-x-bible-modern2009.txt.clean.txt	347	386	46871	0.008235369418190351	7.830072905916172	9.37543216002792	0.08872713916929909
ell-x-bible-modern2009.txt.clean.txt	348	387	46840	0.008262169086251067	7.832182426896676	9.379502176385735	0.08887743883290089
ell-x-bible-modern2009.txt.clean.txt	349	388	46809	0.00828900425131919	7.833870015766948	9.38485225240688	0.08907565000686213
ell-x-bible-modern2009.txt.clean.txt	350	388	46778	0.00829449741331395	7.834044128985228	9.386676692441199	0.08905540407862123
