file	merge	types	tokens	TTR	H	Hcross	R
fij-x-bible-1974.txt.clean.txt	0	30	117334	0.000255680365452469	4.2714164975363875	5.834079834167691	0.1295064737414069
fij-x-bible-1974.txt.clean.txt	1	31	113270	0.0002736823519025338	4.389739106901086	5.799282972275796	0.11393517093829297
fij-x-bible-1974.txt.clean.txt	2	32	110007	0.00029089057969038334	4.473393238216962	5.790415683844291	0.10532135235660756
fij-x-bible-1974.txt.clean.txt	3	33	107404	0.0003072511265874642	4.579845754038068	5.767425381210875	0.09209200437722076
fij-x-bible-1974.txt.clean.txt	4	34	105511	0.00032224128289941333	4.61670135553674	5.792518626197064	0.09253364602421355
fij-x-bible-1974.txt.clean.txt	5	35	103693	0.00033753483841725095	4.677233780811655	5.801556819237019	0.08813107692438371
fij-x-bible-1974.txt.clean.txt	6	36	101899	0.00035329100383713286	4.745841976691616	5.802885631138913	0.08202885431266116
fij-x-bible-1974.txt.clean.txt	7	37	100124	0.0003695417682074228	4.823922413908273	5.798085166890606	0.07400602801521217
fij-x-bible-1974.txt.clean.txt	8	38	98350	0.0003863751906456533	4.887801809511399	5.801419366020766	0.06862246153546414
fij-x-bible-1974.txt.clean.txt	9	39	96605	0.00040370581232855444	4.921385490623429	5.829639171992367	0.06887209585293952
fij-x-bible-1974.txt.clean.txt	10	40	95111	0.00042056123897341003	4.9571017862921565	5.866122216126459	0.06855152908692719
fij-x-bible-1974.txt.clean.txt	11	41	93789	0.0004371514783183529	5.001727986300672	5.883009356880945	0.06641541099567483
fij-x-bible-1974.txt.clean.txt	12	42	92718	0.00045298647511810003	5.034565026632477	5.9102790752803225	0.06634483248983647
fij-x-bible-1974.txt.clean.txt	13	43	91671	0.00046906873493253047	5.079462837871844	5.92424674223003	0.06391172058638206
fij-x-bible-1974.txt.clean.txt	14	44	90626	0.0004855118840067972	5.094380048285449	5.965235116740726	0.06686622268619369
fij-x-bible-1974.txt.clean.txt	15	45	89613	0.0005021592849251782	5.135742923762984	5.979212298960439	0.06484335365865612
fij-x-bible-1974.txt.clean.txt	16	46	88633	0.0005189940541333363	5.165954071029811	6.009583996074162	0.06474226013434281
fij-x-bible-1974.txt.clean.txt	17	47	87734	0.0005357102149679714	5.210840433414926	6.021465547326841	0.06188548377597558
fij-x-bible-1974.txt.clean.txt	18	48	86895	0.0005523908165026756	5.243429982585622	6.040499341868358	0.06115215958772047
fij-x-bible-1974.txt.clean.txt	19	49	86057	0.0005693900554283788	5.284345226008899	6.053759436118211	0.058839125667832226
fij-x-bible-1974.txt.clean.txt	20	50	85241	0.0005865721894393543	5.28271639902947	6.123394601476015	0.0639881277272002
fij-x-bible-1974.txt.clean.txt	21	51	84495	0.0006035860110065684	5.326064183202198	6.134721957799765	0.0610605054960347
fij-x-bible-1974.txt.clean.txt	22	52	83759	0.0006208288064566196	5.355436353186689	6.1552096351325645	0.06052223723311434
fij-x-bible-1974.txt.clean.txt	23	53	83028	0.0006383388736329913	5.38720431119391	6.171146928700507	0.05948339298215177
fij-x-bible-1974.txt.clean.txt	24	54	82359	0.0006556660474265108	5.42246796334649	6.185429194627931	0.05776299513969818
fij-x-bible-1974.txt.clean.txt	25	55	81712	0.000673095750930096	5.455894226065756	6.20058846834301	0.05629566461632274
fij-x-bible-1974.txt.clean.txt	26	56	81066	0.0006907951545654158	5.48664727916897	6.216404856712015	0.055224391688290964
fij-x-bible-1974.txt.clean.txt	27	57	80453	0.0007084881856487639	5.504817020992758	6.247581486639302	0.05624535905447947
fij-x-bible-1974.txt.clean.txt	28	58	79857	0.0007262982581364188	5.505601522219154	6.315686634389416	0.060153741229531654
fij-x-bible-1974.txt.clean.txt	29	58	79286	0.000731528895391368	5.510176799624037	6.3105642742563575	0.05937270807003714
fij-x-bible-1974.txt.clean.txt	30	59	78717	0.0007495204339596275	5.540980946700173	6.32456989039913	0.05807969305544258
fij-x-bible-1974.txt.clean.txt	31	60	78172	0.000767538248989408	5.569140248837657	6.340600228355557	0.05717904222264791
fij-x-bible-1974.txt.clean.txt	32	61	77647	0.000785606655762618	5.5896900419183595	6.361880236599965	0.057505041318298145
fij-x-bible-1974.txt.clean.txt	33	62	77131	0.0008038272549299244	5.600233327857213	6.3959677298578494	0.05944765071184954
fij-x-bible-1974.txt.clean.txt	34	63	76632	0.0008221108675227059	5.621672637496287	6.414759177434458	0.05949316253460801
fij-x-bible-1974.txt.clean.txt	35	64	76159	0.0008403471684239552	5.643126025471551	6.433105974189691	0.05947899575474158
fij-x-bible-1974.txt.clean.txt	36	65	75688	0.00085878871155269	5.665303217918328	6.449952962446073	0.059289735565083435
fij-x-bible-1974.txt.clean.txt	37	66	75222	0.0008774028874531388	5.6911193354386045	6.464229403863701	0.05844668248690332
fij-x-bible-1974.txt.clean.txt	38	67	74781	0.0008959495058905337	5.708100086925897	6.486906875205934	0.0590148104144278
fij-x-bible-1974.txt.clean.txt	39	68	74356	0.0009145193393942654	5.7258199238926935	6.5083714292157016	0.05940782338859674
fij-x-bible-1974.txt.clean.txt	40	69	73943	0.0009331512110679848	5.746142797101202	6.525348145659947	0.059323927118743014
fij-x-bible-1974.txt.clean.txt	41	70	73547	0.0009517723360572151	5.770775497191428	6.539960895444228	0.05849093911350012
fij-x-bible-1974.txt.clean.txt	42	71	73163	0.0009704358760575701	5.789118625205435	6.558157442081575	0.05864119081506125
fij-x-bible-1974.txt.clean.txt	43	72	72782	0.000989255585172158	5.809696220517319	6.5741936416778435	0.05838462879869444
fij-x-bible-1974.txt.clean.txt	44	73	72412	0.0010081202010716456	5.821149289426675	6.597867432383724	0.05956150549120742
fij-x-bible-1974.txt.clean.txt	45	74	72056	0.0010269790163206394	5.845105568224952	6.611604100000195	0.05867630787289013
fij-x-bible-1974.txt.clean.txt	46	75	71713	0.0010458354831062709	5.8627037532267074	6.629561874598043	0.05877758776761355
fij-x-bible-1974.txt.clean.txt	47	76	71373	0.0010648284365236153	5.88222776501918	6.64526962313568	0.05853136862384112
fij-x-bible-1974.txt.clean.txt	48	77	71050	0.001083743842364532	5.901509513561576	6.6609272917015625	0.05828777233137106
fij-x-bible-1974.txt.clean.txt	49	78	70733	0.0011027384671935306	5.9031615639060355	6.702011750316702	0.06081403252271167
fij-x-bible-1974.txt.clean.txt	50	79	70417	0.0011218881804109803	5.912775132161735	6.738248868606244	0.062027159832365286
fij-x-bible-1974.txt.clean.txt	51	80	70101	0.0011412105390793284	5.926195631760972	6.757169229412839	0.06259679913892491
fij-x-bible-1974.txt.clean.txt	52	81	69800	0.001160458452722063	5.933201465470469	6.788839393412214	0.0641416653752267
fij-x-bible-1974.txt.clean.txt	53	82	69500	0.0011798561151079136	5.942118357996756	6.811328157464025	0.06534490733533282
fij-x-bible-1974.txt.clean.txt	54	83	69200	0.0011994219653179191	5.960675988636928	6.824521548456723	0.06499778506035836
fij-x-bible-1974.txt.clean.txt	55	84	68911	0.0012189635907184629	5.973549768344103	6.841825139435547	0.0655110856889547
fij-x-bible-1974.txt.clean.txt	56	85	68626	0.0012385976160638826	5.988432418251101	6.856909619218594	0.06567839629084482
fij-x-bible-1974.txt.clean.txt	57	86	68345	0.0012583217499451313	6.00403652481343	6.871296771395995	0.06570352234238763
fij-x-bible-1974.txt.clean.txt	58	87	68064	0.0012782087447108603	6.019390636719005	6.885489201558426	0.06573903052271424
fij-x-bible-1974.txt.clean.txt	59	88	67784	0.001298241472913962	6.036143254311536	6.898609942699351	0.06553028026559704
fij-x-bible-1974.txt.clean.txt	60	89	67508	0.0013183622681756236	6.044144504894443	6.92060733753492	0.06664711119950273
fij-x-bible-1974.txt.clean.txt	61	90	67245	0.0013383894713361588	6.0625461265098455	6.932587934643282	0.06613011161058902
fij-x-bible-1974.txt.clean.txt	62	91	66987	0.0013584725394479526	6.075891243417692	6.948529152416053	0.06636709064436885
fij-x-bible-1974.txt.clean.txt	63	92	66736	0.0013785662910573003	6.090424628522707	6.962470713197206	0.06639583259144877
fij-x-bible-1974.txt.clean.txt	64	93	66486	0.0013987907228589478	6.106140685214579	6.979368546244399	0.06621923987499534
fij-x-bible-1974.txt.clean.txt	65	94	66237	0.001419146398538581	6.109523046470071	7.008142418765211	0.06790140698049318
fij-x-bible-1974.txt.clean.txt	66	95	65991	0.0014395902471549152	6.124675316555984	7.021044840209485	0.06776104656097015
fij-x-bible-1974.txt.clean.txt	67	96	65749	0.0014600982524449041	6.134390912119735	7.038105271466906	0.06842432110313101
fij-x-bible-1974.txt.clean.txt	68	97	65508	0.0014807351773829152	6.146604528689842	7.053441439608045	0.0686839848247246
fij-x-bible-1974.txt.clean.txt	69	98	65270	0.0015014554925693274	6.148528904802507	7.080107060006039	0.07047640037112735
fij-x-bible-1974.txt.clean.txt	70	99	65036	0.00152223383971954	6.163049822706191	7.0918315157261675	0.07033967609481517
fij-x-bible-1974.txt.clean.txt	71	100	64810	0.0015429717636167258	6.175005869666221	7.104838790800687	0.07056900491465945
fij-x-bible-1974.txt.clean.txt	72	101	64586	0.001563806397671322	6.187439564565572	7.118120140535662	0.07070546188053117
fij-x-bible-1974.txt.clean.txt	73	102	64366	0.0015846875679706677	6.199065261234844	7.132973303691898	0.07094273168694432
fij-x-bible-1974.txt.clean.txt	74	103	64153	0.001605536763674341	6.211658178439284	7.1453634570109195	0.07101507684229091
fij-x-bible-1974.txt.clean.txt	75	104	63943	0.0016264485557449604	6.224541306703586	7.157708436924848	0.07102495231007533
fij-x-bible-1974.txt.clean.txt	76	105	63734	0.0016474723067750336	6.225621246917147	7.192646917472109	0.07277426323826508
fij-x-bible-1974.txt.clean.txt	77	106	63531	0.0016684768065983535	6.241015858587582	7.202649032830513	0.07237074208351768
fij-x-bible-1974.txt.clean.txt	78	107	63330	0.0016895626085583451	6.243484869490435	7.235576384095718	0.07386850931929778
fij-x-bible-1974.txt.clean.txt	79	108	63132	0.0017107013875689032	6.253194240222991	7.250299767657452	0.07427114985701744
fij-x-bible-1974.txt.clean.txt	80	109	62934	0.0017319731782502305	6.266729042459884	7.26040124381386	0.07409007471639295
fij-x-bible-1974.txt.clean.txt	81	110	62746	0.0017530997991903865	6.27929011241482	7.27136567749101	0.07403671569117887
fij-x-bible-1974.txt.clean.txt	82	111	62560	0.001774296675191816	6.298509405276353	7.27973018126466	0.07298735768144105
fij-x-bible-1974.txt.clean.txt	83	112	62375	0.0017955911823647295	6.309465061954632	7.291932420057238	0.07313998841013547
fij-x-bible-1974.txt.clean.txt	84	113	62191	0.001816983164766606	6.317083947165432	7.306938443548643	0.07376566187225064
fij-x-bible-1974.txt.clean.txt	85	114	62007	0.0018385021046010935	6.331975357596213	7.315839773977072	0.07330933990304545
fij-x-bible-1974.txt.clean.txt	86	115	61823	0.0018601491354350323	6.345231847370374	7.3257059351753	0.07307850860216902
fij-x-bible-1974.txt.clean.txt	87	116	61639	0.0018819254043706095	6.346837423346752	7.3532174498609	0.0745326608726351
fij-x-bible-1974.txt.clean.txt	88	117	61456	0.0019038010934652435	6.355700931422193	7.367175617875352	0.07491069385213356
fij-x-bible-1974.txt.clean.txt	89	118	61274	0.0019257760224565068	6.367207610519886	7.376915978051104	0.07488917195694855
fij-x-bible-1974.txt.clean.txt	90	119	61098	0.0019476905954368391	6.371010590145507	7.39537628064753	0.07597114110107073
fij-x-bible-1974.txt.clean.txt	91	120	60926	0.001969602468568427	6.384226227005639	7.406474447981115	0.07567288946710637
fij-x-bible-1974.txt.clean.txt	92	121	60759	0.00199147451406376	6.3944561832207185	7.417272529266351	0.07579381699997945
fij-x-bible-1974.txt.clean.txt	93	122	60594	0.0020134006667326797	6.409706591902665	7.425133756280364	0.07517681312727931
fij-x-bible-1974.txt.clean.txt	94	123	60435	0.0020352444775378507	6.416699321443666	7.43833234809311	0.07573843504269073
fij-x-bible-1974.txt.clean.txt	95	124	60283	0.002056964650067183	6.427395636167395	7.448448128617113	0.07575291963395447
fij-x-bible-1974.txt.clean.txt	96	125	60132	0.002078760061198696	6.427102048549059	7.473314953672236	0.07733260378147933
fij-x-bible-1974.txt.clean.txt	97	125	59981	0.002083993264533769	6.428584044676373	7.471349446639637	0.07711985011774936
fij-x-bible-1974.txt.clean.txt	98	126	59832	0.00210589651022864	6.439834947650793	7.480869540400215	0.077027864976289
fij-x-bible-1974.txt.clean.txt	99	127	59683	0.0021279091198498734	6.449212629508381	7.4917714287053085	0.07719221590936431
fij-x-bible-1974.txt.clean.txt	100	128	59535	0.0021499958007894517	6.461143762513543	7.500849793845484	0.07697946249806531
fij-x-bible-1974.txt.clean.txt	101	129	59388	0.002172155991109315	6.464876395156644	7.518484378607232	0.07792513926060551
fij-x-bible-1974.txt.clean.txt	102	130	59244	0.0021943150361218014	6.473467387049564	7.529003136111891	0.0781645793261535
fij-x-bible-1974.txt.clean.txt	103	131	59101	0.0022165445593137173	6.47952412212617	7.541518884653614	0.0787523911600656
fij-x-bible-1974.txt.clean.txt	104	132	58959	0.0022388439424006513	6.488249170082112	7.5520480397361425	0.07894858519457615
fij-x-bible-1974.txt.clean.txt	105	133	58819	0.002261174110406501	6.490207425808205	7.577080254470964	0.08009247182644397
fij-x-bible-1974.txt.clean.txt	106	133	58679	0.0022665689599345594	6.482892557020115	7.59668706049677	0.08112926501721451
fij-x-bible-1974.txt.clean.txt	107	134	58541	0.002288994038366273	6.494794289076578	7.6070224585537245	0.08085022506546968
fij-x-bible-1974.txt.clean.txt	108	135	58404	0.0023114855146907747	6.49922740038766	7.621312144791174	0.0816169629888156
fij-x-bible-1974.txt.clean.txt	109	136	58267	0.0023340827569636327	6.50762336713191	7.632549379740507	0.08181199494178037
fij-x-bible-1974.txt.clean.txt	110	137	58130	0.00235678651298813	6.515890736069066	7.644106183376714	0.0820144710657118
fij-x-bible-1974.txt.clean.txt	111	138	57994	0.0023795565058454325	6.523882060424215	7.653620409921537	0.08224525355560697
fij-x-bible-1974.txt.clean.txt	112	139	57859	0.0024023920219844795	6.526547586703494	7.689317777232843	0.08321370832662067
fij-x-bible-1974.txt.clean.txt	113	140	57726	0.0024252503204795065	6.536441625694674	7.697309722877091	0.08315582223923779
fij-x-bible-1974.txt.clean.txt	114	141	57593	0.002448214192697029	6.537019430725641	7.71769651497331	0.08439352725864357
fij-x-bible-1974.txt.clean.txt	115	142	57461	0.0024712413637075583	6.550047081184612	7.724125382825941	0.08387709779050423
fij-x-bible-1974.txt.clean.txt	116	143	57329	0.0024943745748225157	6.5604669144033085	7.731337501754915	0.08371720582409026
fij-x-bible-1974.txt.clean.txt	117	144	57198	0.00251757054442463	6.56095318389271	7.750131242950728	0.08493419630290411
fij-x-bible-1974.txt.clean.txt	118	145	57068	0.0025408284853157635	6.560484716193371	7.779140848714269	0.08627189649002576
fij-x-bible-1974.txt.clean.txt	119	146	56939	0.0025641475965506944	6.567111570483018	7.788425627064686	0.08661031758110127
fij-x-bible-1974.txt.clean.txt	120	147	56810	0.0025875726104559057	6.575160828899955	7.796356194940492	0.08674165795674182
fij-x-bible-1974.txt.clean.txt	121	148	56683	0.0026110121200359896	6.584012157957775	7.803873675027637	0.08675293062480494
fij-x-bible-1974.txt.clean.txt	122	149	56557	0.002634510317025302	6.584628630081455	7.822612020476191	0.08789653387120044
fij-x-bible-1974.txt.clean.txt	123	150	56431	0.002658113448281973	6.590472423541539	7.832280805615632	0.08830575150454523
fij-x-bible-1974.txt.clean.txt	124	151	56306	0.0026817745888537635	6.595429655401822	7.842731073406958	0.08882828566218148
fij-x-bible-1974.txt.clean.txt	125	152	56181	0.002705541019205781	6.603864412800381	7.8499852164343515	0.08886169176617509
fij-x-bible-1974.txt.clean.txt	126	153	56057	0.0027293647537328077	6.608252432156256	7.87150903048835	0.08944477332708634
fij-x-bible-1974.txt.clean.txt	127	154	55934	0.0027532448957700148	6.6144654279528154	7.879980241510346	0.0897674796265181
fij-x-bible-1974.txt.clean.txt	128	155	55811	0.002777230295103116	6.621652949903808	7.88763447866937	0.08994780997642415
fij-x-bible-1974.txt.clean.txt	129	156	55690	0.0028012210450709283	6.6297165597236205	7.894663383134779	0.08999992580245286
fij-x-bible-1974.txt.clean.txt	130	157	55569	0.0028253162734618222	6.638357750951968	7.901174381713409	0.0899653348036461
fij-x-bible-1974.txt.clean.txt	131	158	55450	0.00284941388638413	6.640257034147839	7.928196582189795	0.09084660902435604
fij-x-bible-1974.txt.clean.txt	132	159	55331	0.0028736151524461876	6.648259368246378	7.934947129337553	0.09088393607581469
fij-x-bible-1974.txt.clean.txt	133	160	55213	0.0028978682556644268	6.653487215177091	7.944595911734946	0.09129301340408125
fij-x-bible-1974.txt.clean.txt	134	161	55096	0.0029221722085087847	6.65627215451979	7.960465787016929	0.09202733229848503
fij-x-bible-1974.txt.clean.txt	135	162	54979	0.002946579603121192	6.66556837414346	7.966277633924902	0.09186585944892145
fij-x-bible-1974.txt.clean.txt	136	163	54863	0.0029710369465760166	6.674914317957648	7.9723831790078625	0.09169121814439096
fij-x-bible-1974.txt.clean.txt	137	164	54752	0.0029953243717124487	6.675926770991133	7.992389316609564	0.09264293792271105
fij-x-bible-1974.txt.clean.txt	138	165	54643	0.003019599948758304	6.681302401412768	8.000784770673954	0.09299346307554668
fij-x-bible-1974.txt.clean.txt	139	166	54535	0.003043916750710553	6.688075606437952	8.008645727419449	0.09314713925312679
fij-x-bible-1974.txt.clean.txt	140	167	54427	0.003068330056773293	6.694873782287734	8.01564015953732	0.09329064151288102
fij-x-bible-1974.txt.clean.txt	141	168	54321	0.0030927265698348703	6.694029789754936	8.052239249995507	0.09446126202212513
fij-x-bible-1974.txt.clean.txt	142	169	54218	0.0031170459994835664	6.700565849564783	8.06010999309349	0.09462572559744364
fij-x-bible-1974.txt.clean.txt	143	170	54115	0.0031414580060981244	6.710373211474218	8.065257672307308	0.09434213023558735
fij-x-bible-1974.txt.clean.txt	144	171	54013	0.003165904504471146	6.716091142412012	8.072648602576002	0.09460438463364085
fij-x-bible-1974.txt.clean.txt	145	172	53911	0.003190443508745896	6.725891137974408	8.077773099845357	0.09431034845401032
fij-x-bible-1974.txt.clean.txt	146	173	53809	0.0032150755449831814	6.732978319409639	8.084366641969972	0.09437592395257155
fij-x-bible-1974.txt.clean.txt	147	174	53708	0.0032397408207343412	6.739163473535705	8.093747418208846	0.09455667945155743
fij-x-bible-1974.txt.clean.txt	148	175	53607	0.0032644990393045684	6.744564165922239	8.101238299268125	0.09483652191627656
fij-x-bible-1974.txt.clean.txt	149	176	53506	0.0032893507270212686	6.749684629605788	8.109886798644848	0.09514759640107362
fij-x-bible-1974.txt.clean.txt	150	177	53407	0.0033141722995113	6.752740179283517	8.119772285594081	0.09572886061068597
fij-x-bible-1974.txt.clean.txt	151	178	53309	0.0033390234294396817	6.755082637200289	8.134288797274646	0.0963986745141272
fij-x-bible-1974.txt.clean.txt	152	179	53211	0.003363966097235534	6.758897003348497	8.142808039885171	0.09686486085321
fij-x-bible-1974.txt.clean.txt	153	180	53114	0.0033889370034265918	6.764092646464232	8.150494112952721	0.09714024561186052
fij-x-bible-1974.txt.clean.txt	154	181	53019	0.003413870499254984	6.769058003304125	8.158181231497569	0.09744038674683941
fij-x-bible-1974.txt.clean.txt	155	182	52924	0.0034388935076713778	6.771263462824422	8.168533570763943	0.09810220080217624
fij-x-bible-1974.txt.clean.txt	156	182	52829	0.0034450775142440705	6.7674447180455255	8.172940253184873	0.09861083815334315
fij-x-bible-1974.txt.clean.txt	157	183	52736	0.003470115291262136	6.769060521315431	8.184129682107283	0.09934395106698157
fij-x-bible-1974.txt.clean.txt	158	184	52643	0.0034952415325874286	6.770288992304586	8.196111432504253	0.10012185294041309
fij-x-bible-1974.txt.clean.txt	159	185	52551	0.0035203897166562006	6.771175189206462	8.23526129011552	0.1009384898766944
fij-x-bible-1974.txt.clean.txt	160	186	52459	0.003545626108008159	6.77863602573396	8.240460732720997	0.10087634501789944
fij-x-bible-1974.txt.clean.txt	161	186	52368	0.003551787351054079	6.77971458337028	8.238918138793489	0.10073328427818795
fij-x-bible-1974.txt.clean.txt	162	187	52277	0.0035770989153930026	6.78688446831895	8.24448331346348	0.1007049980105329
fij-x-bible-1974.txt.clean.txt	163	188	52186	0.003602498754455218	6.792340484011122	8.250797645933707	0.10089872296587576
fij-x-bible-1974.txt.clean.txt	164	189	52096	0.0036279176904176905	6.797342887987888	8.262573342330167	0.10114718536175082
fij-x-bible-1974.txt.clean.txt	165	190	52007	0.003653354356144365	6.802681892900219	8.268832285835813	0.10134588493159913
fij-x-bible-1974.txt.clean.txt	166	191	51920	0.0036787365177195688	6.804344917649958	8.27966811594459	0.10202456901019719
fij-x-bible-1974.txt.clean.txt	167	191	51833	0.0036849111569849323	6.805141738801377	8.278268213066578	0.10191941181644415
fij-x-bible-1974.txt.clean.txt	168	192	51747	0.003710360020870775	6.80880777847889	8.286972364174071	0.10232808958099282
fij-x-bible-1974.txt.clean.txt	169	193	51661	0.003735893614138325	6.81461848808499	8.293530476041978	0.10244885751279442
fij-x-bible-1974.txt.clean.txt	170	194	51576	0.0037614394291918722	6.824451309937627	8.297445895618605	0.1020355822957485
fij-x-bible-1974.txt.clean.txt	171	195	51492	0.003786996038219529	6.828670875532772	8.30453885453134	0.10235646489669004
fij-x-bible-1974.txt.clean.txt	172	196	51408	0.003812636165577342	6.832168165195465	8.3125423110269	0.1027671040577477
fij-x-bible-1974.txt.clean.txt	173	197	51324	0.003838360221338945	6.836784745248135	8.320319564606766	0.10302568032976833
fij-x-bible-1974.txt.clean.txt	174	198	51240	0.003864168618266979	6.842013651392722	8.326161823398639	0.10319913039779649
fij-x-bible-1974.txt.clean.txt	175	199	51159	0.0038898336558572293	6.842657990320108	8.342652183022194	0.10396826735304676
fij-x-bible-1974.txt.clean.txt	176	200	51079	0.003915503435854265	6.842467691081165	8.360976515617846	0.10484086550000593
fij-x-bible-1974.txt.clean.txt	177	201	50999	0.003941253750073531	6.847497952089306	8.367004124877884	0.10502526600572548
fij-x-bible-1974.txt.clean.txt	178	202	50919	0.003967084978102477	6.85484064744042	8.371934267106058	0.10490319275208926
fij-x-bible-1974.txt.clean.txt	179	203	50839	0.003992997501917819	6.859661496189113	8.378293153640495	0.1051062118738717
fij-x-bible-1974.txt.clean.txt	180	204	50761	0.004018833356316857	6.860315413303317	8.38973622169875	0.10584787631957582
fij-x-bible-1974.txt.clean.txt	181	205	50683	0.004044748732316556	6.862742929593812	8.398489056580484	0.1063531852845393
fij-x-bible-1974.txt.clean.txt	182	206	50607	0.004070583120912127	6.865275677827707	8.409027870376315	0.1068398872089138
fij-x-bible-1974.txt.clean.txt	183	207	50533	0.004096333089268399	6.869453901174065	8.415535338417008	0.10710787720540982
fij-x-bible-1974.txt.clean.txt	184	208	50460	0.004122076892588189	6.871116564396074	8.428293628410824	0.10769815544315686
fij-x-bible-1974.txt.clean.txt	185	209	50388	0.004147812971342383	6.878565399468766	8.432815207977216	0.10753277723395172
fij-x-bible-1974.txt.clean.txt	186	210	50316	0.004173622704507512	6.878993814436788	8.446948327153775	0.10827393311718614
fij-x-bible-1974.txt.clean.txt	187	211	50244	0.00419950640872542	6.885168297749441	8.451835747344166	0.10826578839711964
fij-x-bible-1974.txt.clean.txt	188	212	50172	0.004225464402455553	6.889303768752258	8.458837885427393	0.10851776887995168
fij-x-bible-1974.txt.clean.txt	189	213	50101	0.004251412147462126	6.897558433473483	8.46312382353125	0.1082330465985758
fij-x-bible-1974.txt.clean.txt	190	214	50030	0.004277433539876074	6.904614139582076	8.467703875782592	0.10810003430733561
fij-x-bible-1974.txt.clean.txt	191	215	49960	0.004303442754203362	6.908546062695177	8.47385426655905	0.10836678993331617
fij-x-bible-1974.txt.clean.txt	192	215	49890	0.004309480857887352	6.906087214425096	8.475692272906295	0.1086841346765115
fij-x-bible-1974.txt.clean.txt	193	216	49820	0.004335608189482136	6.910953428301911	8.482848448278212	0.10882608853140874
fij-x-bible-1974.txt.clean.txt	194	217	49751	0.004361721372434725	6.91071846202601	8.49755960596613	0.10962148479570144
fij-x-bible-1974.txt.clean.txt	195	217	49682	0.0043677790749164684	6.905490696954456	8.516686193056177	0.11029503121896023
fij-x-bible-1974.txt.clean.txt	196	218	49614	0.004393921070665538	6.913907623120012	8.520572273708868	0.10997121926318942
fij-x-bible-1974.txt.clean.txt	197	219	49546	0.00442013482420377	6.915758516074073	8.528764364733792	0.11048901236031627
fij-x-bible-1974.txt.clean.txt	198	220	49480	0.00444624090541633	6.919324571185831	8.535977132743842	0.11078207075307667
fij-x-bible-1974.txt.clean.txt	199	221	49414	0.0044724167240053425	6.929506465264154	8.539527275594505	0.11022173012323289
fij-x-bible-1974.txt.clean.txt	200	222	49349	0.004498571399623092	6.931761116198397	8.54812612435413	0.11067599739910516
fij-x-bible-1974.txt.clean.txt	201	223	49284	0.004524795065335606	6.9342640443170716	8.555715568256991	0.11109434382206174
fij-x-bible-1974.txt.clean.txt	202	224	49220	0.004550995530272247	6.934236738531617	8.569840133848128	0.11183277720079354
fij-x-bible-1974.txt.clean.txt	203	225	49156	0.004577264220034177	6.933839379338798	8.583407328978806	0.11261408405796225
fij-x-bible-1974.txt.clean.txt	204	226	49093	0.0046035076283787914	6.936075961651422	8.59111792578069	0.11305406244702088
fij-x-bible-1974.txt.clean.txt	205	227	49031	0.004629724052130285	6.935832124427897	8.606073391724493	0.11380704589122548
fij-x-bible-1974.txt.clean.txt	206	228	48970	0.004655911782724117	6.93737253983453	8.614611878459424	0.11432784996480061
fij-x-bible-1974.txt.clean.txt	207	229	48910	0.004682069106522184	6.938300467027367	8.623930105040227	0.11492280918089015
fij-x-bible-1974.txt.clean.txt	208	230	48851	0.004708194305131932	6.940328021742473	8.633278366405484	0.11537354879354489
fij-x-bible-1974.txt.clean.txt	209	231	48792	0.004734382685686178	6.944170032110497	8.638816158604227	0.11558940619705271
fij-x-bible-1974.txt.clean.txt	210	232	48734	0.004760536791562359	6.945996865182704	8.649393746171988	0.1160583272612079
fij-x-bible-1974.txt.clean.txt	211	233	48676	0.004786753225408826	6.9497506599155	8.655102036567769	0.11627846390187135
fij-x-bible-1974.txt.clean.txt	212	234	48618	0.004813032210292484	6.955553602983066	8.66311331080457	0.11623490768147804
fij-x-bible-1974.txt.clean.txt	213	235	48561	0.0048392743147793495	6.9605260971654825	8.669864352388453	0.11629389685995484
fij-x-bible-1974.txt.clean.txt	214	236	48505	0.004865477785795279	6.965854196389215	8.674389359125428	0.11630475301641963
fij-x-bible-1974.txt.clean.txt	215	237	48449	0.004891741831616752	6.9688259304972595	8.680537884082783	0.11661139035415746
fij-x-bible-1974.txt.clean.txt	216	238	48394	0.0049179650369880566	6.973285514277322	8.68561299177647	0.11672622176455383
fij-x-bible-1974.txt.clean.txt	217	239	48340	0.004944145635084816	6.978654791014035	8.694040472329952	0.11672289121937574
fij-x-bible-1974.txt.clean.txt	218	240	48286	0.004970384790622541	6.97834224053106	8.708008135837478	0.1174353361602315
fij-x-bible-1974.txt.clean.txt	219	241	48232	0.00499668270028197	6.977343254986309	8.722313818568718	0.11823065399893329
fij-x-bible-1974.txt.clean.txt	220	242	48179	0.00502293530376305	6.980376609022052	8.728558827069417	0.11851279661391623
fij-x-bible-1974.txt.clean.txt	221	243	48126	0.005049245729958858	6.9847952995168505	8.73531179399907	0.11861696458575188
fij-x-bible-1974.txt.clean.txt	222	244	48074	0.005075508590922328	6.989257221068261	8.740115549688992	0.11871281022452096
fij-x-bible-1974.txt.clean.txt	223	245	48023	0.005101722091497824	6.990422229084686	8.752188614612631	0.11922122656848821
fij-x-bible-1974.txt.clean.txt	224	246	47972	0.005127991328274827	6.9962958285232935	8.756421792511325	0.1191333898326361
fij-x-bible-1974.txt.clean.txt	225	247	47921	0.0051543164792053585	6.996636337405537	8.766354837589429	0.11973916987594857
fij-x-bible-1974.txt.clean.txt	226	248	47870	0.005180697722999791	7.0003891789659285	8.771436023572322	0.11991244548181834
fij-x-bible-1974.txt.clean.txt	227	249	47819	0.0052071352391308895	7.001598186617694	8.77978921718471	0.12040245135988104
fij-x-bible-1974.txt.clean.txt	228	250	47769	0.005233519646632753	7.00143425555517	8.79093142674912	0.12106152949229976
fij-x-bible-1974.txt.clean.txt	229	251	47719	0.005259959345334144	7.005523170239522	8.795783436928986	0.1211836048029219
fij-x-bible-1974.txt.clean.txt	230	252	47670	0.0052863436123348016	7.0094812651416305	8.80173590695745	0.12131938049551083
fij-x-bible-1974.txt.clean.txt	231	253	47622	0.005312670614421906	7.009640543787063	8.811345328859884	0.12192832448127333
fij-x-bible-1974.txt.clean.txt	232	254	47574	0.0053390507420019336	7.012483259262551	8.817279090906908	0.12219801704353539
fij-x-bible-1974.txt.clean.txt	233	255	47526	0.0053654841560409035	7.0151501583366915	8.823276175954165	0.12248686354138916
fij-x-bible-1974.txt.clean.txt	234	256	47479	0.0053918574527685925	7.017231103904437	8.830265033205585	0.1228461120119454
fij-x-bible-1974.txt.clean.txt	235	257	47432	0.005418283015685613	7.018786557900594	8.83774412021264	0.12326808298706116
fij-x-bible-1974.txt.clean.txt	236	258	47385	0.005444761000316556	7.020623502665914	8.845082288389317	0.1236519351122819
fij-x-bible-1974.txt.clean.txt	237	259	47338	0.005471291562803667	7.021871342292031	8.853374090638562	0.12410636623588722
fij-x-bible-1974.txt.clean.txt	238	260	47291	0.005497874859909919	7.023701600043513	8.860026128365636	0.12448521886058272
fij-x-bible-1974.txt.clean.txt	239	261	47244	0.005524511049022098	7.0256470737794565	8.866222154687978	0.12484686831393732
fij-x-bible-1974.txt.clean.txt	240	262	47197	0.005551200288153908	7.02646862548117	8.874381065811239	0.1253456186564018
fij-x-bible-1974.txt.clean.txt	241	263	47151	0.00557782443638523	7.0297607681499725	8.87927559515259	0.12553407025080243
fij-x-bible-1974.txt.clean.txt	242	264	47105	0.005604500583802144	7.0320676610182105	8.885166861940633	0.12584247406577553
fij-x-bible-1974.txt.clean.txt	243	264	47059	0.005609978962578891	7.030386256305222	8.88607678730509	0.12605148977137626
fij-x-bible-1974.txt.clean.txt	244	265	47014	0.0056366188794827075	7.034261111287865	8.890580671013531	0.12616230379042537
fij-x-bible-1974.txt.clean.txt	245	266	46969	0.005663309842662181	7.036351019005369	8.8968071115682	0.12649232657630882
fij-x-bible-1974.txt.clean.txt	246	267	46924	0.005690051998977069	7.037975171867941	8.904451536455909	0.1268774766455557
fij-x-bible-1974.txt.clean.txt	247	268	46880	0.005716723549488055	7.0408280865114	8.910117189904259	0.12710758333285743
fij-x-bible-1974.txt.clean.txt	248	269	46837	0.0057433225868437346	7.04203511285456	8.917499368869315	0.12753912531111578
fij-x-bible-1974.txt.clean.txt	249	270	46794	0.0057699705090396205	7.043290547574294	8.927628574729018	0.12796194701460295
fij-x-bible-1974.txt.clean.txt	250	271	46751	0.0057966674509636155	7.041950156639308	8.941148614713029	0.12870325446761566
fij-x-bible-1974.txt.clean.txt	251	272	46709	0.0058232888736646045	7.041464655969953	8.959740879003059	0.12933576398586233
fij-x-bible-1974.txt.clean.txt	252	273	46667	0.005849958214584182	7.045852038706205	8.964129551831377	0.12936321750224322
fij-x-bible-1974.txt.clean.txt	253	274	46625	0.005876675603217158	7.0491658961123	8.96871896251727	0.1295211202058829
fij-x-bible-1974.txt.clean.txt	254	275	46583	0.005903441169525363	7.050782550786414	8.974916939651106	0.12988619959086267
fij-x-bible-1974.txt.clean.txt	255	276	46541	0.005930255043939752	7.053409627903529	8.980248582902394	0.1301241470626182
fij-x-bible-1974.txt.clean.txt	256	277	46499	0.005957117357362524	7.051914904248234	8.99639764596116	0.13086775991527333
fij-x-bible-1974.txt.clean.txt	257	278	46458	0.005983899436049766	7.0573699286440705	9.000150227096093	0.13075241396269077
fij-x-bible-1974.txt.clean.txt	258	279	46417	0.006010728827800159	7.059508511411655	9.006603596148393	0.13104343959849474
fij-x-bible-1974.txt.clean.txt	259	280	46376	0.006037605658099017	7.059503036929574	9.018919571618119	0.1315958587965883
fij-x-bible-1974.txt.clean.txt	260	281	46336	0.006064399171270718	7.061741526087651	9.024227787785353	0.13186975355185737
fij-x-bible-1974.txt.clean.txt	261	282	46296	0.0060912389839294975	7.065802919963656	9.02857933919341	0.13191739764854427
fij-x-bible-1974.txt.clean.txt	262	283	46256	0.00611812521618817	7.0702702719486235	9.032516157604782	0.13191320480866442
fij-x-bible-1974.txt.clean.txt	263	284	46216	0.006145057988575385	7.074991356673403	9.036239785975814	0.13187596462460538
fij-x-bible-1974.txt.clean.txt	264	285	46176	0.006172037422037422	7.077579518614862	9.041013587485534	0.13209842034875974
fij-x-bible-1974.txt.clean.txt	265	286	46136	0.006199063637940003	7.079100431761709	9.047445328821105	0.13244950323486115
fij-x-bible-1974.txt.clean.txt	266	287	46096	0.006226136758070115	7.083544531175713	9.051082606746812	0.13244025990878594
fij-x-bible-1974.txt.clean.txt	267	288	46056	0.006253256904637832	7.08568623535216	9.057412703494386	0.1327109815449642
fij-x-bible-1974.txt.clean.txt	268	289	46017	0.006280287719755743	7.082305232873883	9.091753043245186	0.1336550926653277
fij-x-bible-1974.txt.clean.txt	269	290	45978	0.0063073643916655795	7.084904638777775	9.09633417502347	0.13386511258099565
fij-x-bible-1974.txt.clean.txt	270	291	45939	0.00633448703715797	7.083616477528702	9.119056195421502	0.13454803149002847
fij-x-bible-1974.txt.clean.txt	271	292	45900	0.0063616557734204795	7.083890308219676	9.128369901034063	0.13503759973236618
fij-x-bible-1974.txt.clean.txt	272	293	45861	0.006388870718039293	7.0886600595677765	9.131978735885536	0.13497615786581563
fij-x-bible-1974.txt.clean.txt	273	294	45822	0.006416131989000917	7.089310592474661	9.138650716595105	0.1354153807207844
fij-x-bible-1974.txt.clean.txt	274	295	45784	0.006443298969072165	7.092366710835959	9.142765564311267	0.1355591186740842
fij-x-bible-1974.txt.clean.txt	275	296	45746	0.006470511082936213	7.093632508512151	9.148557285214178	0.13591902011265178
fij-x-bible-1974.txt.clean.txt	276	297	45708	0.006497768443160934	7.093482033451222	9.157489943158572	0.13644917745054452
fij-x-bible-1974.txt.clean.txt	277	298	45670	0.006525071162688855	7.0939160650326345	9.164954322465249	0.1369058746791889
fij-x-bible-1974.txt.clean.txt	278	299	45632	0.00655241935483871	7.095565710439821	9.170693421144236	0.13721251629831577
fij-x-bible-1974.txt.clean.txt	279	300	45594	0.006579813133307014	7.096343974059007	9.177871934376432	0.13762300021810658
fij-x-bible-1974.txt.clean.txt	280	301	45556	0.006607252612169637	7.0971348764207605	9.185197102652191	0.13802979065778254
fij-x-bible-1974.txt.clean.txt	281	302	45519	0.006634592148333663	7.098785002871491	9.191107612072987	0.13833014673505217
fij-x-bible-1974.txt.clean.txt	282	303	45482	0.006661976166395497	7.100651080677867	9.205955319403689	0.13860230356483694
fij-x-bible-1974.txt.clean.txt	283	304	45445	0.006689404775002751	7.104088861934755	9.20953520438906	0.13868194763405084
fij-x-bible-1974.txt.clean.txt	284	305	45408	0.006716878083157153	7.104655172270875	9.216052598735839	0.1391078154780503
fij-x-bible-1974.txt.clean.txt	285	306	45371	0.006744396200215997	7.10453163081957	9.225068370413053	0.13961512209860627
fij-x-bible-1974.txt.clean.txt	286	307	45335	0.00677180985993162	7.105776681237328	9.230826072427023	0.13995459817080347
fij-x-bible-1974.txt.clean.txt	287	307	45299	0.006777191549482329	7.10428271139288	9.23158540516046	0.14013542033181825
fij-x-bible-1974.txt.clean.txt	288	308	45263	0.006804674900028721	7.106537202451261	9.23582403334372	0.1403507073192325
fij-x-bible-1974.txt.clean.txt	289	309	45227	0.00683220200322816	7.1092491636851225	9.239733376819634	0.14050886285756703
fij-x-bible-1974.txt.clean.txt	290	310	45191	0.0068597729636432035	7.112052276215946	9.243679219409916	0.14065425699938106
fij-x-bible-1974.txt.clean.txt	291	311	45155	0.00688738788616986	7.113665955688327	9.248783896363458	0.14094156774054367
fij-x-bible-1974.txt.clean.txt	292	312	45120	0.006914893617021276	7.116187834339922	9.25282709520174	0.14111739582908067
fij-x-bible-1974.txt.clean.txt	293	313	45085	0.006942442053898192	7.117641783267522	9.263647351473399	0.1414203134289479
fij-x-bible-1974.txt.clean.txt	294	314	45050	0.006970033296337403	7.123309748947401	9.2667833471234	0.14121332793916397
fij-x-bible-1974.txt.clean.txt	295	315	45015	0.006997667444185272	7.126758561134965	9.27533917520068	0.14127245089588047
fij-x-bible-1974.txt.clean.txt	296	316	44980	0.007025344597598933	7.1264998141709786	9.283234757709529	0.14177649551555993
fij-x-bible-1974.txt.clean.txt	297	317	44945	0.007053064857047503	7.127097878808023	9.292826572964335	0.14217536706750933
fij-x-bible-1974.txt.clean.txt	298	318	44910	0.007080828323313294	7.125504418614173	9.306673562014048	0.14283595030234197
fij-x-bible-1974.txt.clean.txt	299	319	44876	0.007108476691327212	7.127302505428436	9.311393615179723	0.14308657795416624
fij-x-bible-1974.txt.clean.txt	300	320	44842	0.0071361669863074795	7.129324223304389	9.315521657640039	0.14330860084163166
fij-x-bible-1974.txt.clean.txt	301	321	44808	0.007163899303695769	7.129167626391346	9.334306027354796	0.14379054822750237
fij-x-bible-1974.txt.clean.txt	302	322	44774	0.007191673739223656	7.130107864044886	9.339825437218689	0.14413887830573202
fij-x-bible-1974.txt.clean.txt	303	323	44740	0.0072194903889137236	7.131073785631409	9.34786235860853	0.144482323900323
fij-x-bible-1974.txt.clean.txt	304	324	44706	0.00724734934908066	7.131837338086614	9.353539608656202	0.14484824839537613
fij-x-bible-1974.txt.clean.txt	305	325	44672	0.007275250716332378	7.131236626249418	9.362675645682891	0.14537587054117163
fij-x-bible-1974.txt.clean.txt	306	326	44638	0.007303194587571128	7.133347511729973	9.366471878059059	0.14557674175618696
fij-x-bible-1974.txt.clean.txt	307	327	44604	0.0073311810599946195	7.136792221889882	9.374123069889247	0.1456163322659747
fij-x-bible-1974.txt.clean.txt	308	328	44570	0.007359210231097151	7.138742248805164	9.377984120015768	0.14583334391930192
fij-x-bible-1974.txt.clean.txt	309	329	44537	0.00738711633024227	7.138651873202159	9.393200010114102	0.14629276800155322
fij-x-bible-1974.txt.clean.txt	310	330	44504	0.0074150638144885855	7.138062630744911	9.403453453203316	0.14680997839283272
fij-x-bible-1974.txt.clean.txt	311	331	44471	0.00744305277596636	7.141277276887247	9.40683610462185	0.14687086856453258
fij-x-bible-1974.txt.clean.txt	312	332	44438	0.007471083307079527	7.146332486682339	9.40986161039281	0.14671058622908217
fij-x-bible-1974.txt.clean.txt	313	333	44405	0.0074991555005067	7.147093325896513	9.415018201422754	0.14706163001509776
fij-x-bible-1974.txt.clean.txt	314	334	44372	0.007527269449202199	7.144233748575011	9.440869256374445	0.1478428270677078
fij-x-bible-1974.txt.clean.txt	315	335	44340	0.007555254848894903	7.144568062313678	9.446995259491104	0.14824113741442946
fij-x-bible-1974.txt.clean.txt	316	336	44308	0.0075832806716620025	7.147625219428402	9.450363819375198	0.14831328948211187
fij-x-bible-1974.txt.clean.txt	317	337	44276	0.007611347005149516	7.149413398572073	9.456988097700306	0.14853520144296206
fij-x-bible-1974.txt.clean.txt	318	338	44244	0.007639453937257029	7.150833155126018	9.461166451093604	0.1487994549424666
fij-x-bible-1974.txt.clean.txt	319	339	44212	0.007667601556138605	7.153898442598245	9.464053976977244	0.1488663844654915
fij-x-bible-1974.txt.clean.txt	320	340	44181	0.007695615762431815	7.155277596529528	9.468269919433173	0.14913248166628446
fij-x-bible-1974.txt.clean.txt	321	341	44150	0.007723669309173273	7.156038068403442	9.473577067470291	0.1494705816836125
fij-x-bible-1974.txt.clean.txt	322	342	44119	0.007751762279290102	7.157318221783127	9.478738665011534	0.14974535261501387
fij-x-bible-1974.txt.clean.txt	323	343	44088	0.00777989475594266	7.157690830153718	9.485447475792526	0.15012636106735344
fij-x-bible-1974.txt.clean.txt	324	344	44058	0.0078078896000726315	7.157529037877557	9.49459817198152	0.15056917314597185
fij-x-bible-1974.txt.clean.txt	325	345	44028	0.007835922594712455	7.155632452427827	9.509953599537432	0.1512160932553792
fij-x-bible-1974.txt.clean.txt	326	346	43998	0.007863993817900814	7.156544459879491	9.515905667794515	0.15152816855276352
fij-x-bible-1974.txt.clean.txt	327	347	43968	0.007892103347889375	7.158017761653488	9.523228096403802	0.1517722102048843
fij-x-bible-1974.txt.clean.txt	328	348	43938	0.00792025126314352	7.1614391279077525	9.525856191722696	0.15178407489888723
fij-x-bible-1974.txt.clean.txt	329	349	43908	0.00794843764234308	7.164284431930684	9.528719772516915	0.15186292829443115
fij-x-bible-1974.txt.clean.txt	330	350	43878	0.007976662564383062	7.1662801123961515	9.532258937904112	0.15204104860629708
fij-x-bible-1974.txt.clean.txt	331	351	43848	0.008004926108374385	7.164924562788887	9.546183000007293	0.15261415955811986
fij-x-bible-1974.txt.clean.txt	332	352	43818	0.00803322835364462	7.163248205409981	9.558935296267148	0.15322346366293027
fij-x-bible-1974.txt.clean.txt	333	353	43789	0.00806138527940807	7.1651405068850185	9.56242565723463	0.15340936105608838
fij-x-bible-1974.txt.clean.txt	334	354	43760	0.008089579524680073	7.166534221637313	9.566301063565799	0.15365280311538965
fij-x-bible-1974.txt.clean.txt	335	355	43731	0.00811781116370538	7.167345456004756	9.570861218535196	0.15396361703898154
fij-x-bible-1974.txt.clean.txt	336	356	43702	0.008146080270925816	7.1672597974856584	9.577254697596821	0.1543788091187701
fij-x-bible-1974.txt.clean.txt	337	357	43673	0.008174386920980926	7.167423116059414	9.583149953110468	0.1547631078999362
fij-x-bible-1974.txt.clean.txt	338	358	43644	0.008202731188708642	7.167533540413565	9.589689784722253	0.15515214750162198
fij-x-bible-1974.txt.clean.txt	339	359	43615	0.008231113149145937	7.170054630204058	9.592588659018547	0.1552556832324563
fij-x-bible-1974.txt.clean.txt	340	360	43586	0.008259532877529481	7.172024519606587	9.59578971340224	0.15542291673575226
fij-x-bible-1974.txt.clean.txt	341	361	43558	0.008287800174480003	7.173908244411155	9.599161169623809	0.1555990277956012
fij-x-bible-1974.txt.clean.txt	342	362	43530	0.008316103836434642	7.176730777502737	9.602179356372147	0.1556634234499641
fij-x-bible-1974.txt.clean.txt	343	363	43502	0.008344443933612248	7.179377134174194	9.605324574835315	0.15574738295774548
fij-x-bible-1974.txt.clean.txt	344	364	43474	0.008372820536412568	7.1838285264881865	9.607666747238541	0.1556180149735712
fij-x-bible-1974.txt.clean.txt	345	365	43447	0.00840104034801022	7.184753679018186	9.617925875580008	0.1559019662257045
fij-x-bible-1974.txt.clean.txt	346	365	43420	0.008406264394288347	7.183166672803624	9.619150792882571	0.15608841504290083
fij-x-bible-1974.txt.clean.txt	347	366	43393	0.008434540133201208	7.184823617756873	9.624252085612305	0.15628500837288184
fij-x-bible-1974.txt.clean.txt	348	367	43366	0.008462851081492414	7.18721206676307	9.627317626643263	0.15639449226901914
fij-x-bible-1974.txt.clean.txt	349	368	43339	0.008491197304967812	7.187563534596215	9.63440476593862	0.15674179742559502
fij-x-bible-1974.txt.clean.txt	350	369	43312	0.00851957886959734	7.186330372191347	9.64470997581079	0.1572735561662505
