file	merge	types	tokens	TTR	H	Hcross	R
ind-x-bible-suciinjil.txt.clean.txt	0	43	140415	0.0003062350888437845	4.512688074611509	7.114405685850161	0.16836198036576355
ind-x-bible-suciinjil.txt.clean.txt	1	44	136220	0.0003230069006019674	4.63565265900138	7.05079614501084	0.15089097495492343
ind-x-bible-suciinjil.txt.clean.txt	2	45	133087	0.00033812468535619555	4.691788519764763	7.052054317105575	0.14568207898707497
ind-x-bible-suciinjil.txt.clean.txt	3	46	130119	0.00035352254474750036	4.760092257774791	7.015591743207326	0.13822053673988732
ind-x-bible-suciinjil.txt.clean.txt	4	47	127645	0.00036820870382702023	4.80797529497514	6.993384877624809	0.13441382911302246
ind-x-bible-suciinjil.txt.clean.txt	5	48	125550	0.0003823178016726404	4.803896612435066	7.057727703766314	0.13985159044223394
ind-x-bible-suciinjil.txt.clean.txt	6	49	123514	0.000396716161730654	4.866383869469362	7.035828038818163	0.13327954523423302
ind-x-bible-suciinjil.txt.clean.txt	7	50	121798	0.00041051577201596084	4.931909339747465	7.012117329338472	0.126145462621307
ind-x-bible-suciinjil.txt.clean.txt	8	51	120238	0.0004241587518089123	4.983038216825476	6.998297122970964	0.12153304514121943
ind-x-bible-suciinjil.txt.clean.txt	9	52	118772	0.0004378136261071633	5.044838329980056	6.978683322990722	0.11500891520256729
ind-x-bible-suciinjil.txt.clean.txt	10	53	117395	0.0004514672686230248	5.079510472774823	6.974175167720867	0.11320163869800504
ind-x-bible-suciinjil.txt.clean.txt	11	54	116118	0.0004650441791970237	5.118229610009419	6.966032309086666	0.11062907692195656
ind-x-bible-suciinjil.txt.clean.txt	12	55	114861	0.00047883964095733105	5.156853371965338	6.958286842538437	0.10802066858050341
ind-x-bible-suciinjil.txt.clean.txt	13	56	113654	0.0004927235293082513	5.187352067369236	6.9588924730556	0.1067616605166426
ind-x-bible-suciinjil.txt.clean.txt	14	57	112476	0.0005067747786194388	5.216540309803266	6.957497946091457	0.10566797982898968
ind-x-bible-suciinjil.txt.clean.txt	15	58	111364	0.0005208146259114256	5.2638069035245385	6.947814925439276	0.10142984282421585
ind-x-bible-suciinjil.txt.clean.txt	16	59	110300	0.0005349048050770625	5.2903191299952015	6.949109072802304	0.10069010041853488
ind-x-bible-suciinjil.txt.clean.txt	17	60	109339	0.0005487520463878396	5.3311788438835475	6.945847186507141	0.09746443452888476
ind-x-bible-suciinjil.txt.clean.txt	18	61	108389	0.0005627877367629557	5.338045105474535	6.971293261965052	0.09993567382161395
ind-x-bible-suciinjil.txt.clean.txt	19	62	107468	0.0005769159191573305	5.374889382734621	6.967803107950138	0.09729389114055143
ind-x-bible-suciinjil.txt.clean.txt	20	63	106555	0.0005912439585190746	5.389416637925062	6.983267718438204	0.09834963279260966
ind-x-bible-suciinjil.txt.clean.txt	21	64	105646	0.0006057967173390379	5.420854779279049	6.982074371109793	0.09652420345349189
ind-x-bible-suciinjil.txt.clean.txt	22	65	104745	0.0006205546804143396	5.431409015682561	6.998007613057847	0.09812731730988689
ind-x-bible-suciinjil.txt.clean.txt	23	66	103851	0.0006355258976803305	5.465507907031273	6.999436065179881	0.095772413395939
ind-x-bible-suciinjil.txt.clean.txt	24	67	102962	0.0006507255103824712	5.479277352683631	7.010637052488233	0.09673643419177247
ind-x-bible-suciinjil.txt.clean.txt	25	68	102076	0.0006661703044790157	5.517693846115123	7.007235454949524	0.09359712083567928
ind-x-bible-suciinjil.txt.clean.txt	26	69	101214	0.0006817238721915941	5.563975852561321	6.999910701761588	0.08914568617509644
ind-x-bible-suciinjil.txt.clean.txt	27	70	100376	0.0006973778592492229	5.573283703872428	7.023490786596331	0.09071196607097887
ind-x-bible-suciinjil.txt.clean.txt	28	71	99555	0.000713173622620662	5.611145135484646	7.019503580733363	0.08758115960765167
ind-x-bible-suciinjil.txt.clean.txt	29	72	98751	0.0007291065406932588	5.654014540036595	7.013690334300671	0.08361697448269068
ind-x-bible-suciinjil.txt.clean.txt	30	73	97996	0.0007449283644230377	5.686456611287042	7.012465230623827	0.08132184406920484
ind-x-bible-suciinjil.txt.clean.txt	31	74	97248	0.0007609410990457387	5.713356294598286	7.014249483718548	0.07989383957317386
ind-x-bible-suciinjil.txt.clean.txt	32	75	96518	0.0007770571292401418	5.711079919083232	7.053055673568298	0.08311989755017746
ind-x-bible-suciinjil.txt.clean.txt	33	76	95812	0.0007932200559428882	5.735541324164494	7.05614832006925	0.08200898428744519
ind-x-bible-suciinjil.txt.clean.txt	34	77	95125	0.00080946123521682	5.753753615004887	7.065757371485582	0.08186539023764583
ind-x-bible-suciinjil.txt.clean.txt	35	78	94447	0.0008258600061410103	5.776262681968416	7.069225396769199	0.08100349335893331
ind-x-bible-suciinjil.txt.clean.txt	36	79	93787	0.0008423342254256986	5.779998953580283	7.116458693912026	0.08309010346660373
ind-x-bible-suciinjil.txt.clean.txt	37	80	93128	0.0008590327291469804	5.768509392150632	7.247100495475298	0.087539544017321
ind-x-bible-suciinjil.txt.clean.txt	38	81	92469	0.0008759692437465529	5.78957871147078	7.248832185670226	0.08679563257229617
ind-x-bible-suciinjil.txt.clean.txt	39	82	91842	0.0008928376995274493	5.800302030510634	7.259671169180443	0.0876516580128116
ind-x-bible-suciinjil.txt.clean.txt	40	83	91222	0.0009098682335401548	5.8372574994268325	7.254766559043219	0.08435742832832471
ind-x-bible-suciinjil.txt.clean.txt	41	84	90607	0.0009270806891299789	5.859374964456816	7.256565622550145	0.08337233949347178
ind-x-bible-suciinjil.txt.clean.txt	42	85	89994	0.0009445074116052181	5.886556524028813	7.2576855726927745	0.08157318180749773
ind-x-bible-suciinjil.txt.clean.txt	43	86	89413	0.0009618288168387147	5.90272212625763	7.275969729381595	0.0814691968707626
ind-x-bible-suciinjil.txt.clean.txt	44	87	88855	0.0009791232907546002	5.925344033180053	7.27742993597714	0.08033586869140952
ind-x-bible-suciinjil.txt.clean.txt	45	88	88299	0.0009966137781854834	5.949968782061093	7.2811105026171665	0.07887115564568536
ind-x-bible-suciinjil.txt.clean.txt	46	89	87743	0.0010143259291339481	5.967397017766356	7.292762551073011	0.07849866252511584
ind-x-bible-suciinjil.txt.clean.txt	47	90	87218	0.0010318970854640097	6.000408838859881	7.290110028135045	0.07570169105453772
ind-x-bible-suciinjil.txt.clean.txt	48	91	86711	0.0010494631592300862	6.024113834411767	7.291056183642561	0.07432330497942108
ind-x-bible-suciinjil.txt.clean.txt	49	92	86209	0.0010671739609553527	6.052906425955993	7.290304975510862	0.07214701619627051
ind-x-bible-suciinjil.txt.clean.txt	50	93	85717	0.0010849656427546462	6.076687122332003	7.292344875136361	0.07072342209986249
ind-x-bible-suciinjil.txt.clean.txt	51	94	85237	0.0011028074662411864	6.09374954018705	7.297934024980387	0.07030788992548886
ind-x-bible-suciinjil.txt.clean.txt	52	95	84765	0.0011207455907508996	6.1125937344476275	7.308596714746884	0.06959998836252757
ind-x-bible-suciinjil.txt.clean.txt	53	96	84307	0.0011386954819884469	6.141657592652215	7.307889683535484	0.06732079461658169
ind-x-bible-suciinjil.txt.clean.txt	54	97	83858	0.0011567173078299029	6.154287737340743	7.319551906905457	0.06751984692857094
ind-x-bible-suciinjil.txt.clean.txt	55	98	83429	0.0011746515000779106	6.17039643685573	7.3254261782780095	0.06717050599804664
ind-x-bible-suciinjil.txt.clean.txt	56	99	83004	0.0011927136041636548	6.181165027587925	7.335486153099939	0.0676071024953101
ind-x-bible-suciinjil.txt.clean.txt	57	100	82597	0.0012106977250989745	6.204446641285365	7.33759307193649	0.06613772723823186
ind-x-bible-suciinjil.txt.clean.txt	58	101	82209	0.0012285759466725053	6.22487242552847	7.34112231371261	0.06508340240406851
ind-x-bible-suciinjil.txt.clean.txt	59	102	81825	0.0012465627864344639	6.246932270553176	7.3451994716285	0.0637688770741045
ind-x-bible-suciinjil.txt.clean.txt	60	103	81442	0.0012647037155276146	6.2714231831613825	7.347277006788353	0.06207691786374436
ind-x-bible-suciinjil.txt.clean.txt	61	104	81065	0.0012829211126873497	6.294038490195455	7.349705780982267	0.06065291906818093
ind-x-bible-suciinjil.txt.clean.txt	62	105	80691	0.0013012603636093246	6.31521068694577	7.3526377258506095	0.05943107526682423
ind-x-bible-suciinjil.txt.clean.txt	63	106	80321	0.0013197046849516315	6.32065167106863	7.369063290369695	0.06053412584840234
ind-x-bible-suciinjil.txt.clean.txt	64	107	79954	0.0013382695049653551	6.344757076327425	7.370701303894935	0.05884622899940961
ind-x-bible-suciinjil.txt.clean.txt	65	108	79594	0.0013568861974520693	6.364617266643114	7.373979662907656	0.057775978562982444
ind-x-bible-suciinjil.txt.clean.txt	66	109	79243	0.001375515818431912	6.387158485756826	7.376272662052466	0.05629661083922355
ind-x-bible-suciinjil.txt.clean.txt	67	110	78924	0.0013937458821144393	6.405236126923513	7.381154903562905	0.055464332005720096
ind-x-bible-suciinjil.txt.clean.txt	68	111	78614	0.0014119622459103976	6.413665497239862	7.393333041773799	0.05603872011955313
ind-x-bible-suciinjil.txt.clean.txt	69	112	78306	0.0014302863126708042	6.4343227842035	7.3976085427279745	0.05479839704631562
ind-x-bible-suciinjil.txt.clean.txt	70	113	78012	0.0014484951033174383	6.449644808587922	7.403980174331284	0.0543290954488459
ind-x-bible-suciinjil.txt.clean.txt	71	114	77724	0.0014667284236529257	6.463866901907184	7.411170436754881	0.05400688603102988
ind-x-bible-suciinjil.txt.clean.txt	72	115	77442	0.0014849823093411843	6.47321817069537	7.42348444316005	0.05438206431950743
ind-x-bible-suciinjil.txt.clean.txt	73	116	77168	0.0015032137673647108	6.489472564799557	7.4300068149873475	0.05373424490237455
ind-x-bible-suciinjil.txt.clean.txt	74	117	76896	0.0015215355805243446	6.491765493332327	7.4663570690307015	0.05510613216382998
ind-x-bible-suciinjil.txt.clean.txt	75	118	76625	0.0015399673735725938	6.511138966509178	7.470825989313176	0.05397695045177575
ind-x-bible-suciinjil.txt.clean.txt	76	119	76356	0.0015584891822515584	6.509617254912813	7.511349271205877	0.05586812032147492
ind-x-bible-suciinjil.txt.clean.txt	77	120	76088	0.0015771212280517295	6.518472360830292	7.523175532856976	0.05623633810345685
ind-x-bible-suciinjil.txt.clean.txt	78	121	75821	0.0015958639427071655	6.530871967250613	7.530843743823114	0.05607731454116949
ind-x-bible-suciinjil.txt.clean.txt	79	122	75554	0.001614739126982026	6.543848847547013	7.537092857975067	0.05582212557948685
ind-x-bible-suciinjil.txt.clean.txt	80	123	75292	0.0016336396961164532	6.5620083369818545	7.541331679717706	0.054808120035579555
ind-x-bible-suciinjil.txt.clean.txt	81	124	75034	0.0016525841618466295	6.574810491640097	7.54776763064243	0.05455494809373196
ind-x-bible-suciinjil.txt.clean.txt	82	125	74780	0.0016715699384862264	6.581005123621119	7.570093623382207	0.055238454898497324
ind-x-bible-suciinjil.txt.clean.txt	83	126	74531	0.001690571708416632	6.592738588392445	7.576879325724557	0.05511335926373151
ind-x-bible-suciinjil.txt.clean.txt	84	127	74285	0.001709631823382917	6.603573255439853	7.584730235214738	0.05510499451509554
ind-x-bible-suciinjil.txt.clean.txt	85	128	74046	0.0017286551603057558	6.618447283502126	7.59041073312646	0.054507530928267656
ind-x-bible-suciinjil.txt.clean.txt	86	129	73808	0.0017477780186429656	6.635127348902006	7.594693893714331	0.0536425211763506
ind-x-bible-suciinjil.txt.clean.txt	87	130	73574	0.001766928534536657	6.64744575841782	7.601490776285846	0.053389691994635835
ind-x-bible-suciinjil.txt.clean.txt	88	131	73343	0.0017861281921928472	6.653066439171943	7.619619862715984	0.054078442641991575
ind-x-bible-suciinjil.txt.clean.txt	89	132	73114	0.0018053997866345707	6.658725698059149	7.633439986301111	0.05474827426811102
ind-x-bible-suciinjil.txt.clean.txt	90	133	72890	0.0018246673069008095	6.669335550488006	7.641124032755174	0.0547032508679105
ind-x-bible-suciinjil.txt.clean.txt	91	134	72667	0.001844028238402576	6.685466817706234	7.645235296023573	0.05386605836585534
ind-x-bible-suciinjil.txt.clean.txt	92	135	72446	0.001863456919636695	6.69408262711346	7.655738406297532	0.05408265408199564
ind-x-bible-suciinjil.txt.clean.txt	93	136	72226	0.0018829784288206463	6.705475872738983	7.662046483734727	0.05389615114284918
ind-x-bible-suciinjil.txt.clean.txt	94	137	72006	0.0019026192261755964	6.720980426734908	7.666112160298142	0.053120590583235816
ind-x-bible-suciinjil.txt.clean.txt	95	138	71788	0.0019223268512843373	6.7274189310816475	7.678349585129011	0.05361246599259106
ind-x-bible-suciinjil.txt.clean.txt	96	139	71577	0.0019419645975662573	6.739203353936679	7.684343846323161	0.05334188257883021
ind-x-bible-suciinjil.txt.clean.txt	97	140	71368	0.0019616634906400626	6.750201455552448	7.692145761817401	0.05317246636043382
ind-x-bible-suciinjil.txt.clean.txt	98	141	71166	0.0019812831970322906	6.766899316998891	7.696183215505918	0.05219544156296274
ind-x-bible-suciinjil.txt.clean.txt	99	142	70965	0.0020009864017473404	6.777856955681731	7.702670195681022	0.05201444996682836
ind-x-bible-suciinjil.txt.clean.txt	100	143	70764	0.002020801537504946	6.790599386003768	7.707834479986009	0.051575221593405995
ind-x-bible-suciinjil.txt.clean.txt	101	144	70568	0.002040584967690738	6.792255312883933	7.741250436070853	0.052674147704809604
ind-x-bible-suciinjil.txt.clean.txt	102	145	70373	0.0020604493200517245	6.799335066496043	7.75234589831178	0.053005409782716395
ind-x-bible-suciinjil.txt.clean.txt	103	146	70179	0.002080394419983186	6.805304993041549	7.7630815047301915	0.053481077693829926
ind-x-bible-suciinjil.txt.clean.txt	104	147	69988	0.0021003600617248673	6.818497416290235	7.767721926889145	0.05294337162711438
ind-x-bible-suciinjil.txt.clean.txt	105	148	69800	0.002120343839541547	6.821720126109947	7.781172289055783	0.05378122582323919
ind-x-bible-suciinjil.txt.clean.txt	106	149	69614	0.0021403740626885397	6.8155302341506605	7.834019130528456	0.055912018838100264
ind-x-bible-suciinjil.txt.clean.txt	107	150	69428	0.0021605116091490467	6.826179062985784	7.8393206050069715	0.05569922898183466
ind-x-bible-suciinjil.txt.clean.txt	108	151	69245	0.0021806628637446746	6.835291891557906	7.845621123207611	0.05569084104638766
ind-x-bible-suciinjil.txt.clean.txt	109	152	69063	0.002200889043337243	6.841785304473695	7.853984189986532	0.0560356333885198
ind-x-bible-suciinjil.txt.clean.txt	110	153	68886	0.002221060883198328	6.843925616682887	7.870563866696195	0.056971218153384795
ind-x-bible-suciinjil.txt.clean.txt	111	154	68711	0.002241271412146527	6.849695872808821	7.880176678788458	0.057396851490039036
ind-x-bible-suciinjil.txt.clean.txt	112	155	68536	0.002261585152328703	6.864605780736106	7.883718977497484	0.056557392592110456
ind-x-bible-suciinjil.txt.clean.txt	113	156	68364	0.0022819027558364053	6.877449636678319	7.8879056199755295	0.0559958901277573
ind-x-bible-suciinjil.txt.clean.txt	114	157	68193	0.002302289091255701	6.882392425223964	7.900226752081869	0.05651127561776237
ind-x-bible-suciinjil.txt.clean.txt	115	158	68023	0.0023227437778398485	6.88366311218332	7.928645451957836	0.05752057057553883
ind-x-bible-suciinjil.txt.clean.txt	116	159	67853	0.0023433009594269966	6.8871677511847835	7.9497544408741145	0.05821441512228043
ind-x-bible-suciinjil.txt.clean.txt	117	160	67684	0.0023639264818864133	6.897206878283287	7.9546074813308465	0.058006745095003476
ind-x-bible-suciinjil.txt.clean.txt	118	161	67519	0.0023845139886550454	6.894210272182857	7.9822277326441125	0.0595705302887124
ind-x-bible-suciinjil.txt.clean.txt	119	162	67356	0.002405130946018172	6.898996543351737	7.993000858793598	0.0600630066499489
ind-x-bible-suciinjil.txt.clean.txt	120	163	67194	0.002425811828437063	6.905845190320242	8.009393490932244	0.06026661411551093
ind-x-bible-suciinjil.txt.clean.txt	121	164	67033	0.0024465561738248325	6.914216652936145	8.015377371270073	0.06025582305142696
ind-x-bible-suciinjil.txt.clean.txt	122	165	66874	0.0024673266142297453	6.920183396054117	8.025938683278113	0.0605646624212155
ind-x-bible-suciinjil.txt.clean.txt	123	166	66716	0.0024881587625157383	6.915651674917153	8.061340073719562	0.06228953223994793
ind-x-bible-suciinjil.txt.clean.txt	124	166	66558	0.002494065326482166	6.916208521168578	8.06003912962418	0.06221402806717591
ind-x-bible-suciinjil.txt.clean.txt	125	167	66400	0.0025150602409638556	6.930474518171515	8.062601836709465	0.06138243845497693
ind-x-bible-suciinjil.txt.clean.txt	126	168	66248	0.00253592561284869	6.933223807032722	8.078695159564779	0.06210415347308851
ind-x-bible-suciinjil.txt.clean.txt	127	169	66096	0.002556886952311789	6.942772182997	8.083199902515641	0.06189902932877844
ind-x-bible-suciinjil.txt.clean.txt	128	170	65944	0.00257794492296494	6.954077952623341	8.086609839668025	0.0614507977023685
ind-x-bible-suciinjil.txt.clean.txt	129	171	65795	0.002598981685538415	6.963938749850751	8.091051213024478	0.061192071980974094
ind-x-bible-suciinjil.txt.clean.txt	130	172	65648	0.0026200341213746038	6.9710773971862485	8.096847742498346	0.06129425391515131
ind-x-bible-suciinjil.txt.clean.txt	131	173	65501	0.002641181050670982	6.98164551875054	8.100578149353002	0.06092876402377634
ind-x-bible-suciinjil.txt.clean.txt	132	174	65355	0.0026623823731925637	6.98773600602323	8.107302223912122	0.06115960574998158
ind-x-bible-suciinjil.txt.clean.txt	133	175	65210	0.002683637478914277	6.99788312015749	8.11120222445093	0.060839504460552196
ind-x-bible-suciinjil.txt.clean.txt	134	176	65065	0.002704987320371936	7.007854298315154	8.115331200450559	0.060537765262688836
ind-x-bible-suciinjil.txt.clean.txt	135	177	64922	0.002726348541326515	7.016544268038278	8.119893660819232	0.06040239793325797
ind-x-bible-suciinjil.txt.clean.txt	136	178	64780	0.0027477616548317384	7.0196025749610955	8.138130603032044	0.06101486365416553
ind-x-bible-suciinjil.txt.clean.txt	137	179	64638	0.002769268851140196	7.024498616864245	8.145896921696782	0.061374728356543895
ind-x-bible-suciinjil.txt.clean.txt	138	180	64496	0.0027908707516745225	7.031615213204934	8.151734186458643	0.0614317815908878
ind-x-bible-suciinjil.txt.clean.txt	139	181	64354	0.002812567983342139	7.026465011508677	8.19781608583651	0.06311874706516585
ind-x-bible-suciinjil.txt.clean.txt	140	182	64215	0.0028342287627501363	7.0207170166887245	8.245461032630736	0.06487625818932641
ind-x-bible-suciinjil.txt.clean.txt	141	183	64076	0.00285598351957051	7.030590235612111	8.249817331875366	0.06454616510904854
ind-x-bible-suciinjil.txt.clean.txt	142	184	63938	0.0028777878569864555	7.0394322732887105	8.253490672257144	0.06434846760031576
ind-x-bible-suciinjil.txt.clean.txt	143	185	63802	0.002899595623961631	7.046882276589134	8.25814445624305	0.06433071893479203
ind-x-bible-suciinjil.txt.clean.txt	144	186	63670	0.0029213130202607194	7.0533418890007535	8.265129709344691	0.06443914159116604
ind-x-bible-suciinjil.txt.clean.txt	145	187	63540	0.002943028013849544	7.064156456215397	8.268076538554789	0.06396511919413106
ind-x-bible-suciinjil.txt.clean.txt	146	188	63411	0.0029647852896185203	7.070514523199523	8.273241722468786	0.0640768595064729
ind-x-bible-suciinjil.txt.clean.txt	147	189	63282	0.002986631269555324	7.080324028564753	8.276328375288166	0.06372691704682532
ind-x-bible-suciinjil.txt.clean.txt	148	190	63155	0.0030084712215976564	7.090257195667748	8.280169530663173	0.06335634884969021
ind-x-bible-suciinjil.txt.clean.txt	149	191	63030	0.0030303030303030303	7.099452085413854	8.283600725206352	0.06307901446113584
ind-x-bible-suciinjil.txt.clean.txt	150	192	62907	0.0030521245648338024	7.1066012919587624	8.289174164827717	0.06306704993161305
ind-x-bible-suciinjil.txt.clean.txt	151	193	62785	0.0030739826391654058	7.10945821817953	8.305920935084531	0.0636156143811838
ind-x-bible-suciinjil.txt.clean.txt	152	194	62664	0.003095876420273203	7.117406369839991	8.31170764255174	0.06348842182356906
ind-x-bible-suciinjil.txt.clean.txt	153	195	62543	0.0031178549158179174	7.120575566493598	8.324182815673783	0.06398496281622523
ind-x-bible-suciinjil.txt.clean.txt	154	196	62422	0.003139918618435808	7.131066883205361	8.327108303649158	0.06351429940349151
ind-x-bible-suciinjil.txt.clean.txt	155	197	62304	0.0031619157678479714	7.133048646398384	8.338656882191685	0.06415636952372084
ind-x-bible-suciinjil.txt.clean.txt	156	198	62187	0.003183945197549327	7.139457642777169	8.343431236129632	0.06421235783015844
ind-x-bible-suciinjil.txt.clean.txt	157	199	62070	0.0032060576768164974	7.148665558950237	8.347054183685252	0.06389721713972041
ind-x-bible-suciinjil.txt.clean.txt	158	200	61954	0.0032282015689059627	7.153958016591037	8.353260976015036	0.06409044872390846
ind-x-bible-suciinjil.txt.clean.txt	159	201	61839	0.00325037597632562	7.155917476980034	8.366215990366946	0.06471452999980987
ind-x-bible-suciinjil.txt.clean.txt	160	202	61724	0.0032726330114704167	7.159190067472504	8.38252909982629	0.06516161330921866
ind-x-bible-suciinjil.txt.clean.txt	161	203	61609	0.003294973137041666	7.1662957338795845	8.38681945912818	0.06510349822853512
ind-x-bible-suciinjil.txt.clean.txt	162	204	61496	0.0033172889293612592	7.175410623866593	8.389802918543053	0.06477934889584602
ind-x-bible-suciinjil.txt.clean.txt	163	205	61383	0.0033396868839906816	7.172099325131446	8.416234531605689	0.06606967760834159
ind-x-bible-suciinjil.txt.clean.txt	164	206	61271	0.003362112581808686	7.17728400751645	8.421445048527039	0.06624816037752557
ind-x-bible-suciinjil.txt.clean.txt	165	207	61161	0.0033845097365968507	7.178714675182727	8.434707574507396	0.06691013907742016
ind-x-bible-suciinjil.txt.clean.txt	166	208	61052	0.003406931795846164	7.18636477832335	8.438307962098246	0.0667591668312989
ind-x-bible-suciinjil.txt.clean.txt	167	209	60943	0.0034294340613360026	7.192533982216311	8.442611331177375	0.06679656949183521
ind-x-bible-suciinjil.txt.clean.txt	168	210	60834	0.0034520169641976527	7.200449203464791	8.446013026611743	0.06660357296442077
ind-x-bible-suciinjil.txt.clean.txt	169	211	60725	0.003474680938657884	7.209126851086469	8.449294788709963	0.06630821921955399
ind-x-bible-suciinjil.txt.clean.txt	170	212	60618	0.003497311029727144	7.212672167501922	8.455943864068683	0.06667360127355237
ind-x-bible-suciinjil.txt.clean.txt	171	213	60511	0.003520021153178761	7.2220400821276165	8.458624734682632	0.06628167872748825
ind-x-bible-suciinjil.txt.clean.txt	172	214	60405	0.003542753083354027	7.227400722039352	8.464309877764396	0.06640424421686686
ind-x-bible-suciinjil.txt.clean.txt	173	215	60299	0.0035655649347418696	7.23098593798562	8.473475337706656	0.0667519409550118
ind-x-bible-suciinjil.txt.clean.txt	174	216	60194	0.003588397514702462	7.231679645099136	8.488656298102214	0.0674681427575019
ind-x-bible-suciinjil.txt.clean.txt	175	217	60089	0.003611309890329345	7.241899516927104	8.49080633476888	0.06695204347104633
ind-x-bible-suciinjil.txt.clean.txt	176	218	59987	0.003634120726157334	7.240990602101547	8.511077045120006	0.06786575866819655
ind-x-bible-suciinjil.txt.clean.txt	177	219	59887	0.003656887137442183	7.2470261414270745	8.51529356535715	0.06788107688716194
ind-x-bible-suciinjil.txt.clean.txt	178	220	59788	0.00367966816083495	7.248239774551484	8.524819119656087	0.06851243980490562
ind-x-bible-suciinjil.txt.clean.txt	179	221	59689	0.003702524753304629	7.25633745842765	8.52804762069356	0.06825523263934108
ind-x-bible-suciinjil.txt.clean.txt	180	222	59591	0.0037253947743786813	7.261306008666464	8.533110650275606	0.06839638361935152
ind-x-bible-suciinjil.txt.clean.txt	181	223	59493	0.0037483401408569075	7.262408651461608	8.552033969095197	0.06902937550374133
ind-x-bible-suciinjil.txt.clean.txt	182	224	59395	0.0037713612256923983	7.2672203688238035	8.558695792937092	0.06918278451870985
ind-x-bible-suciinjil.txt.clean.txt	183	225	59297	0.003794458404303759	7.275151294786597	8.561494791515175	0.0689333221969255
ind-x-bible-suciinjil.txt.clean.txt	184	226	59200	0.0038175675675675676	7.28298890437125	8.564340809873073	0.0686928087740375
ind-x-bible-suciinjil.txt.clean.txt	185	227	59103	0.0038407525844711774	7.287037475859254	8.570803777403604	0.06893345288893848
ind-x-bible-suciinjil.txt.clean.txt	186	228	59007	0.0038639483451115967	7.295319095379425	8.57331545024322	0.06862995877807432
ind-x-bible-suciinjil.txt.clean.txt	187	229	58912	0.003887153720803911	7.305080529276614	8.575373965523118	0.06813488630456876
ind-x-bible-suciinjil.txt.clean.txt	188	230	58818	0.003910367574552008	7.3141935667595614	8.577641588199782	0.06771998699059723
ind-x-bible-suciinjil.txt.clean.txt	189	231	58725	0.003933588761174968	7.319273974235008	8.582067486778168	0.0678161087895669
ind-x-bible-suciinjil.txt.clean.txt	190	232	58632	0.003956883613044072	7.328259308678782	8.584337376091732	0.06741193275693202
ind-x-bible-suciinjil.txt.clean.txt	191	233	58540	0.003980184489238128	7.334170828746929	8.588006264039414	0.0673960796652342
ind-x-bible-suciinjil.txt.clean.txt	192	234	58448	0.00400355871886121	7.3389334111511815	8.592478053329767	0.06752308531647733
ind-x-bible-suciinjil.txt.clean.txt	193	235	58358	0.004026868638404332	7.344701053444252	8.596486917971689	0.06751917081225545
ind-x-bible-suciinjil.txt.clean.txt	194	236	58268	0.0040502505663485965	7.350883862069981	8.599977364372904	0.06745950361597441
ind-x-bible-suciinjil.txt.clean.txt	195	237	58178	0.0040737048368799204	7.358496570743961	8.602716806674959	0.0672156085480855
ind-x-bible-suciinjil.txt.clean.txt	196	238	58088	0.004097231786255337	7.363673578687569	8.606826181338253	0.06727757378883736
ind-x-bible-suciinjil.txt.clean.txt	197	239	57999	0.004120760702770738	7.363532444245219	8.621792008330349	0.06800954588840347
ind-x-bible-suciinjil.txt.clean.txt	198	240	57911	0.004144290376612388	7.371237611320564	8.624407107422211	0.06774508611330177
ind-x-bible-suciinjil.txt.clean.txt	199	241	57823	0.004167891669404908	7.376928682223442	8.628003738041404	0.06773261083692528
ind-x-bible-suciinjil.txt.clean.txt	200	242	57736	0.0041914923098240265	7.385300073710083	8.630445043445205	0.06737875722527897
ind-x-bible-suciinjil.txt.clean.txt	201	243	57650	0.004215091066782307	7.3883873656341965	8.636844313061566	0.06768931602198935
ind-x-bible-suciinjil.txt.clean.txt	202	244	57564	0.004238760336321312	7.397182074635489	8.639043390114438	0.06727687984322517
ind-x-bible-suciinjil.txt.clean.txt	203	245	57478	0.004262500434949024	7.399725002602883	8.653002392988192	0.06764992185937657
ind-x-bible-suciinjil.txt.clean.txt	204	246	57392	0.0042863116810705326	7.405904627181358	8.656214348242754	0.06756171207457706
ind-x-bible-suciinjil.txt.clean.txt	205	247	57309	0.004309968765813398	7.408952767469706	8.665501810536941	0.0678648140427488
ind-x-bible-suciinjil.txt.clean.txt	206	248	57226	0.004333694474539545	7.417907858608361	8.667658032059295	0.06742207896958863
ind-x-bible-suciinjil.txt.clean.txt	207	249	57145	0.004357336599877504	7.422278630984868	8.673830923641361	0.06755316213139495
ind-x-bible-suciinjil.txt.clean.txt	208	250	57064	0.004381045843263704	7.425950896555471	8.68037526391559	0.06776901919702383
ind-x-bible-suciinjil.txt.clean.txt	209	251	56983	0.004404822490918344	7.43467866986625	8.682575748583478	0.06734766992754448
ind-x-bible-suciinjil.txt.clean.txt	210	252	56903	0.004428589002337311	7.438920810109257	8.687330041862522	0.06748655162579054
ind-x-bible-suciinjil.txt.clean.txt	211	253	56823	0.004452422434577548	7.443073679961961	8.693491517529552	0.06763376290867484
ind-x-bible-suciinjil.txt.clean.txt	212	254	56746	0.004476086420188207	7.449810919913087	8.696455881112986	0.06745462964026572
ind-x-bible-suciinjil.txt.clean.txt	213	255	56670	0.004499735309687666	7.458282558490101	8.698866047255832	0.06705618942204161
ind-x-bible-suciinjil.txt.clean.txt	214	256	56595	0.004523367788673911	7.463724259299567	8.702501566351021	0.06703446758755416
ind-x-bible-suciinjil.txt.clean.txt	215	257	56520	0.004547062986553432	7.468715837398623	8.70771854861946	0.06706643666537171
ind-x-bible-suciinjil.txt.clean.txt	216	258	56446	0.00457074017645183	7.469877083137176	8.71768714705634	0.06757393780330068
ind-x-bible-suciinjil.txt.clean.txt	217	259	56373	0.004594398027424476	7.477074643910276	8.72051348312776	0.0673252526950513
ind-x-bible-suciinjil.txt.clean.txt	218	260	56300	0.004618117229129663	7.4793581536150135	8.727114003993831	0.06768695627886623
ind-x-bible-suciinjil.txt.clean.txt	219	261	56227	0.004641898020523947	7.485805032289215	8.730341439854577	0.06752706926467444
ind-x-bible-suciinjil.txt.clean.txt	220	261	56155	0.0046478497017184576	7.486564144446872	8.72933588691083	0.06743251009096451
ind-x-bible-suciinjil.txt.clean.txt	221	262	56084	0.0046715640824477565	7.48437473600549	8.74830369568554	0.06834549424658487
ind-x-bible-suciinjil.txt.clean.txt	222	263	56013	0.004695338582114866	7.49077298075804	8.751447469968852	0.06818653220220072
ind-x-bible-suciinjil.txt.clean.txt	223	264	55942	0.004719173429623538	7.493071364519944	8.759096997419135	0.06853502534290046
ind-x-bible-suciinjil.txt.clean.txt	224	265	55871	0.004743068855041077	7.498706297230948	8.762371351796407	0.06846616415624773
ind-x-bible-suciinjil.txt.clean.txt	225	266	55800	0.0047670250896057345	7.505906702197461	8.764977718946602	0.06820067920679274
ind-x-bible-suciinjil.txt.clean.txt	226	267	55730	0.004790956396913691	7.508990961936062	8.774298122708124	0.06844383840143065
ind-x-bible-suciinjil.txt.clean.txt	227	268	55660	0.004814947897951851	7.512706999408954	8.780071015388398	0.06860600942814665
ind-x-bible-suciinjil.txt.clean.txt	228	269	55590	0.004838999820111531	7.517587509953912	8.78366086983656	0.06862137587014316
ind-x-bible-suciinjil.txt.clean.txt	229	270	55520	0.004863112391930836	7.525471148759108	8.78596847744004	0.06826260197063827
ind-x-bible-suciinjil.txt.clean.txt	230	271	55451	0.004887197706082848	7.529401780517002	8.790499795255595	0.06839112444086726
ind-x-bible-suciinjil.txt.clean.txt	231	272	55382	0.00491134303564335	7.532867990520244	8.796418868193772	0.06857463973761557
ind-x-bible-suciinjil.txt.clean.txt	232	273	55314	0.004935459377372817	7.537460630988143	8.800459709949997	0.06861648017632127
ind-x-bible-suciinjil.txt.clean.txt	233	274	55246	0.0049596350867031095	7.544115563813689	8.803185738200828	0.06840137375009436
ind-x-bible-suciinjil.txt.clean.txt	234	275	55178	0.004983870383123709	7.547939337858049	8.8082063621461	0.06853372158119153
ind-x-bible-suciinjil.txt.clean.txt	235	276	55110	0.005008165487207403	7.553542842375602	8.811404995017307	0.0684442178550303
ind-x-bible-suciinjil.txt.clean.txt	236	277	55043	0.005032429191722835	7.558140261784248	8.815141008666188	0.06847665268312053
ind-x-bible-suciinjil.txt.clean.txt	237	278	54977	0.005056660057842371	7.563761269629644	8.81831524109654	0.06838081445855682
ind-x-bible-suciinjil.txt.clean.txt	238	279	54911	0.00508094917229699	7.564931820362165	8.828508313832717	0.06883076581498226
ind-x-bible-suciinjil.txt.clean.txt	239	280	54845	0.005105296745373325	7.570793202194226	8.831533530842671	0.06870099289034537
ind-x-bible-suciinjil.txt.clean.txt	240	281	54780	0.005129609346476816	7.57788830324615	8.83401970430365	0.06841761115855327
ind-x-bible-suciinjil.txt.clean.txt	241	282	54715	0.005153979713058576	7.5816086482397225	8.83889686688112	0.06854710781997109
ind-x-bible-suciinjil.txt.clean.txt	242	283	54650	0.005178408051235132	7.587848599163532	8.841630086802207	0.06836501017810026
ind-x-bible-suciinjil.txt.clean.txt	243	284	54585	0.005202894568104791	7.592380222552817	8.8453419455806	0.06839069835896194
ind-x-bible-suciinjil.txt.clean.txt	244	285	54521	0.005227343592377249	7.597410945226141	8.84864049301934	0.06835310811006612
ind-x-bible-suciinjil.txt.clean.txt	245	286	54457	0.005251850083552161	7.602650634349885	8.851835663328057	0.06828792752123236
ind-x-bible-suciinjil.txt.clean.txt	246	287	54393	0.0052764142444799884	7.609066545834789	8.854514089277279	0.06807675651817957
ind-x-bible-suciinjil.txt.clean.txt	247	288	54329	0.005301036278967034	7.61260027245511	8.859783170812836	0.06821662731161093
ind-x-bible-suciinjil.txt.clean.txt	248	289	54265	0.005325716391781074	7.618692615956728	8.862438351793076	0.06804136063703037
ind-x-bible-suciinjil.txt.clean.txt	249	290	54202	0.0053503560754215715	7.624520938823185	8.865253231953817	0.06789661658583734
ind-x-bible-suciinjil.txt.clean.txt	250	291	54139	0.00537505310404699	7.629843408072627	8.868319328383352	0.06781189835915569
ind-x-bible-suciinjil.txt.clean.txt	251	292	54077	0.0053997078240286996	7.631685698273023	8.874277160550294	0.06815028290219227
ind-x-bible-suciinjil.txt.clean.txt	252	293	54015	0.005424419142830695	7.637591168315871	8.877086665338316	0.06799050856593825
ind-x-bible-suciinjil.txt.clean.txt	253	294	53953	0.005449187255574296	7.6418301059497065	8.880911650886578	0.06803225975705618
ind-x-bible-suciinjil.txt.clean.txt	254	295	53891	0.005474012358278748	7.646012002201518	8.884450256356581	0.06807901744373257
ind-x-bible-suciinjil.txt.clean.txt	255	296	53829	0.0054988946478663914	7.652111006228525	8.88699547960026	0.06789031310341387
ind-x-bible-suciinjil.txt.clean.txt	256	297	53767	0.005523834322167872	7.653852107997523	8.894263613137529	0.06823048929082842
ind-x-bible-suciinjil.txt.clean.txt	257	298	53705	0.005548831579927381	7.65638699623019	8.902242398417723	0.06847183177116889
ind-x-bible-suciinjil.txt.clean.txt	258	299	53643	0.005573886620807934	7.661897542007495	8.904931179175566	0.0683492239494734
ind-x-bible-suciinjil.txt.clean.txt	259	300	53582	0.005598895151356799	7.664941185935723	8.909709888249498	0.06852472095556383
ind-x-bible-suciinjil.txt.clean.txt	260	301	53522	0.005623855610776877	7.66756160850616	8.915058519881933	0.06874960108387118
ind-x-bible-suciinjil.txt.clean.txt	261	302	53462	0.005648872096068235	7.672639735521596	8.9181969138215	0.06867409670987257
ind-x-bible-suciinjil.txt.clean.txt	262	303	53403	0.005673838548396157	7.675652577703636	8.925099558880914	0.06884743751704869
ind-x-bible-suciinjil.txt.clean.txt	263	304	53345	0.005698753397694254	7.682472539270502	8.927410827591256	0.06855721916219903
ind-x-bible-suciinjil.txt.clean.txt	264	305	53287	0.005723722483907895	7.689039969689018	8.929769683466525	0.06829617259715903
ind-x-bible-suciinjil.txt.clean.txt	265	306	53229	0.005748745984331849	7.6913934448004895	8.934801483677905	0.06854400067849986
ind-x-bible-suciinjil.txt.clean.txt	266	307	53171	0.005773824077034474	7.691453699708942	8.943773131420258	0.06906736806356151
ind-x-bible-suciinjil.txt.clean.txt	267	308	53114	0.005798847761418835	7.6967994257574315	8.946513303021925	0.06894905440361809
ind-x-bible-suciinjil.txt.clean.txt	268	309	53057	0.005823925212507303	7.700479473516786	8.950177305866006	0.06903053939325299
ind-x-bible-suciinjil.txt.clean.txt	269	309	53000	0.005830188679245283	7.699911008185744	8.950138963237993	0.06909926548549616
ind-x-bible-suciinjil.txt.clean.txt	270	310	52943	0.0058553538711444385	7.703043565819492	8.956352956180694	0.0692450731032428
ind-x-bible-suciinjil.txt.clean.txt	271	311	52886	0.005880573308626101	7.7096900969210775	8.958590369052072	0.0689646760020769
ind-x-bible-suciinjil.txt.clean.txt	272	312	52830	0.005905735377626349	7.711901467221311	8.96573350544462	0.06921821493895941
ind-x-bible-suciinjil.txt.clean.txt	273	313	52774	0.005930950847007997	7.7178620488532035	8.968240114873382	0.06901755094213302
ind-x-bible-suciinjil.txt.clean.txt	274	314	52718	0.0059562198869456354	7.722028131574428	8.971534503950593	0.06903180201381875
ind-x-bible-suciinjil.txt.clean.txt	275	315	52662	0.005981542668337701	7.724675998007967	8.976961761449827	0.06922733098223466
ind-x-bible-suciinjil.txt.clean.txt	276	316	52607	0.0060068051780181346	7.731019951190692	8.979265364182412	0.0689759055972361
ind-x-bible-suciinjil.txt.clean.txt	277	317	52552	0.00603212056629624	7.733705525776218	8.983647851801518	0.0691634636331816
ind-x-bible-suciinjil.txt.clean.txt	278	318	52497	0.006057488999371393	7.740038159831172	8.98590579315239	0.06891048491053708
ind-x-bible-suciinjil.txt.clean.txt	279	319	52443	0.006082794653242568	7.7441562046712376	8.989991149407285	0.06892244448050144
ind-x-bible-suciinjil.txt.clean.txt	280	320	52389	0.006108152474756151	7.747787395317461	8.993489496344294	0.06899130742581494
ind-x-bible-suciinjil.txt.clean.txt	281	321	52335	0.006133562625394095	7.753645482146997	8.995882281253454	0.06879107135431539
ind-x-bible-suciinjil.txt.clean.txt	282	322	52281	0.006159025267305522	7.757749275622989	8.999089289819118	0.06880006257142535
ind-x-bible-suciinjil.txt.clean.txt	283	323	52227	0.0061845405633101655	7.762569894374824	9.002105863211444	0.06872149184909215
ind-x-bible-suciinjil.txt.clean.txt	284	324	52173	0.006210108676901846	7.765485719932139	9.006105022006778	0.06886985770173581
ind-x-bible-suciinjil.txt.clean.txt	285	325	52119	0.006235729772251962	7.769700924936074	9.009161505269956	0.06886081094447438
ind-x-bible-suciinjil.txt.clean.txt	286	326	52066	0.006261283755233742	7.769653673773405	9.021594969595617	0.06936080200002692
ind-x-bible-suciinjil.txt.clean.txt	287	327	52013	0.006286889816007536	7.7721515376722525	9.02829898711139	0.06955406147684784
ind-x-bible-suciinjil.txt.clean.txt	288	328	51960	0.006312548113933795	7.776067509373892	9.031419876366432	0.0695759350253381
ind-x-bible-suciinjil.txt.clean.txt	289	329	51907	0.006338258809023831	7.780633110547465	9.034346978610381	0.06951860463516457
ind-x-bible-suciinjil.txt.clean.txt	290	330	51855	0.006363899334683252	7.78070246344352	9.043527253033648	0.06999727428679803
ind-x-bible-suciinjil.txt.clean.txt	291	331	51805	0.006389344657851559	7.781754712916936	9.052160725364933	0.0703565508146139
ind-x-bible-suciinjil.txt.clean.txt	292	332	51755	0.006414839145976234	7.785910003591117	9.05528946082479	0.07034348107672861
ind-x-bible-suciinjil.txt.clean.txt	293	333	51705	0.006440382941688425	7.791404922714868	9.057723957545756	0.07016910068973292
ind-x-bible-suciinjil.txt.clean.txt	294	334	51655	0.006465976188171523	7.792585994442266	9.070105286802667	0.07050800903872834
ind-x-bible-suciinjil.txt.clean.txt	295	335	51605	0.00649161902916384	7.793910501762448	9.077618604727032	0.07082803520453673
ind-x-bible-suciinjil.txt.clean.txt	296	336	51555	0.006517311608961304	7.792912887974287	9.090569735520674	0.07142300566200521
ind-x-bible-suciinjil.txt.clean.txt	297	337	51505	0.006543054072420154	7.796674053786662	9.094036831334058	0.07144920393773191
ind-x-bible-suciinjil.txt.clean.txt	298	338	51455	0.006568846564959673	7.796149212051968	9.10401643021449	0.0719841569941444
ind-x-bible-suciinjil.txt.clean.txt	299	339	51405	0.006594689232564926	7.797099819519438	9.112662768203638	0.07234163116512471
ind-x-bible-suciinjil.txt.clean.txt	300	340	51355	0.006620582221789504	7.79892494031113	9.118564492067776	0.07259336620958068
ind-x-bible-suciinjil.txt.clean.txt	301	341	51305	0.006646525679758308	7.8042231143134035	9.120798650146426	0.07243068267952868
ind-x-bible-suciinjil.txt.clean.txt	302	342	51256	0.006672389573903543	7.809245845082712	9.123273603100566	0.0722995168574101
ind-x-bible-suciinjil.txt.clean.txt	303	343	51207	0.006698302966391314	7.808365601783853	9.137716669228414	0.07286801769251172
ind-x-bible-suciinjil.txt.clean.txt	304	344	51158	0.006724265999452676	7.814089405849565	9.139751690871568	0.07265085618285627
ind-x-bible-suciinjil.txt.clean.txt	305	345	51109	0.006750278815864133	7.818037202075438	9.14276916989144	0.07264323544162576
ind-x-bible-suciinjil.txt.clean.txt	306	346	51060	0.006776341558950255	7.820020490352604	9.147900771875449	0.07286719944221254
ind-x-bible-suciinjil.txt.clean.txt	307	347	51012	0.006802321022504509	7.824609634237859	9.150327706883761	0.07278082325881208
ind-x-bible-suciinjil.txt.clean.txt	308	348	50964	0.006828349423122204	7.823783532219729	9.161060480448516	0.07333460942068737
ind-x-bible-suciinjil.txt.clean.txt	309	349	50916	0.006854426899206536	7.823852136360507	9.176562691912656	0.07378062618293857
ind-x-bible-suciinjil.txt.clean.txt	310	350	50868	0.006880553589683101	7.8249051148270965	9.182463494082166	0.07410843117246912
ind-x-bible-suciinjil.txt.clean.txt	311	351	50820	0.006906729634002361	7.826976430606154	9.190297635140162	0.07431418954307178
ind-x-bible-suciinjil.txt.clean.txt	312	352	50772	0.006932955172142125	7.833006517238247	9.192061692010137	0.07405049530974972
ind-x-bible-suciinjil.txt.clean.txt	313	353	50724	0.0069592303446100465	7.838428696448084	9.193978079740544	0.0738576093426544
ind-x-bible-suciinjil.txt.clean.txt	314	354	50676	0.006985555292446128	7.838111715273756	9.203681251392357	0.07434142167889135
ind-x-bible-suciinjil.txt.clean.txt	315	355	50628	0.007011930157225251	7.841048170629712	9.206839515309287	0.07443947363456482
ind-x-bible-suciinjil.txt.clean.txt	316	356	50580	0.007038355081059707	7.841047685464815	9.214217459963535	0.07488269312278462
ind-x-bible-suciinjil.txt.clean.txt	317	357	50533	0.007064690400332456	7.845823806120549	9.21633727385457	0.07476095348811906
ind-x-bible-suciinjil.txt.clean.txt	318	358	50486	0.007091074753396981	7.848727621523375	9.219605793449682	0.07485878670808144
ind-x-bible-suciinjil.txt.clean.txt	319	359	50439	0.0071175082773250855	7.850348901916865	9.23226316996332	0.07510640273212721
ind-x-bible-suciinjil.txt.clean.txt	320	360	50392	0.007143991109699952	7.851958433797035	9.239467014920995	0.07535394869339085
ind-x-bible-suciinjil.txt.clean.txt	321	361	50345	0.007170523388618532	7.856716348803477	9.24146423110991	0.0752294708491359
ind-x-bible-suciinjil.txt.clean.txt	322	362	50298	0.007197105252693944	7.85873610431699	9.24703662693031	0.0754260478699359
ind-x-bible-suciinjil.txt.clean.txt	323	363	50251	0.00722373684105789	7.8637661578174205	9.248904334311572	0.0752672502822459
ind-x-bible-suciinjil.txt.clean.txt	324	364	50204	0.007250418293363078	7.866305607203956	9.252474764999796	0.0754001548137695
ind-x-bible-suciinjil.txt.clean.txt	325	365	50158	0.007277004665257786	7.867942066986172	9.26102519329304	0.0756378401687049
ind-x-bible-suciinjil.txt.clean.txt	326	366	50112	0.007303639846743295	7.869263919322021	9.267207342666886	0.07591107380932316
ind-x-bible-suciinjil.txt.clean.txt	327	367	50066	0.007330323972356489	7.871756082641646	9.272673126252405	0.07604552013419041
ind-x-bible-suciinjil.txt.clean.txt	328	368	50021	0.007356910097758941	7.871392590764647	9.285956661221753	0.07651371206716229
ind-x-bible-suciinjil.txt.clean.txt	329	369	49976	0.007383544101168561	7.876705605423396	9.28770412944569	0.07631464736574523
ind-x-bible-suciinjil.txt.clean.txt	330	370	49931	0.007410226112034608	7.880032348975795	9.290451580435452	0.07634743734704585
ind-x-bible-suciinjil.txt.clean.txt	331	370	49886	0.007416910556067835	7.879573700398618	9.290333423167766	0.07640119752402297
ind-x-bible-suciinjil.txt.clean.txt	332	371	49841	0.0074436708733773395	7.884798689146653	9.292052135314638	0.07621039260852525
ind-x-bible-suciinjil.txt.clean.txt	333	372	49796	0.007470479556590891	7.883749244990499	9.307456679077038	0.07675341103446309
ind-x-bible-suciinjil.txt.clean.txt	334	373	49751	0.007497336736950011	7.887511433627898	9.309750151844165	0.076731586680167
ind-x-bible-suciinjil.txt.clean.txt	335	374	49707	0.007524091174281288	7.886544788996995	9.319683979552321	0.07726194280154053
ind-x-bible-suciinjil.txt.clean.txt	336	375	49663	0.0075508930189477075	7.885702457366271	9.334559058228153	0.07777616911236418
ind-x-bible-suciinjil.txt.clean.txt	337	376	49619	0.00757774239706564	7.890058278252031	9.336486540027266	0.077681181988692
ind-x-bible-suciinjil.txt.clean.txt	338	377	49575	0.007604639435199193	7.893735939755425	9.338746399266729	0.07766441914718392
ind-x-bible-suciinjil.txt.clean.txt	339	378	49531	0.007631584260362197	7.894132339038432	9.349873948934585	0.07802980248406355
ind-x-bible-suciinjil.txt.clean.txt	340	379	49487	0.0076585770000202075	7.898614359877376	9.351691645515007	0.07791681856308008
ind-x-bible-suciinjil.txt.clean.txt	341	380	49443	0.00768561778209251	7.900669381640702	9.35661642288466	0.07808605620376086
ind-x-bible-suciinjil.txt.clean.txt	342	381	49399	0.0077127067349541485	7.902933954192891	9.361517892235343	0.07822962837552072
ind-x-bible-suciinjil.txt.clean.txt	343	382	49355	0.00773984398743795	7.90459249767446	9.36635256228574	0.07844265966534036
ind-x-bible-suciinjil.txt.clean.txt	344	383	49312	0.007766872160934458	7.910170348594615	9.367813409368855	0.07819770985702967
ind-x-bible-suciinjil.txt.clean.txt	345	384	49269	0.007793947512634719	7.915417817955019	9.369363240369719	0.07799040271985969
ind-x-bible-suciinjil.txt.clean.txt	346	385	49226	0.007821070166172348	7.91901512865468	9.371557664265726	0.07797435767083005
ind-x-bible-suciinjil.txt.clean.txt	347	386	49183	0.007848240245613322	7.922937967110106	9.373736758250203	0.07791939689125793
ind-x-bible-suciinjil.txt.clean.txt	348	387	49140	0.007875457875457875	7.926114049021699	9.376122275495405	0.07795031591104096
ind-x-bible-suciinjil.txt.clean.txt	349	388	49097	0.007902723180642402	7.930448654244869	9.377951434501476	0.07784546195144926
ind-x-bible-suciinjil.txt.clean.txt	350	389	49055	0.007929874630516767	7.931463909373847	9.383014993207423	0.07812547972914374
