file	merge	types	tokens	TTR	H	Hcross	R
rus-x-bible-kulakov.txt.clean.txt	0	68	95924	0.0007088945415120304	5.098827640233748	7.958240459495567	0.16240513113563904
rus-x-bible-kulakov.txt.clean.txt	1	69	94943	0.000726751840578031	5.144819810758374	7.932659550587256	0.1577639007322701
rus-x-bible-kulakov.txt.clean.txt	2	70	94090	0.0007439685407588479	5.188312460523002	7.910753375681506	0.15352049396651535
rus-x-bible-kulakov.txt.clean.txt	3	71	93299	0.0007609942228748432	5.214008548995619	7.897616862183654	0.15215886967795023
rus-x-bible-kulakov.txt.clean.txt	4	72	92543	0.0007780167057475985	5.2449373300487805	7.887205160342688	0.14991878688595117
rus-x-bible-kulakov.txt.clean.txt	5	73	91802	0.0007951896472843729	5.286492383358688	7.86946779257587	0.1459382518726473
rus-x-bible-kulakov.txt.clean.txt	6	74	91064	0.0008126153035227971	5.316762285505244	7.855458528735008	0.1437632312475361
rus-x-bible-kulakov.txt.clean.txt	7	75	90351	0.0008300959590928712	5.349858441563399	7.84288984435527	0.141111869297725
rus-x-bible-kulakov.txt.clean.txt	8	76	89688	0.0008473820355008474	5.380747709082582	7.831293081518535	0.1387947927524933
rus-x-bible-kulakov.txt.clean.txt	9	77	89027	0.0008649061520662272	5.409245572440815	7.820494445008033	0.13683902629927402
rus-x-bible-kulakov.txt.clean.txt	10	78	88371	0.0008826424958413959	5.447496143331559	7.80613679689364	0.13330985772337145
rus-x-bible-kulakov.txt.clean.txt	11	79	87777	0.0009000079747542067	5.4820892872275175	7.794945515265837	0.13034899114903364
rus-x-bible-kulakov.txt.clean.txt	12	80	87197	0.0009174627567462183	5.516221799375266	7.784196261427175	0.12744629224171078
rus-x-bible-kulakov.txt.clean.txt	13	81	86624	0.000935075729589952	5.551404726221429	7.77320815392517	0.1243633960274223
rus-x-bible-kulakov.txt.clean.txt	14	82	86064	0.0009527793270124558	5.58771567095354	7.762592103097441	0.12109005684976537
rus-x-bible-kulakov.txt.clean.txt	15	83	85570	0.0009699661096178567	5.615454377167868	7.756309697139262	0.1191498597552314
rus-x-bible-kulakov.txt.clean.txt	16	84	85078	0.0009873292743129835	5.63646704065404	7.753945855059776	0.11824356209710096
rus-x-bible-kulakov.txt.clean.txt	17	85	84591	0.0010048350297312953	5.660944729819888	7.7490041763633615	0.11677337422154932
rus-x-bible-kulakov.txt.clean.txt	18	86	84120	0.0010223490252020922	5.674730896403034	7.750607472033781	0.1169472293760021
rus-x-bible-kulakov.txt.clean.txt	19	87	83658	0.001039948361184824	5.692221136022203	7.750949940492997	0.11651853850809413
rus-x-bible-kulakov.txt.clean.txt	20	88	83233	0.0010572729566397942	5.717309752495057	7.748282297277095	0.11488965437779508
rus-x-bible-kulakov.txt.clean.txt	21	89	82809	0.0010747624050525908	5.744034563819428	7.744426656258216	0.11299088743339081
rus-x-bible-kulakov.txt.clean.txt	22	90	82388	0.0010923920959363014	5.767392008232157	7.74163129165926	0.11159542234668085
rus-x-bible-kulakov.txt.clean.txt	23	91	81971	0.001110148711129546	5.79637091841183	7.736945673138117	0.10931871104112556
rus-x-bible-kulakov.txt.clean.txt	24	92	81572	0.001127837983621831	5.817173571284484	7.7368387775153415	0.10828262068035699
rus-x-bible-kulakov.txt.clean.txt	25	93	81184	0.0011455459203783998	5.8448070385431095	7.733553719118554	0.10618365337532865
rus-x-bible-kulakov.txt.clean.txt	26	94	80801	0.0011633519387136298	5.864618588355093	7.733059561288641	0.10526522394245186
rus-x-bible-kulakov.txt.clean.txt	27	95	80440	0.0011810044753853804	5.888881153443436	7.731397097193066	0.1036513578812901
rus-x-bible-kulakov.txt.clean.txt	28	96	80087	0.0011986964176458103	5.911434264895563	7.730404507326927	0.10228277469337621
rus-x-bible-kulakov.txt.clean.txt	29	97	79735	0.0012165297548128175	5.922272388601824	7.739121622119212	0.10267415188482132
rus-x-bible-kulakov.txt.clean.txt	30	98	79387	0.0012344590424124857	5.929726097479344	7.801032982547967	0.1035546173269053
rus-x-bible-kulakov.txt.clean.txt	31	99	79041	0.0012525145177819106	5.948460683171014	7.803372188244642	0.10270920331035371
rus-x-bible-kulakov.txt.clean.txt	32	100	78699	0.0012706641761648814	5.973897875697027	7.800999324057498	0.10083877419092868
rus-x-bible-kulakov.txt.clean.txt	33	101	78365	0.0012888406814266574	5.988669916254674	7.8070267311617885	0.10055877141054759
rus-x-bible-kulakov.txt.clean.txt	34	102	78034	0.0013071225363303176	6.0123535324539565	7.80541631491914	0.09892531960837314
rus-x-bible-kulakov.txt.clean.txt	35	103	77709	0.0013254577976810923	6.035064457313556	7.8043164960237394	0.09742556173013406
rus-x-bible-kulakov.txt.clean.txt	36	104	77395	0.0013437560565928031	6.0476890402575165	7.808850771449676	0.09741908073828154
rus-x-bible-kulakov.txt.clean.txt	37	105	77082	0.0013621857242936094	6.070773357861749	7.80774991111719	0.09583685286921784
rus-x-bible-kulakov.txt.clean.txt	38	106	76771	0.0013807297026220838	6.086470043343842	7.809524850918267	0.09534155695677027
rus-x-bible-kulakov.txt.clean.txt	39	107	76462	0.0013993879312599723	6.107235982186338	7.809009513277568	0.09407907885541478
rus-x-bible-kulakov.txt.clean.txt	40	108	76162	0.0014180299887082796	6.1294286914954235	7.808403284306557	0.09259351994651599
rus-x-bible-kulakov.txt.clean.txt	41	109	75863	0.0014368005483569066	6.147130814197804	7.810364572955298	0.09176072647808564
rus-x-bible-kulakov.txt.clean.txt	42	110	75565	0.0014557003903923774	6.163833889958688	7.8116183466490865	0.09106224262582407
rus-x-bible-kulakov.txt.clean.txt	43	111	75268	0.0014747302970717967	6.185385716144914	7.811192620945861	0.08963686683081373
rus-x-bible-kulakov.txt.clean.txt	44	112	74971	0.0014939109789118459	6.199539514092704	7.816717531882152	0.08928804431739257
rus-x-bible-kulakov.txt.clean.txt	45	113	74675	0.0015132239705390024	6.219308220912607	7.817241728436451	0.0881019024301084
rus-x-bible-kulakov.txt.clean.txt	46	114	74395	0.001532361045769205	6.216351939896624	7.847657355223317	0.09023093785938585
rus-x-bible-kulakov.txt.clean.txt	47	115	74127	0.0015513915307512783	6.231282335272148	7.850440913028769	0.08972443332782187
rus-x-bible-kulakov.txt.clean.txt	48	116	73859	0.0015705601213122302	6.247134647821406	7.853696760574154	0.08907087198698227
rus-x-bible-kulakov.txt.clean.txt	49	117	73594	0.0015898035165910263	6.270371777241641	7.853080252838516	0.08733058095613666
rus-x-bible-kulakov.txt.clean.txt	50	118	73332	0.0016091201658211967	6.289429442536002	7.853891595876103	0.08618979693866913
rus-x-bible-kulakov.txt.clean.txt	51	119	73072	0.0016285307641777972	6.309682740811602	7.854154727919272	0.08486591561712431
rus-x-bible-kulakov.txt.clean.txt	52	120	72814	0.0016480347185980717	6.3267883930403785	7.855457470708277	0.08398890854547136
rus-x-bible-kulakov.txt.clean.txt	53	121	72558	0.00166763141211169	6.3460817523499555	7.856108876328168	0.08278549022892134
rus-x-bible-kulakov.txt.clean.txt	54	122	72310	0.0016871801963767115	6.347126982656367	7.877863658661668	0.08420609907455234
rus-x-bible-kulakov.txt.clean.txt	55	123	72063	0.0017068398484659257	6.355018715343861	7.88488260301292	0.08462291141682987
rus-x-bible-kulakov.txt.clean.txt	56	124	71816	0.0017266347332070848	6.356082004915082	7.903011897139832	0.08600768209238518
rus-x-bible-kulakov.txt.clean.txt	57	125	71571	0.0017465174442162328	6.368236758753547	7.908920645951925	0.08578323724785397
rus-x-bible-kulakov.txt.clean.txt	58	126	71332	0.0017663881567879774	6.37575892009335	7.917448654940008	0.08621139039880088
rus-x-bible-kulakov.txt.clean.txt	59	127	71093	0.0017863924718326699	6.395300933070712	7.917701984016124	0.08490635653152023
rus-x-bible-kulakov.txt.clean.txt	60	128	70857	0.0018064552549501107	6.410778504113043	7.919427935755155	0.08417449941242239
rus-x-bible-kulakov.txt.clean.txt	61	129	70623	0.001826600399303343	6.419744359178866	7.927132571864501	0.08436224853314667
rus-x-bible-kulakov.txt.clean.txt	62	130	70393	0.0018467745372409189	6.433449367930126	7.929751684289032	0.08386322972227689
rus-x-bible-kulakov.txt.clean.txt	63	131	70166	0.001867001111649517	6.445724854058504	7.932968056225619	0.08355791303188786
rus-x-bible-kulakov.txt.clean.txt	64	132	69945	0.0018871970834226893	6.462434364128558	7.934422436197781	0.08261317373351262
rus-x-bible-kulakov.txt.clean.txt	65	133	69725	0.0019074937253495876	6.48322299120699	7.934647042196262	0.08108243001239435
rus-x-bible-kulakov.txt.clean.txt	66	134	69512	0.001927724709402693	6.497215458964616	7.938122461051638	0.08050757868459646
rus-x-bible-kulakov.txt.clean.txt	67	135	69302	0.0019479957288389945	6.501323503378601	7.954197518511774	0.08132077002431126
rus-x-bible-kulakov.txt.clean.txt	68	136	69093	0.0019683614837972007	6.512621868846108	7.9601682119228565	0.08110673527042012
rus-x-bible-kulakov.txt.clean.txt	69	137	68888	0.001988735338520497	6.524010533038395	7.965810262442359	0.08087052061938715
rus-x-bible-kulakov.txt.clean.txt	70	138	68684	0.0020092015607710676	6.53944656957804	7.967659507069763	0.08005569800881795
rus-x-bible-kulakov.txt.clean.txt	71	139	68480	0.0020297897196261683	6.55469596236641	7.969670950750439	0.0792596967151511
rus-x-bible-kulakov.txt.clean.txt	72	140	68293	0.002049990482187047	6.5726105012965	7.971430569687974	0.07808253850006519
rus-x-bible-kulakov.txt.clean.txt	73	141	68113	0.0020700894102447403	6.585225932512201	7.9752523737266365	0.07764149209464632
rus-x-bible-kulakov.txt.clean.txt	74	142	67934	0.0020902640798422	6.600185612872747	7.97802690740674	0.07686446771421018
rus-x-bible-kulakov.txt.clean.txt	75	143	67762	0.002110327322097931	6.607618402996192	7.9882236801388045	0.07713168404932325
rus-x-bible-kulakov.txt.clean.txt	76	144	67591	0.0021304611560710746	6.62006076227509	7.9924747984140385	0.07669037529076117
rus-x-bible-kulakov.txt.clean.txt	77	144	67421	0.002135833049049999	6.62163053618521	7.9943084659306844	0.07647143661151357
rus-x-bible-kulakov.txt.clean.txt	78	145	67256	0.0021559414773403116	6.635699477967382	7.997751500784994	0.07579617028917296
rus-x-bible-kulakov.txt.clean.txt	79	146	67092	0.0021761163775114766	6.650577832838918	8.000943678962201	0.07500137473800883
rus-x-bible-kulakov.txt.clean.txt	80	147	66931	0.0021962917033960345	6.661368969531558	8.005831901313783	0.07476776018715359
rus-x-bible-kulakov.txt.clean.txt	81	148	66772	0.0022164979332654406	6.672422048375378	8.0109410416019	0.07448988016398972
rus-x-bible-kulakov.txt.clean.txt	82	149	66613	0.002236800624502725	6.68603174049363	8.014428688828776	0.0738501641092596
rus-x-bible-kulakov.txt.clean.txt	83	150	66456	0.00225713253882268	6.69885754845781	8.018210733640133	0.07331227476141278
rus-x-bible-kulakov.txt.clean.txt	84	151	66300	0.002277526395173454	6.70879539158963	8.024019525832829	0.07316658391014896
rus-x-bible-kulakov.txt.clean.txt	85	152	66151	0.0022977732762921197	6.7202286865772525	8.028612103620034	0.07280685766897466
rus-x-bible-kulakov.txt.clean.txt	86	153	66004	0.002318041330828435	6.728672421444548	8.034749682827648	0.07285202785193012
rus-x-bible-kulakov.txt.clean.txt	87	154	65858	0.0023383643596829543	6.7411043687365595	8.038807177440386	0.07234038993913694
rus-x-bible-kulakov.txt.clean.txt	88	155	65713	0.002358741801470029	6.745949720096914	8.056076125157876	0.07286498356089355
rus-x-bible-kulakov.txt.clean.txt	89	156	65572	0.0023790642347343376	6.757659004967389	8.060774802960664	0.0724384458182018
rus-x-bible-kulakov.txt.clean.txt	90	157	65431	0.0023994742553224008	6.767505662604643	8.066206891893849	0.07226079386883488
rus-x-bible-kulakov.txt.clean.txt	91	158	65296	0.0024197500612594953	6.780982805351836	8.070152724948535	0.07157908497674281
rus-x-bible-kulakov.txt.clean.txt	92	159	65163	0.002440034989180977	6.785185410204966	8.080243761475842	0.07215998783326216
rus-x-bible-kulakov.txt.clean.txt	93	160	65033	0.00246028939153968	6.798062296100441	8.08443722559811	0.0715475202703395
rus-x-bible-kulakov.txt.clean.txt	94	161	64905	0.0024805484939527003	6.8063232818857236	8.091001364496877	0.07155907029787656
rus-x-bible-kulakov.txt.clean.txt	95	162	64777	0.0025008876607437824	6.817916789167738	8.095488049074559	0.0711095204277693
rus-x-bible-kulakov.txt.clean.txt	96	163	64650	0.0025212683681361176	6.827960828749047	8.100555439548343	0.0708649598341986
rus-x-bible-kulakov.txt.clean.txt	97	164	64523	0.0025417293058289294	6.833540450108641	8.108829555291612	0.07122091072962022
rus-x-bible-kulakov.txt.clean.txt	98	165	64400	0.002562111801242236	6.839348220450978	8.118290250932677	0.0715382762887723
rus-x-bible-kulakov.txt.clean.txt	99	166	64278	0.0025825321260773515	6.849108696881445	8.123380044564998	0.07131226068162555
rus-x-bible-kulakov.txt.clean.txt	100	167	64158	0.002602948969730977	6.855408985956558	8.130587963616154	0.07154881690697812
rus-x-bible-kulakov.txt.clean.txt	101	168	64038	0.0026234423311159	6.8631072439860965	8.136694270510503	0.07158921195157975
rus-x-bible-kulakov.txt.clean.txt	102	169	63919	0.002643971276146373	6.873890849891244	8.141308785912104	0.07120621149527495
rus-x-bible-kulakov.txt.clean.txt	103	170	63801	0.002664535038635758	6.883072756951658	8.146592455647088	0.07103393298078531
rus-x-bible-kulakov.txt.clean.txt	104	171	63685	0.002685090680694041	6.8914154242028065	8.152219674659733	0.07096893469190113
rus-x-bible-kulakov.txt.clean.txt	105	172	63570	0.0027056787792984114	6.901183781905822	8.157498516454591	0.07070593227420408
rus-x-bible-kulakov.txt.clean.txt	106	173	63458	0.0027262126130669106	6.908996992275634	8.16386236300352	0.07070040616249818
rus-x-bible-kulakov.txt.clean.txt	107	174	63348	0.0027467323356696344	6.91595995225	8.170557492479245	0.07080310953491065
rus-x-bible-kulakov.txt.clean.txt	108	175	63238	0.002767323444764224	6.924871414021527	8.17587306833549	0.070638140553418
rus-x-bible-kulakov.txt.clean.txt	109	176	63129	0.0027879421502003832	6.9281509219490545	8.185753419415086	0.07122267806046301
rus-x-bible-kulakov.txt.clean.txt	110	177	63022	0.002808543048459268	6.932930500010608	8.193881603229212	0.07159926250609838
rus-x-bible-kulakov.txt.clean.txt	111	178	62915	0.0028292140189144083	6.943812482901361	8.19848291599698	0.07115301167129429
rus-x-bible-kulakov.txt.clean.txt	112	179	62809	0.0028499100447388114	6.94913268993666	8.206426030089972	0.07144524975507238
rus-x-bible-kulakov.txt.clean.txt	113	180	62703	0.002870676044208411	6.955458894094884	8.213793466175602	0.07159699947901743
rus-x-bible-kulakov.txt.clean.txt	114	181	62597	0.0028915123727974185	6.964509305860176	8.218752790678824	0.07137967756711194
rus-x-bible-kulakov.txt.clean.txt	115	182	62492	0.0029123727837163157	6.968193994022372	8.230453910565103	0.07187205724663281
rus-x-bible-kulakov.txt.clean.txt	116	183	62387	0.0029333034125699265	6.973267452802589	8.237844348616045	0.07217323697766242
rus-x-bible-kulakov.txt.clean.txt	117	184	62282	0.00295430461449536	6.980351976309684	8.244521210613957	0.07220117052535269
rus-x-bible-kulakov.txt.clean.txt	118	185	62178	0.00297532889446428	6.987753878175839	8.250519374152516	0.07218165554227607
rus-x-bible-kulakov.txt.clean.txt	119	186	62074	0.0029964236234172117	6.992199709132332	8.258173053728811	0.0725490887882374
rus-x-bible-kulakov.txt.clean.txt	120	187	61972	0.0030174917704769897	6.998836149085296	8.264056226261783	0.07262037566780821
rus-x-bible-kulakov.txt.clean.txt	121	188	61872	0.003038531161106801	7.0089072840176225	8.268437952832443	0.07223180220308567
rus-x-bible-kulakov.txt.clean.txt	122	189	61773	0.003059589140886795	7.017055595552049	8.273617103791448	0.0720932757885211
rus-x-bible-kulakov.txt.clean.txt	123	190	61674	0.0030807147258163892	7.023342537983031	8.280621099348245	0.0721959702568773
rus-x-bible-kulakov.txt.clean.txt	124	191	61576	0.0031018578667013122	7.030571792688263	8.286164263153168	0.07216920775608848
rus-x-bible-kulakov.txt.clean.txt	125	192	61478	0.0031230684147174597	7.039343061894866	8.291000183587476	0.07193436207158765
rus-x-bible-kulakov.txt.clean.txt	126	193	61380	0.0031443466927337897	7.047610299115488	8.29588285559763	0.07176158330276705
rus-x-bible-kulakov.txt.clean.txt	127	194	61283	0.0031656413687319485	7.044755362527095	8.324451856926336	0.07304787452013306
rus-x-bible-kulakov.txt.clean.txt	128	195	61186	0.003187003562906547	7.049696725064583	8.333061453894661	0.07330213960568432
rus-x-bible-kulakov.txt.clean.txt	129	195	61089	0.0031920640377154645	7.051594899110581	8.33183903704764	0.07305262052767503
rus-x-bible-kulakov.txt.clean.txt	130	196	60992	0.003213536201469045	7.059033252891762	8.336735423295405	0.0729740991579454
rus-x-bible-kulakov.txt.clean.txt	131	197	60896	0.003235023646873358	7.068725085393584	8.340839406428294	0.07259550934176895
rus-x-bible-kulakov.txt.clean.txt	132	198	60800	0.003256578947368421	7.071320603082343	8.35389721385219	0.07314326027552287
rus-x-bible-kulakov.txt.clean.txt	133	199	60705	0.003278148422699942	7.081655101553201	8.357668452545886	0.07267209618991843
rus-x-bible-kulakov.txt.clean.txt	134	200	60610	0.0032997855139415937	7.0869251217855425	8.364728831699734	0.0728599615380251
rus-x-bible-kulakov.txt.clean.txt	135	201	60516	0.003321435653380924	7.095945482600521	8.368814308716255	0.07255292879780195
rus-x-bible-kulakov.txt.clean.txt	136	202	60422	0.0033431531561351827	7.101909740699824	8.375127341892092	0.07264120915241123
rus-x-bible-kulakov.txt.clean.txt	137	203	60329	0.003364882560625901	7.102071632979787	8.390157611627266	0.07348200917621728
rus-x-bible-kulakov.txt.clean.txt	138	204	60237	0.0033866228397828576	7.1077152007616595	8.396651249041298	0.0736025593003331
rus-x-bible-kulakov.txt.clean.txt	139	205	60146	0.003408372959132777	7.116000889506043	8.400870409241218	0.07337465592699322
rus-x-bible-kulakov.txt.clean.txt	140	206	60057	0.00343007476230914	7.12235783794608	8.406491408559564	0.07339395700840123
rus-x-bible-kulakov.txt.clean.txt	141	207	59968	0.0034518409818569905	7.129525641371521	8.411449325174981	0.07330373330627082
rus-x-bible-kulakov.txt.clean.txt	142	208	59879	0.003473671905008434	7.13467641968543	8.41718782924151	0.07347155736091371
rus-x-bible-kulakov.txt.clean.txt	143	209	59791	0.003495509357595625	7.141345799180197	8.422028800643957	0.07343803801028659
rus-x-bible-kulakov.txt.clean.txt	144	210	59703	0.0035174111853675696	7.145748869752784	8.429985678424199	0.073694393912074
rus-x-bible-kulakov.txt.clean.txt	145	211	59615	0.0035393776734043447	7.151806743382403	8.435250552430952	0.0737320466181065
rus-x-bible-kulakov.txt.clean.txt	146	212	59528	0.003561349281010617	7.15712965006197	8.44078086226829	0.07386085401075615
rus-x-bible-kulakov.txt.clean.txt	147	213	59441	0.003583385205497889	7.1591620110766945	8.449640266264568	0.07441101701402186
rus-x-bible-kulakov.txt.clean.txt	148	214	59354	0.003605485729689659	7.16338780940437	8.455816429130525	0.07467307914795018
rus-x-bible-kulakov.txt.clean.txt	149	215	59267	0.0036276511380700896	7.171372110374437	8.459746845286581	0.07444584181272496
rus-x-bible-kulakov.txt.clean.txt	150	216	59180	0.003649881716796215	7.179557589021525	8.463512522185994	0.07418933066165523
rus-x-bible-kulakov.txt.clean.txt	151	217	59094	0.00367211561241412	7.189290848516202	8.466883228239944	0.07373015609768074
rus-x-bible-kulakov.txt.clean.txt	152	218	59008	0.00369441431670282	7.197300083898501	8.470703413252973	0.07349004825459249
rus-x-bible-kulakov.txt.clean.txt	153	219	58923	0.0037167150348760246	7.2052759842761045	8.474592908383695	0.07325101909019793
rus-x-bible-kulakov.txt.clean.txt	154	220	58838	0.0037390801862741767	7.212296697922058	8.478806150718565	0.07313156524733355
rus-x-bible-kulakov.txt.clean.txt	155	221	58753	0.00376151005055061	7.220030376482719	8.482611515677554	0.07291721725818401
rus-x-bible-kulakov.txt.clean.txt	156	222	58669	0.003783940411460908	7.227151778811593	8.486770147834768	0.07277826809158261
rus-x-bible-kulakov.txt.clean.txt	157	223	58585	0.0038064350943074164	7.230976750853106	8.500918481463017	0.07305864148737773
rus-x-bible-kulakov.txt.clean.txt	158	223	58501	0.0038119006512709183	7.23583940469345	8.497527172629557	0.07243529624481249
rus-x-bible-kulakov.txt.clean.txt	159	224	58418	0.003834434592077784	7.242861336174613	8.501835515373159	0.07230279544332796
rus-x-bible-kulakov.txt.clean.txt	160	224	58335	0.00383989028884889	7.2452532390766375	8.499824378406263	0.0719964301088577
rus-x-bible-kulakov.txt.clean.txt	161	224	58252	0.0038453615326512394	7.24853640824769	8.497304905821036	0.07157590751140575
rus-x-bible-kulakov.txt.clean.txt	162	225	58170	0.0038679731820526046	7.256517304661495	8.501006415292796	0.07131808185029886
rus-x-bible-kulakov.txt.clean.txt	163	226	58089	0.0038905816936080843	7.264588192712858	8.504679926612543	0.07104578710699239
rus-x-bible-kulakov.txt.clean.txt	164	227	58008	0.003913253344366294	7.270809644840131	8.509072086318866	0.07100688679731759
rus-x-bible-kulakov.txt.clean.txt	165	228	57928	0.003935920452976108	7.27968146267889	8.51253451159041	0.0706263652988165
rus-x-bible-kulakov.txt.clean.txt	166	229	57849	0.0039585818250963715	7.284831125402939	8.518375718692923	0.07071798076429192
rus-x-bible-kulakov.txt.clean.txt	167	230	57770	0.003981305175696728	7.289578070673077	8.523671463234052	0.07085752153931824
rus-x-bible-kulakov.txt.clean.txt	168	231	57693	0.004003951952576569	7.2987712250599035	8.527068834508594	0.07042734216788271
rus-x-bible-kulakov.txt.clean.txt	169	232	57616	0.004026659261316301	7.304791074475601	8.531788304877544	0.07039848034692153
rus-x-bible-kulakov.txt.clean.txt	170	233	57540	0.004049356969064998	7.309332500345463	8.538707445463064	0.07055449020442894
rus-x-bible-kulakov.txt.clean.txt	171	234	57464	0.004072114715300014	7.314299811930918	8.547103711478076	0.07065300369992511
rus-x-bible-kulakov.txt.clean.txt	172	235	57389	0.004094861384585896	7.319367874725254	8.552276849751902	0.07073546284728327
rus-x-bible-kulakov.txt.clean.txt	173	236	57314	0.0041176675855811844	7.3275717910884275	8.555799462221966	0.0704168963122529
rus-x-bible-kulakov.txt.clean.txt	174	237	57240	0.004140461215932914	7.334591692399843	8.559723346017428	0.07024586033723546
rus-x-bible-kulakov.txt.clean.txt	175	238	57167	0.0041632410306645445	7.339667103935269	8.565010283978259	0.07031836275598413
rus-x-bible-kulakov.txt.clean.txt	176	239	57094	0.004186079097628473	7.339687065688855	8.576985524969686	0.07102761708690497
rus-x-bible-kulakov.txt.clean.txt	177	240	57023	0.004208828016765165	7.3452791031604665	8.581712252616423	0.07102810967941942
rus-x-bible-kulakov.txt.clean.txt	178	241	56952	0.004231633656412418	7.349821718076051	8.58687164223138	0.07115828292654736
rus-x-bible-kulakov.txt.clean.txt	179	241	56881	0.004236915666039626	7.3507615260037245	8.585965356116304	0.0710395136770684
rus-x-bible-kulakov.txt.clean.txt	180	242	56811	0.004259738430937671	7.3564453184270215	8.590509949981115	0.07102255740448149
rus-x-bible-kulakov.txt.clean.txt	181	243	56741	0.004282617507622355	7.3633529698027544	8.594455420087792	0.07084830506053785
rus-x-bible-kulakov.txt.clean.txt	182	244	56672	0.004305477131564088	7.370821998069848	8.598233811744478	0.07060066620048977
rus-x-bible-kulakov.txt.clean.txt	183	245	56603	0.00432839248803067	7.375825652959217	8.603458641165703	0.07066119058895026
rus-x-bible-kulakov.txt.clean.txt	184	246	56537	0.004351132886428357	7.382027532009054	8.60776456648356	0.07056795086158252
rus-x-bible-kulakov.txt.clean.txt	185	247	56471	0.004373926440119707	7.388670041978365	8.611926917650853	0.07041662435804752
rus-x-bible-kulakov.txt.clean.txt	186	247	56405	0.004379044410956476	7.389531011129181	8.610964185069083	0.0703083041048772
rus-x-bible-kulakov.txt.clean.txt	187	248	56340	0.004401845935392262	7.393780517282129	8.617240439305458	0.07045536358876825
rus-x-bible-kulakov.txt.clean.txt	188	249	56275	0.0044247001332741	7.393479943709247	8.631029812784538	0.07117108679038298
rus-x-bible-kulakov.txt.clean.txt	189	250	56210	0.004447607187333215	7.397873084247837	8.636123574884184	0.07129382118817207
rus-x-bible-kulakov.txt.clean.txt	190	251	56145	0.00447056728114703	7.404709937322233	8.64002241860051	0.07110713411929004
rus-x-bible-kulakov.txt.clean.txt	191	252	56081	0.004493500472530804	7.40622521107981	8.649595797289768	0.07158514153901785
rus-x-bible-kulakov.txt.clean.txt	192	253	56017	0.0045164860667297425	7.411346263989813	8.65440863819565	0.07160813864570692
rus-x-bible-kulakov.txt.clean.txt	193	254	55953	0.00453952424356156	7.417031299869854	8.658649798800216	0.07155788584932732
rus-x-bible-kulakov.txt.clean.txt	194	255	55890	0.004562533548040795	7.421888939813485	8.66358483678215	0.07160860494433008
rus-x-bible-kulakov.txt.clean.txt	195	256	55827	0.004585594783885934	7.428574934099613	8.667469784849539	0.07142813323754837
rus-x-bible-kulakov.txt.clean.txt	196	257	55765	0.004608625481933112	7.431920060177765	8.673372123654394	0.07166267734525256
rus-x-bible-kulakov.txt.clean.txt	197	258	55703	0.004631707448431862	7.43539593838582	8.683443232696636	0.0718780404896916
rus-x-bible-kulakov.txt.clean.txt	198	259	55641	0.004654840854765371	7.439932555095633	8.688270232557201	0.07195827964066148
rus-x-bible-kulakov.txt.clean.txt	199	260	55579	0.00467802587308156	7.438331562016735	8.711637547447804	0.07280098153356107
rus-x-bible-kulakov.txt.clean.txt	200	261	55518	0.004701177996325516	7.441163189218246	8.71779307945622	0.07308790207587623
rus-x-bible-kulakov.txt.clean.txt	201	262	55457	0.004724381051986223	7.445720592704278	8.722364890997168	0.073157159621832
rus-x-bible-kulakov.txt.clean.txt	202	263	55396	0.00474763520831829	7.4514091395392885	8.726307067426205	0.07308319072944591
rus-x-bible-kulakov.txt.clean.txt	203	264	55336	0.004770854416654619	7.458827282770391	8.729758647081706	0.07279191296444865
rus-x-bible-kulakov.txt.clean.txt	204	265	55276	0.004794124032129677	7.463622817404254	8.73435078289997	0.07282444240349362
rus-x-bible-kulakov.txt.clean.txt	205	266	55216	0.004817444219066937	7.4675213908294955	8.739412371609486	0.07296591390530471
rus-x-bible-kulakov.txt.clean.txt	206	267	55156	0.004840815142504895	7.471766603703561	8.744648348498826	0.0730618463932925
rus-x-bible-kulakov.txt.clean.txt	207	268	55096	0.004864236968200959	7.474798944042714	8.750170244144627	0.07330569157536193
rus-x-bible-kulakov.txt.clean.txt	208	269	55036	0.0048877098626353655	7.476257131028473	8.759108237057502	0.07374193235284077
rus-x-bible-kulakov.txt.clean.txt	209	270	54977	0.0049111446604943884	7.479715625699627	8.764948106377403	0.07392764687722098
rus-x-bible-kulakov.txt.clean.txt	210	271	54918	0.00493462981171929	7.482059261919051	8.77730698318365	0.0742487890738397
rus-x-bible-kulakov.txt.clean.txt	211	272	54859	0.004958165478772854	7.489082435869571	8.780543051769538	0.07398864354945922
rus-x-bible-kulakov.txt.clean.txt	212	273	54800	0.0049817518248175185	7.49523185709686	8.784066007680636	0.07383457496848544
rus-x-bible-kulakov.txt.clean.txt	213	274	54742	0.005005297577728253	7.499835820794275	8.788569224139641	0.073869337147348
rus-x-bible-kulakov.txt.clean.txt	214	275	54684	0.005028893277741204	7.50578486426513	8.792162086993272	0.07373586601806537
rus-x-bible-kulakov.txt.clean.txt	215	276	54626	0.005052539083952696	7.511977778235244	8.795578794158281	0.07357031254240742
rus-x-bible-kulakov.txt.clean.txt	216	276	54568	0.005057909397449055	7.515014212923189	8.79365314716922	0.07319583816002984
rus-x-bible-kulakov.txt.clean.txt	217	277	54511	0.005081543174772064	7.520433290875539	8.797854401009438	0.07312394984108161
rus-x-bible-kulakov.txt.clean.txt	218	278	54455	0.005105132678358278	7.527116413126481	8.801215085081633	0.07289431642573774
rus-x-bible-kulakov.txt.clean.txt	219	279	54400	0.0051286764705882355	7.533572891797336	8.804698295705688	0.07269074369581097
rus-x-bible-kulakov.txt.clean.txt	220	280	54346	0.005152173113016597	7.53517523156059	8.813270853781704	0.07308243348718424
rus-x-bible-kulakov.txt.clean.txt	221	281	54292	0.0051757164959846755	7.541219231722277	8.816971061882658	0.07292549777284585
rus-x-bible-kulakov.txt.clean.txt	222	282	54238	0.005199306759098787	7.546698132959566	8.820786500387435	0.0728361053050558
rus-x-bible-kulakov.txt.clean.txt	223	283	54184	0.005222944042521778	7.548609483017045	8.832908545245102	0.07318278337085782
rus-x-bible-kulakov.txt.clean.txt	224	284	54130	0.005246628486975799	7.5534576560342686	8.83701481388921	0.0731666215806035
rus-x-bible-kulakov.txt.clean.txt	225	285	54076	0.0052703602337451	7.558354511063871	8.840928568546648	0.07314247724619882
rus-x-bible-kulakov.txt.clean.txt	226	285	54022	0.005275628447669468	7.5602892576343415	8.8392446437911	0.07290522528734489
rus-x-bible-kulakov.txt.clean.txt	227	286	53969	0.005299338509144138	7.562339694585084	8.845417970007713	0.07322807156285593
rus-x-bible-kulakov.txt.clean.txt	228	287	53916	0.0053230951851027525	7.5677572699342335	8.849053475957167	0.07313612538441772
rus-x-bible-kulakov.txt.clean.txt	229	288	53863	0.005346898613148172	7.567603311768862	8.859425323248953	0.07372426179764402
rus-x-bible-kulakov.txt.clean.txt	230	289	53810	0.0053707489314253854	7.573807306454432	8.862716216949028	0.07353196828847086
rus-x-bible-kulakov.txt.clean.txt	231	290	53758	0.005394545928047919	7.578686258732868	8.866683010895123	0.07349994048417574
rus-x-bible-kulakov.txt.clean.txt	232	291	53706	0.005418389006814881	7.581170422359368	8.874466627241477	0.07375859683336417
rus-x-bible-kulakov.txt.clean.txt	233	292	53655	0.005442176870748299	7.585991486067573	8.87861795122354	0.07372967130995789
rus-x-bible-kulakov.txt.clean.txt	234	293	53604	0.005466009999253787	7.5879359907835155	8.885423246483185	0.07404989243961102
rus-x-bible-kulakov.txt.clean.txt	235	294	53553	0.005489888521651448	7.587401037665581	8.896776987692835	0.0746702162503301
rus-x-bible-kulakov.txt.clean.txt	236	295	53502	0.005513812567754476	7.590810808523132	8.901274302318216	0.07480711970622289
rus-x-bible-kulakov.txt.clean.txt	237	296	53451	0.005537782267871509	7.595374332943206	8.905057261200984	0.0748014520987168
rus-x-bible-kulakov.txt.clean.txt	238	297	53400	0.005561797752808989	7.598095264416872	8.912312694365408	0.07501825133911066
rus-x-bible-kulakov.txt.clean.txt	239	298	53350	0.0055857544517338336	7.602911529576572	8.91596457780632	0.07497802111629392
rus-x-bible-kulakov.txt.clean.txt	240	299	53300	0.005609756097560975	7.608516205893215	8.919305022996832	0.07484014384820803
rus-x-bible-kulakov.txt.clean.txt	241	300	53250	0.005633802816901409	7.613426340877756	8.922950913601367	0.0747850174811715
rus-x-bible-kulakov.txt.clean.txt	242	301	53201	0.0056577883874363265	7.617544424434551	8.927003918190959	0.07482435144096966
rus-x-bible-kulakov.txt.clean.txt	243	302	53152	0.005681818181818182	7.623739105573819	8.930165615061874	0.07460978832676479
rus-x-bible-kulakov.txt.clean.txt	244	303	53103	0.005705892322467657	7.627549964149111	8.934401000217228	0.07468288556788061
rus-x-bible-kulakov.txt.clean.txt	245	304	53054	0.0057300109322577	7.630007765223771	8.94081010391055	0.07491818365433556
rus-x-bible-kulakov.txt.clean.txt	246	305	53005	0.005754174134515612	7.634443957626904	8.944499283303546	0.07491173365546122
rus-x-bible-kulakov.txt.clean.txt	247	306	52956	0.005778382053025153	7.637047940149349	8.950346570908401	0.0751254409216432
rus-x-bible-kulakov.txt.clean.txt	248	307	52907	0.0058026348120286545	7.642317645737557	8.953835700192046	0.07501453459831986
rus-x-bible-kulakov.txt.clean.txt	249	308	52859	0.005826822300838079	7.645302278188211	8.958841201136718	0.07517845772928944
rus-x-bible-kulakov.txt.clean.txt	250	309	52811	0.005851053757739865	7.649443939895764	8.9626209051079	0.07520061274652201
rus-x-bible-kulakov.txt.clean.txt	251	310	52764	0.00587521795163369	7.653798516430587	8.966462470560304	0.07519532795411499
rus-x-bible-kulakov.txt.clean.txt	252	311	52717	0.0058994252328470895	7.658775642350607	8.969886351439108	0.07511319236411929
rus-x-bible-kulakov.txt.clean.txt	253	312	52670	0.00592367571672679	7.663254849698124	8.973547321320112	0.07508957956775675
rus-x-bible-kulakov.txt.clean.txt	254	313	52623	0.005947969519031602	7.667830520169174	8.977208100474265	0.07505270352837135
rus-x-bible-kulakov.txt.clean.txt	255	313	52576	0.005953286670724285	7.670039403493951	8.975887065579903	0.07478625258711746
rus-x-bible-kulakov.txt.clean.txt	256	314	52529	0.005977650440708942	7.673308346529334	8.980325926752453	0.07490546236792284
rus-x-bible-kulakov.txt.clean.txt	257	315	52483	0.006001943486462283	7.6790347789123965	8.983466569526172	0.0747267977981586
rus-x-bible-kulakov.txt.clean.txt	258	316	52437	0.006026279154032458	7.684070548673967	8.986799913787701	0.07462988466298048
rus-x-bible-kulakov.txt.clean.txt	259	316	52391	0.006031570307877307	7.686452445819608	8.984014443307517	0.07434303976450896
rus-x-bible-kulakov.txt.clean.txt	260	317	52346	0.0060558590914301	7.690834670128069	8.987927328252159	0.07432344272077418
rus-x-bible-kulakov.txt.clean.txt	261	318	52301	0.006080189671325596	7.696770227454303	8.991205535453735	0.07411540991785526
rus-x-bible-kulakov.txt.clean.txt	262	319	52256	0.006104562155541947	7.701904819841332	8.99465067946776	0.07400231568467641
rus-x-bible-kulakov.txt.clean.txt	263	320	52211	0.006128976652429565	7.706820159957439	8.998182677591636	0.07391411316180674
rus-x-bible-kulakov.txt.clean.txt	264	321	52166	0.006153433270712725	7.7094603061412155	9.002975455965332	0.07409768880350154
rus-x-bible-kulakov.txt.clean.txt	265	322	52121	0.006177932119491184	7.710462915772444	9.010100507279416	0.07447607165210235
rus-x-bible-kulakov.txt.clean.txt	266	323	52076	0.0062024733082418	7.71315820463661	9.015111773048684	0.07464943134989666
rus-x-bible-kulakov.txt.clean.txt	267	324	52031	0.006227056946820165	7.7152991330680285	9.023725030397006	0.07488754229399486
rus-x-bible-kulakov.txt.clean.txt	268	325	51987	0.006251562890722681	7.719650299239692	9.027187858939845	0.07485899536275475
rus-x-bible-kulakov.txt.clean.txt	269	326	51943	0.006276110351731706	7.720999982318162	9.03339802861145	0.07518847904932524
rus-x-bible-kulakov.txt.clean.txt	270	327	51899	0.006300699435441916	7.720264618779337	9.045828621285295	0.07576572277969118
rus-x-bible-kulakov.txt.clean.txt	271	328	51855	0.006325330247806384	7.724887495678616	9.049122526114191	0.07569973942009334
rus-x-bible-kulakov.txt.clean.txt	272	329	51811	0.006350002895138098	7.726736190242026	9.060389693020934	0.0759641060357753
rus-x-bible-kulakov.txt.clean.txt	273	330	51768	0.0063745943439962914	7.728921525039432	9.066049284708185	0.07618648587560317
rus-x-bible-kulakov.txt.clean.txt	274	331	51725	0.006399226679555341	7.732679172019778	9.069784363322206	0.07621933585389862
rus-x-bible-kulakov.txt.clean.txt	275	332	51682	0.006423900003869819	7.734889695188526	9.074521741149383	0.07643542951718929
rus-x-bible-kulakov.txt.clean.txt	276	333	51640	0.00644848954298993	7.739502084480854	9.077783810417715	0.07636321628641951
rus-x-bible-kulakov.txt.clean.txt	277	334	51598	0.006473119113143921	7.744292536953537	9.080944994412286	0.07626840513620059
rus-x-bible-kulakov.txt.clean.txt	278	335	51556	0.006497788812165412	7.746516590592761	9.087591921289784	0.07647822756316358
rus-x-bible-kulakov.txt.clean.txt	279	336	51514	0.006522498738207089	7.7506794104070345	9.091079014159082	0.07645540320366884
rus-x-bible-kulakov.txt.clean.txt	280	337	51472	0.006547248989741995	7.756157763760441	9.09395108590138	0.07627452215647479
rus-x-bible-kulakov.txt.clean.txt	281	338	51430	0.006572039665564845	7.758901255227244	9.099672553210137	0.07641797337101741
rus-x-bible-kulakov.txt.clean.txt	282	338	51388	0.006577411068731999	7.761540750079023	9.097881638795982	0.07610378068776336
rus-x-bible-kulakov.txt.clean.txt	283	338	51346	0.006582791259299653	7.761928242534245	9.097658825025864	0.0760576554626412
rus-x-bible-kulakov.txt.clean.txt	284	339	51305	0.006607543124451808	7.764593284561231	9.103417144959394	0.07620908956553063
rus-x-bible-kulakov.txt.clean.txt	285	340	51264	0.006632334581772784	7.767256414241385	9.107793204598913	0.07635921873210472
rus-x-bible-kulakov.txt.clean.txt	286	341	51223	0.006657165726333874	7.7705770496076445	9.111875117234643	0.07642967871186934
rus-x-bible-kulakov.txt.clean.txt	287	342	51182	0.006682036653511	7.775717142445913	9.11478663736117	0.07628256390860377
rus-x-bible-kulakov.txt.clean.txt	288	343	51141	0.006706947458985941	7.779731491908608	9.118233235468857	0.0762679096038461
rus-x-bible-kulakov.txt.clean.txt	289	344	51100	0.006731898238747554	7.78197944685775	9.123498214950024	0.07646155522051667
rus-x-bible-kulakov.txt.clean.txt	290	345	51059	0.00675688908909301	7.785066957835688	9.12740897702179	0.07655408649472095
rus-x-bible-kulakov.txt.clean.txt	291	346	51018	0.006781920106629033	7.788328072895942	9.131115401283903	0.07662461667523535
rus-x-bible-kulakov.txt.clean.txt	292	347	50977	0.006806991388273143	7.790870401912891	9.135561985472725	0.07677893494522126
rus-x-bible-kulakov.txt.clean.txt	293	348	50936	0.006832103031254908	7.795091620611609	9.13874091404652	0.07673293982787621
rus-x-bible-kulakov.txt.clean.txt	294	349	50895	0.006857255133117202	7.798853877207822	9.1420030617792	0.07674002157223947
rus-x-bible-kulakov.txt.clean.txt	295	350	50854	0.006882447791717466	7.803893349986343	9.144746681687124	0.07659467421653832
rus-x-bible-kulakov.txt.clean.txt	296	351	50814	0.006907545164718385	7.806691307555715	9.150623250481367	0.07671328333588512
rus-x-bible-kulakov.txt.clean.txt	297	351	50774	0.006912986961830858	7.809547723004478	9.14783175660649	0.07637545898274789
rus-x-bible-kulakov.txt.clean.txt	298	352	50734	0.006938147987542871	7.808300550381329	9.160551505655569	0.07697101857546029
rus-x-bible-kulakov.txt.clean.txt	299	352	50694	0.006943622519430307	7.809563915458845	9.159551535429442	0.07682167460833922
rus-x-bible-kulakov.txt.clean.txt	300	353	50655	0.006968709900305991	7.8117095618696375	9.166141514839605	0.07701458430958763
rus-x-bible-kulakov.txt.clean.txt	301	354	50616	0.006993835941204362	7.81432136765095	9.172295692024987	0.07715099369805234
rus-x-bible-kulakov.txt.clean.txt	302	355	50577	0.007019000731557823	7.8204219207379495	9.174888431971908	0.076874204590341
rus-x-bible-kulakov.txt.clean.txt	303	356	50538	0.007044204361074835	7.822674502038374	9.180966382351372	0.0770504327734105
rus-x-bible-kulakov.txt.clean.txt	304	357	50499	0.007069446919740985	7.828025315182863	9.183609161146787	0.07685988652453124
rus-x-bible-kulakov.txt.clean.txt	305	358	50461	0.007094587899566002	7.831854610464541	9.186956067619757	0.07684763364934244
rus-x-bible-kulakov.txt.clean.txt	306	359	50423	0.007119766773099578	7.836453859098951	9.189879183286767	0.07674345559393236
rus-x-bible-kulakov.txt.clean.txt	307	360	50385	0.00714498362607919	7.84158665182098	9.192605851476285	0.07657532898087349
rus-x-bible-kulakov.txt.clean.txt	308	361	50347	0.007170238544501162	7.844732110575777	9.196111114616773	0.07664006909849086
rus-x-bible-kulakov.txt.clean.txt	309	362	50309	0.007195531614621638	7.848305107401757	9.199553505907696	0.07665324622785963
rus-x-bible-kulakov.txt.clean.txt	310	363	50271	0.00722086292295757	7.850058647740509	9.206550056512116	0.07687917302140379
rus-x-bible-kulakov.txt.clean.txt	311	364	50233	0.007246232556287699	7.853340874532224	9.209868988805859	0.07692402007145627
rus-x-bible-kulakov.txt.clean.txt	312	365	50195	0.007271640601653551	7.857841967092187	9.212648218495845	0.07682444653578668
rus-x-bible-kulakov.txt.clean.txt	313	366	50157	0.007297087146360428	7.856252009047994	9.227230851022309	0.0774390645230787
rus-x-bible-kulakov.txt.clean.txt	314	367	50119	0.007322572277978411	7.857523952035461	9.232297972220621	0.07771602931836308
rus-x-bible-kulakov.txt.clean.txt	315	367	50081	0.007328128431940257	7.85841254161264	9.231520028939244	0.07761173031417945
rus-x-bible-kulakov.txt.clean.txt	316	367	50043	0.00733369302399936	7.860229059053425	9.230266603504724	0.07739851493891281
rus-x-bible-kulakov.txt.clean.txt	317	368	50006	0.007359116905971284	7.8649723047454465	9.232963913456796	0.0772669518573228
rus-x-bible-kulakov.txt.clean.txt	318	369	49969	0.007384578438631952	7.8628913521059145	9.252374205497595	0.07793461694263926
rus-x-bible-kulakov.txt.clean.txt	319	370	49932	0.007410077705679724	7.86678473709774	9.255302410136308	0.07790024704608056
rus-x-bible-kulakov.txt.clean.txt	320	371	49895	0.007435614791061229	7.870611731665328	9.258253527050776	0.07787254840963564
rus-x-bible-kulakov.txt.clean.txt	321	372	49858	0.007461189778972282	7.873282194545574	9.26228040101757	0.07797918170771834
rus-x-bible-kulakov.txt.clean.txt	322	373	49821	0.007486802753858815	7.877908365274279	9.264872143828805	0.07785566868707816
rus-x-bible-kulakov.txt.clean.txt	323	374	49784	0.007512453800417805	7.880473275720226	9.270071003713618	0.07797231933716575
rus-x-bible-kulakov.txt.clean.txt	324	375	49747	0.0075381430035982066	7.881448237783584	9.286297778436063	0.07827369519861904
rus-x-bible-kulakov.txt.clean.txt	325	376	49711	0.007563718291726178	7.883078214355169	9.29193909781384	0.07849712580760426
rus-x-bible-kulakov.txt.clean.txt	326	377	49675	0.00758933064921993	7.8847870886970215	9.296997433686197	0.07871003858542092
rus-x-bible-kulakov.txt.clean.txt	327	378	49639	0.007614980156731602	7.888897161366238	9.299682391503417	0.07864122848823563
rus-x-bible-kulakov.txt.clean.txt	328	379	49603	0.007640666895147471	7.893379966918184	9.302257795085328	0.07852788089538232
rus-x-bible-kulakov.txt.clean.txt	329	380	49567	0.007666390945588799	7.894358834968057	9.309139732814254	0.07882242178108867
rus-x-bible-kulakov.txt.clean.txt	330	381	49531	0.007692152389412691	7.897108730478197	9.312487570168873	0.07890906194530778
rus-x-bible-kulakov.txt.clean.txt	331	382	49495	0.007717951308212951	7.900838045302697	9.315276098975346	0.07888037269648696
rus-x-bible-kulakov.txt.clean.txt	332	383	49459	0.007743787783820942	7.902404500979917	9.321205175338749	0.07910269366909162
rus-x-bible-kulakov.txt.clean.txt	333	383	49423	0.0077494284037796166	7.903222912561424	9.320488713689304	0.0790073210491774
rus-x-bible-kulakov.txt.clean.txt	334	384	49388	0.007775168057017899	7.906139207653057	9.323905446886164	0.07907120071998874
rus-x-bible-kulakov.txt.clean.txt	335	385	49353	0.0078009442181832915	7.91032083119173	9.326535818240217	0.07898665087555823
rus-x-bible-kulakov.txt.clean.txt	336	386	49318	0.007826756965002636	7.9142202305189295	9.329312528362435	0.07893397706935656
rus-x-bible-kulakov.txt.clean.txt	337	387	49283	0.007852606375423574	7.917497732029407	9.33233707561233	0.07895265732470436
rus-x-bible-kulakov.txt.clean.txt	338	388	49248	0.007878492527615334	7.921785861614515	9.334848672970352	0.0788527736288257
rus-x-bible-kulakov.txt.clean.txt	339	389	49213	0.00790441549996952	7.925582731069135	9.337559655766928	0.07880904943206779
rus-x-bible-kulakov.txt.clean.txt	340	390	49178	0.007930375371100898	7.9294374098852405	9.340255894564184	0.07875762625043947
rus-x-bible-kulakov.txt.clean.txt	341	391	49143	0.007956372219848198	7.934240277477308	9.342575437876985	0.07859511913630468
rus-x-bible-kulakov.txt.clean.txt	342	392	49108	0.007982406125274904	7.938353289769502	9.345099898632345	0.07851182066308726
rus-x-bible-kulakov.txt.clean.txt	343	393	49073	0.008008477166670063	7.941568909300662	9.347987209859465	0.07853171487636201
rus-x-bible-kulakov.txt.clean.txt	344	394	49039	0.008034421582821836	7.941722668039808	9.354805452112666	0.07890571358911902
rus-x-bible-kulakov.txt.clean.txt	345	394	49005	0.008039995918783797	7.944300662667503	9.352452745562903	0.07860671345763315
rus-x-bible-kulakov.txt.clean.txt	346	395	48971	0.00806599824385861	7.947904030753422	9.355172159382054	0.07857960715379753
rus-x-bible-kulakov.txt.clean.txt	347	396	48937	0.008092036700247256	7.952124924995651	9.357672635065887	0.07847997537940565
rus-x-bible-kulakov.txt.clean.txt	348	397	48903	0.008118111363311043	7.956392257720776	9.360125217445912	0.07837406647070755
rus-x-bible-kulakov.txt.clean.txt	349	398	48869	0.008144222308621007	7.957713854567075	9.364677494516972	0.07860834478804046
rus-x-bible-kulakov.txt.clean.txt	350	399	48835	0.008170369611958637	7.960606255309372	9.367984318386432	0.07865965443453293
