file	merge	types	tokens	TTR	H	Hcross	R
tur-x-bible-2009.txt.clean.txt	0	62	108340	0.0005722724755399668	4.985318959683238	7.825312757120097	0.16272176800980953
tur-x-bible-2009.txt.clean.txt	1	63	106414	0.0005920273648204184	5.062671953999257	7.7808313145556705	0.15301407683867063
tur-x-bible-2009.txt.clean.txt	2	64	104891	0.0006101572108188501	5.12615223445327	7.74575572292247	0.14564129425778827
tur-x-bible-2009.txt.clean.txt	3	65	103685	0.0006268987799585282	5.18151071064969	7.717994373584016	0.1396223426539478
tur-x-bible-2009.txt.clean.txt	4	66	102728	0.0006424733276224593	5.227414272572688	7.69771574031014	0.13516323235263794
tur-x-bible-2009.txt.clean.txt	5	67	101844	0.0006578688975295551	5.266926458991299	7.681165931600787	0.13174266094266984
tur-x-bible-2009.txt.clean.txt	6	68	101000	0.0006732673267326732	5.306736317676897	7.665566122126186	0.1282515464871542
tur-x-bible-2009.txt.clean.txt	7	69	100170	0.0006888289907157831	5.351550833083962	7.649161347139967	0.12392086322160012
tur-x-bible-2009.txt.clean.txt	8	70	99360	0.0007045088566827697	5.376009890742857	7.643024938601741	0.12289742929468528
tur-x-bible-2009.txt.clean.txt	9	71	98590	0.0007201541738513033	5.406605511157902	7.633382917095764	0.12084100271209774
tur-x-bible-2009.txt.clean.txt	10	72	97833	0.000735947993008494	5.444800226914574	7.621107667141941	0.11752570320680222
tur-x-bible-2009.txt.clean.txt	11	73	97082	0.0007519416575678293	5.481401886026596	7.60917994769927	0.11444955606005136
tur-x-bible-2009.txt.clean.txt	12	74	96332	0.0007681767221691649	5.513175485472105	7.59920501484895	0.11213191228892017
tur-x-bible-2009.txt.clean.txt	13	75	95703	0.0007836744929626031	5.533022002308968	7.599132309067868	0.1117060429529888
tur-x-bible-2009.txt.clean.txt	14	76	95076	0.0007993605115907274	5.568282753805848	7.590707837628743	0.10877923250155419
tur-x-bible-2009.txt.clean.txt	15	77	94470	0.0008150735683285699	5.59740416602292	7.584818633449242	0.10681429315091295
tur-x-bible-2009.txt.clean.txt	16	78	93866	0.0008309718108793386	5.631856787847861	7.577188626975871	0.10397829896281319
tur-x-bible-2009.txt.clean.txt	17	79	93265	0.0008470487321074357	5.655728044515105	7.573762756368379	0.10280381402056193
tur-x-bible-2009.txt.clean.txt	18	80	92706	0.0008629430673311329	5.67869050037816	7.571472270794567	0.10174705957655528
tur-x-bible-2009.txt.clean.txt	19	81	92154	0.0008789634741845172	5.704274516013586	7.569108887009004	0.1002508713269008
tur-x-bible-2009.txt.clean.txt	20	82	91609	0.0008951085592026984	5.714501483549689	7.5907274484366765	0.10114750466866607
tur-x-bible-2009.txt.clean.txt	21	83	91075	0.0009113368103211639	5.740737489094272	7.58729868814571	0.09949772845854177
tur-x-bible-2009.txt.clean.txt	22	84	90542	0.0009277462393143513	5.7636180094087255	7.585312009857786	0.09835234575956608
tur-x-bible-2009.txt.clean.txt	23	85	90045	0.0009439724582153368	5.785837244522344	7.5843724088726825	0.09728751106436828
tur-x-bible-2009.txt.clean.txt	24	86	89561	0.0009602393899130202	5.809709002979391	7.583356315202154	0.09594309840278104
tur-x-bible-2009.txt.clean.txt	25	87	89087	0.0009765734618967976	5.83806538906134	7.580166930879887	0.09388226160560287
tur-x-bible-2009.txt.clean.txt	26	88	88618	0.0009930262474892235	5.861059565407539	7.579031634266864	0.09263540332299292
tur-x-bible-2009.txt.clean.txt	27	89	88157	0.0010095624851117892	5.8829698154241745	7.578562363698053	0.09153613592364362
tur-x-bible-2009.txt.clean.txt	28	90	87700	0.0010262257696693272	5.91011476285975	7.576051048061496	0.08961052026867722
tur-x-bible-2009.txt.clean.txt	29	91	87314	0.0010422154522756945	5.919695034022308	7.586460703158736	0.0903684948113902
tur-x-bible-2009.txt.clean.txt	30	92	86930	0.0010583227884504774	5.933035260699371	7.5922981066688635	0.09052212569382412
tur-x-bible-2009.txt.clean.txt	31	93	86551	0.001074510981964391	5.952459507635749	7.594938074738012	0.08972091371686208
tur-x-bible-2009.txt.clean.txt	32	94	86174	0.0010908162554830922	5.9632795034075885	7.60351933506686	0.09021303420407589
tur-x-bible-2009.txt.clean.txt	33	95	85810	0.0011070970749329915	5.983733035152292	7.605244566625115	0.08921392007998163
tur-x-bible-2009.txt.clean.txt	34	96	85458	0.0011233588429403918	5.991854716243925	7.621021824631405	0.09007003220022547
tur-x-bible-2009.txt.clean.txt	35	97	85108	0.001139728345161442	6.00316523436444	7.62807193652698	0.09041749824455758
tur-x-bible-2009.txt.clean.txt	36	98	84758	0.0011562330399490313	6.021261508783773	7.630637986300583	0.08971645760991276
tur-x-bible-2009.txt.clean.txt	37	99	84409	0.0011728607139049154	6.0442348120343095	7.631294185114013	0.08826223140161582
tur-x-bible-2009.txt.clean.txt	38	100	84070	0.0011894849530153444	6.055661281311194	7.6380690557545945	0.08853215537217629
tur-x-bible-2009.txt.clean.txt	39	101	83738	0.0012061429697389477	6.078348369027407	7.639118238046988	0.08708992125385817
tur-x-bible-2009.txt.clean.txt	40	102	83426	0.0012226404238486802	6.090213574964693	7.64626792050284	0.08725639286580256
tur-x-bible-2009.txt.clean.txt	41	103	83116	0.0012392319168391165	6.107906575744007	7.649895856908875	0.08653165420192566
tur-x-bible-2009.txt.clean.txt	42	104	82808	0.00125591730267607	6.128759877358398	7.651955426495723	0.08531974987177338
tur-x-bible-2009.txt.clean.txt	43	105	82503	0.001272680993418421	6.13624878142287	7.662453347820022	0.08608513566006226
tur-x-bible-2009.txt.clean.txt	44	106	82199	0.0012895534008929548	6.156984204615121	7.664402416378971	0.08486073130678018
tur-x-bible-2009.txt.clean.txt	45	107	81898	0.0013065032113116315	6.170685481209212	7.671077669459054	0.08466725511573558
tur-x-bible-2009.txt.clean.txt	46	108	81601	0.001323513192240291	6.18800212228166	7.674257147346283	0.08392225328700809
tur-x-bible-2009.txt.clean.txt	47	109	81307	0.0013405979804936845	6.201070740544744	7.679533258866213	0.0837910962554752
tur-x-bible-2009.txt.clean.txt	48	110	81018	0.0013577229751413266	6.221225062705476	7.681674496424984	0.08259916513528376
tur-x-bible-2009.txt.clean.txt	49	111	80732	0.0013749194866967249	6.233808903548882	7.687478029112384	0.0825099572691268
tur-x-bible-2009.txt.clean.txt	50	112	80452	0.001392134440411674	6.246350348652734	7.693056206634477	0.0824115357327806
tur-x-bible-2009.txt.clean.txt	51	113	80178	0.001409364164733468	6.261136326731708	7.697876792649485	0.08196891001896955
tur-x-bible-2009.txt.clean.txt	52	114	79907	0.0014266584904952006	6.276174932123485	7.702968094581194	0.08147578563201996
tur-x-bible-2009.txt.clean.txt	53	115	79637	0.0014440523877092305	6.2946815642272185	7.705687112550262	0.08046297381458745
tur-x-bible-2009.txt.clean.txt	54	116	79368	0.0014615462150992843	6.3099752010077585	7.710209385018218	0.0799077446422144
tur-x-bible-2009.txt.clean.txt	55	117	79109	0.001478972051220468	6.3238050754246435	7.715470968011178	0.07955322118501773
tur-x-bible-2009.txt.clean.txt	56	118	78851	0.0014964933862601617	6.327452988500337	7.729711790306616	0.08066524108249107
tur-x-bible-2009.txt.clean.txt	57	119	78595	0.0015140912271773015	6.347202532456119	7.732033493361657	0.07942417764339771
tur-x-bible-2009.txt.clean.txt	58	120	78339	0.0015318040822578792	6.365195771014554	7.734792127073748	0.0784281750370246
tur-x-bible-2009.txt.clean.txt	59	121	78092	0.001549454489576397	6.380268731778538	7.738875939453731	0.07784436359349312
tur-x-bible-2009.txt.clean.txt	60	122	77845	0.0015672169053889138	6.3884488104811545	7.7477372789061905	0.07824398771291796
tur-x-bible-2009.txt.clean.txt	61	123	77599	0.0015850719725769662	6.40584800976065	7.750724372280404	0.0773014583067646
tur-x-bible-2009.txt.clean.txt	62	124	77362	0.0016028541144231018	6.420103003679965	7.7552913413365125	0.0768015861026502
tur-x-bible-2009.txt.clean.txt	63	125	77131	0.001620619465584525	6.434342622671297	7.759987880423672	0.07629315526766567
tur-x-bible-2009.txt.clean.txt	64	126	76901	0.0016384702409591554	6.445943554981815	7.7658676201319565	0.07615236515429569
tur-x-bible-2009.txt.clean.txt	65	127	76676	0.0016563201001617194	6.455482565314782	7.775556648866748	0.07629506056649005
tur-x-bible-2009.txt.clean.txt	66	128	76458	0.0016741217400402836	6.46737300005109	7.781452391516931	0.07608957142127282
tur-x-bible-2009.txt.clean.txt	67	129	76251	0.0016917810913955227	6.480882079453018	7.786913010115798	0.07564227440495652
tur-x-bible-2009.txt.clean.txt	68	130	76045	0.0017095141034913538	6.488799693566996	7.795345478699052	0.07598122651330519
tur-x-bible-2009.txt.clean.txt	69	131	75841	0.0017272978995530122	6.498108541556155	7.804246693392749	0.07611009033073657
tur-x-bible-2009.txt.clean.txt	70	132	75637	0.0017451776247074844	6.513327958494482	7.808513436252902	0.07538847938739923
tur-x-bible-2009.txt.clean.txt	71	133	75437	0.0017630605670957223	6.529103302048732	7.812607207500951	0.07457945706110902
tur-x-bible-2009.txt.clean.txt	72	134	75239	0.0017809912412445673	6.542103351675372	7.817696430523035	0.07415499927314861
tur-x-bible-2009.txt.clean.txt	73	135	75041	0.0017990165376260978	6.5579242422037	7.8216552682873015	0.07332271806875568
tur-x-bible-2009.txt.clean.txt	74	136	74843	0.0018171372072204482	6.5644877884417125	7.830929039105954	0.0737887541032054
tur-x-bible-2009.txt.clean.txt	75	137	74647	0.0018353048347555829	6.576439614434133	7.836555791703227	0.07348409565216307
tur-x-bible-2009.txt.clean.txt	76	138	74452	0.0018535432224789125	6.588437328334742	7.842305834602028	0.0731638656665955
tur-x-bible-2009.txt.clean.txt	77	139	74261	0.0018717765718210097	6.597317800189849	7.849260981384944	0.07327259310127987
tur-x-bible-2009.txt.clean.txt	78	140	74074	0.00189000189000189	6.60602593960572	7.857012814835394	0.07339546993653678
tur-x-bible-2009.txt.clean.txt	79	141	73888	0.0019082936336076222	6.621237881246864	7.86099361076414	0.07259748485145123
tur-x-bible-2009.txt.clean.txt	80	142	73704	0.0019266254206013241	6.633969762893862	7.8657992972058794	0.07213924464597732
tur-x-bible-2009.txt.clean.txt	81	143	73523	0.0019449696013492377	6.647678657073335	7.870318996211442	0.07153657595410323
tur-x-bible-2009.txt.clean.txt	82	144	73344	0.001963350785340314	6.661190539831258	7.874840832848317	0.07095394463801452
tur-x-bible-2009.txt.clean.txt	83	145	73165	0.001981821909382902	6.670489816333646	7.881596655829064	0.0709506579114958
tur-x-bible-2009.txt.clean.txt	84	146	72987	0.002000356227821393	6.674623406006647	7.9098348711154545	0.07165698532060216
tur-x-bible-2009.txt.clean.txt	85	147	72810	0.002018953440461475	6.683759193702747	7.916355182845589	0.07165786530599993
tur-x-bible-2009.txt.clean.txt	86	148	72635	0.0020375851862049978	6.6934444664429	7.922447232575232	0.07157392842654642
tur-x-bible-2009.txt.clean.txt	87	149	72461	0.002056278549840604	6.706978652654063	7.926527353869494	0.07094859558359623
tur-x-bible-2009.txt.clean.txt	88	150	72291	0.0020749470888492346	6.718407460320463	7.931849460638211	0.07060783400840898
tur-x-bible-2009.txt.clean.txt	89	151	72121	0.00209370363694347	6.728379684829205	7.938400645622573	0.07046097487820624
tur-x-bible-2009.txt.clean.txt	90	152	71952	0.0021125194574160553	6.741801402832303	7.942430793963843	0.0698304597655689
tur-x-bible-2009.txt.clean.txt	91	153	71786	0.00213133480065751	6.754541117300578	7.946784516785302	0.06928756410591763
tur-x-bible-2009.txt.clean.txt	92	154	71620	0.002150237363864842	6.764390054321401	7.952350485942933	0.0691359906555693
tur-x-bible-2009.txt.clean.txt	93	155	71454	0.0021692277549192488	6.768899196087709	7.962410045583207	0.06971090390082624
tur-x-bible-2009.txt.clean.txt	94	156	71289	0.002188275891091192	6.780643717641169	7.966823560829905	0.06928354620068
tur-x-bible-2009.txt.clean.txt	95	157	71124	0.0022074124065013215	6.787241072029107	7.975775191139298	0.06955531950576233
tur-x-bible-2009.txt.clean.txt	96	158	70963	0.002226512407874526	6.79453392076197	7.982634741828532	0.06972372870615429
tur-x-bible-2009.txt.clean.txt	97	159	70802	0.002245699274031807	6.808177203071461	7.986284577334601	0.0690159756827764
tur-x-bible-2009.txt.clean.txt	98	160	70646	0.0022648132944540385	6.818979428560175	7.991066826998727	0.0686907409918951
tur-x-bible-2009.txt.clean.txt	99	161	70490	0.002284011916583913	6.830934370625509	7.995380360055132	0.06820190650118163
tur-x-bible-2009.txt.clean.txt	100	162	70335	0.0023032629558541267	6.844866542160577	7.999064761848635	0.0674378169212605
tur-x-bible-2009.txt.clean.txt	101	163	70182	0.0023225328431791628	6.855277659135309	8.003906773283955	0.06714774104300769
tur-x-bible-2009.txt.clean.txt	102	164	70029	0.002341886932556512	6.861134126508453	8.01285125795922	0.06747052250504593
tur-x-bible-2009.txt.clean.txt	103	165	69876	0.0023613257770908466	6.868458355820738	8.019768691653468	0.06758648942375256
tur-x-bible-2009.txt.clean.txt	104	166	69728	0.002380679210647086	6.880721065132614	8.023887496262038	0.0670258607856733
tur-x-bible-2009.txt.clean.txt	105	167	69581	0.0024000804817407052	6.892586749717597	8.028105926607973	0.06651370684725733
tur-x-bible-2009.txt.clean.txt	106	168	69434	0.0024195639024109225	6.895970668192831	8.039750659310378	0.0671435933008615
tur-x-bible-2009.txt.clean.txt	107	169	69291	0.002438989190515363	6.9004231017714845	8.052240809457615	0.06762119810481648
tur-x-bible-2009.txt.clean.txt	108	170	69148	0.0024584948226991383	6.909656719512789	8.057329811607172	0.06744605878299215
tur-x-bible-2009.txt.clean.txt	109	171	69005	0.0024780812984566336	6.9169589645222045	8.063852171977361	0.06752541242340926
tur-x-bible-2009.txt.clean.txt	110	172	68863	0.0024977128501517507	6.92722019180164	8.068725136443453	0.06719994228383486
tur-x-bible-2009.txt.clean.txt	111	173	68721	0.002517425532224502	6.936866653741733	8.073418606686166	0.06695177736590296
tur-x-bible-2009.txt.clean.txt	112	174	68579	0.0025372198486417123	6.9449095464886765	8.080006541057164	0.0669135738619846
tur-x-bible-2009.txt.clean.txt	113	175	68439	0.0025570215812621457	6.955639657692927	8.084738108968494	0.06650884624010278
tur-x-bible-2009.txt.clean.txt	114	176	68301	0.002576829036178094	6.966414357496342	8.089044563664393	0.06609314038205771
tur-x-bible-2009.txt.clean.txt	115	177	68164	0.0025966785986737866	6.975299204382271	8.093991794832753	0.06592559588196989
tur-x-bible-2009.txt.clean.txt	116	178	68031	0.002616454263497523	6.985616495678668	8.098410251937818	0.06556105027200942
tur-x-bible-2009.txt.clean.txt	117	179	67899	0.0026362685753840262	6.993769938908354	8.103785033532986	0.06548074577739549
tur-x-bible-2009.txt.clean.txt	118	180	67768	0.0026561208830126314	7.006115686054173	8.107511535504702	0.06483541575494434
tur-x-bible-2009.txt.clean.txt	119	181	67637	0.0026760500909265637	7.015997317966731	8.112161280415176	0.06451446821724627
tur-x-bible-2009.txt.clean.txt	120	182	67508	0.0026959767731231854	7.0292498914702986	8.115657104100466	0.06373972273644035
tur-x-bible-2009.txt.clean.txt	121	183	67382	0.0027158588347036302	7.0342434949165185	8.124066731183168	0.06406008139322505
tur-x-bible-2009.txt.clean.txt	122	184	67256	0.002735815391935292	7.043643670854799	8.12898389494313	0.06378870646713364
tur-x-bible-2009.txt.clean.txt	123	185	67131	0.0027558058125158272	7.052592293723475	8.13385236512629	0.063572555619831
tur-x-bible-2009.txt.clean.txt	124	186	67007	0.0027758293909591536	7.055196358306003	8.144298490530428	0.06419316331272507
tur-x-bible-2009.txt.clean.txt	125	187	66884	0.002795885413551821	7.062118791498963	8.150146074972994	0.06423511961977146
tur-x-bible-2009.txt.clean.txt	126	188	66761	0.0028160153382963105	7.067070320852165	8.161944043123961	0.0645327681488862
tur-x-bible-2009.txt.clean.txt	127	189	66640	0.0028361344537815125	7.072148235526831	8.172339052740984	0.06480805046986082
tur-x-bible-2009.txt.clean.txt	128	190	66520	0.0028562838244137103	7.0768124650177455	8.181441229128986	0.06513243697417259
tur-x-bible-2009.txt.clean.txt	129	191	66402	0.0028764193849582843	7.088859513265888	8.185076004973414	0.06447692559806062
tur-x-bible-2009.txt.clean.txt	130	192	66286	0.002896539239055004	7.092195970822523	8.195781255597268	0.06496624470480672
tur-x-bible-2009.txt.clean.txt	131	193	66170	0.0029167296357866103	7.100344423507265	8.201642545785877	0.06481598925687015
tur-x-bible-2009.txt.clean.txt	132	194	66054	0.002936990946801102	7.105216043811472	8.20869966169224	0.06509243048546465
tur-x-bible-2009.txt.clean.txt	133	195	65939	0.0029572786969775094	7.1072349480029375	8.220962079435967	0.06573861592979502
tur-x-bible-2009.txt.clean.txt	134	196	65824	0.002977637335926106	7.116575474899228	8.225137604558823	0.06541738023031152
tur-x-bible-2009.txt.clean.txt	135	197	65709	0.002998067235842883	7.124262200152983	8.229969465257389	0.06530913605608324
tur-x-bible-2009.txt.clean.txt	136	198	65597	0.003018430720917115	7.123582686435071	8.246482359770852	0.06629313044738239
tur-x-bible-2009.txt.clean.txt	137	199	65485	0.003038863861953119	7.131965329858472	8.250925204784531	0.06608407716251607
tur-x-bible-2009.txt.clean.txt	138	200	65373	0.00305936701696419	7.1432566425165085	8.254347562660374	0.0654904455067945
tur-x-bible-2009.txt.clean.txt	139	201	65261	0.003079940546421293	7.1509859469621135	8.258973475436786	0.0653590858356573
tur-x-bible-2009.txt.clean.txt	140	202	65150	0.0031005372217958556	7.161348876466585	8.262619503677785	0.06487971863982456
tur-x-bible-2009.txt.clean.txt	141	203	65039	0.003121204200556589	7.170220720447101	8.26686625780761	0.06459145458036097
tur-x-bible-2009.txt.clean.txt	142	204	64930	0.003141845063914985	7.172027465125781	8.28068741255689	0.06522029925899964
tur-x-bible-2009.txt.clean.txt	143	205	64821	0.0031625553447185324	7.18202378065229	8.284322214671276	0.0647773433106743
tur-x-bible-2009.txt.clean.txt	144	206	64713	0.003183286202154127	7.190763527104133	8.288486539893466	0.06449449893692416
tur-x-bible-2009.txt.clean.txt	145	207	64605	0.0032040863710239144	7.1997983938949535	8.292433569390827	0.06416967577011912
tur-x-bible-2009.txt.clean.txt	146	208	64498	0.0032249061986418183	7.206984280366477	8.297740958272584	0.06408146233676848
tur-x-bible-2009.txt.clean.txt	147	209	64391	0.003245795219828858	7.213051219980864	8.30324072339069	0.06413453734658947
tur-x-bible-2009.txt.clean.txt	148	210	64285	0.00326670296336626	7.222365367457611	8.30696851192949	0.0637625739396126
tur-x-bible-2009.txt.clean.txt	149	211	64180	0.0032876285447179807	7.2293538211596	8.311656374249011	0.06368851837401712
tur-x-bible-2009.txt.clean.txt	150	212	64076	0.0033085710718521754	7.236995630165596	8.316556480213796	0.06352612287924364
tur-x-bible-2009.txt.clean.txt	151	213	63973	0.003329529645319119	7.245987589253988	8.32037956562286	0.06318556933202368
tur-x-bible-2009.txt.clean.txt	152	214	63870	0.00335055581650227	7.254272761093183	8.324605165952722	0.06293306244976316
tur-x-bible-2009.txt.clean.txt	153	215	63768	0.003371597039267344	7.2630738316615595	8.328774214037955	0.06261060189713852
tur-x-bible-2009.txt.clean.txt	154	216	63666	0.0033927056827820186	7.269408748482785	8.334676004492229	0.0626029395713662
tur-x-bible-2009.txt.clean.txt	155	217	63564	0.003413882071612863	7.2710226734924905	8.347465417431756	0.063199809453232
tur-x-bible-2009.txt.clean.txt	156	218	63463	0.003435072404393111	7.279583374956863	8.351207828681098	0.06289770291130348
tur-x-bible-2009.txt.clean.txt	157	219	63363	0.0034562757445196724	7.289072715047505	8.354649107696753	0.06247300933520161
tur-x-bible-2009.txt.clean.txt	158	220	63263	0.0034775461170036197	7.296992325492258	8.35901049583942	0.06224714007123078
tur-x-bible-2009.txt.clean.txt	159	221	63163	0.0034988838402229155	7.303718392971318	8.363478768083132	0.06217131798037667
tur-x-bible-2009.txt.clean.txt	160	222	63064	0.003520233413674997	7.300461144208781	8.39081018887967	0.06337289806075352
tur-x-bible-2009.txt.clean.txt	161	223	62965	0.003541650123084253	7.310693354946988	8.393804039117423	0.06283974301199846
tur-x-bible-2009.txt.clean.txt	162	224	62867	0.0035630776082841552	7.31614446167958	8.399015395657695	0.0629163737631857
tur-x-bible-2009.txt.clean.txt	163	225	62770	0.003584514895650789	7.325617108038881	8.402228046124026	0.06247475725668772
tur-x-bible-2009.txt.clean.txt	164	226	62674	0.003605961004563296	7.335732517093171	8.405322553697392	0.061948255615418835
tur-x-bible-2009.txt.clean.txt	165	227	62578	0.0036274729138035732	7.339605203802772	8.41245023885312	0.06221686152955708
tur-x-bible-2009.txt.clean.txt	166	228	62483	0.003648992525967063	7.348102782978302	8.41603347054056	0.061891234309401244
tur-x-bible-2009.txt.clean.txt	167	229	62389	0.0036705188414624373	7.357020052599699	8.419384442625407	0.06150927422366448
tur-x-bible-2009.txt.clean.txt	168	230	62295	0.003692110121197528	7.361666004775839	8.424993255840658	0.061669066307756926
tur-x-bible-2009.txt.clean.txt	169	231	62202	0.003713706954760297	7.369902722151396	8.428548891832818	0.061368023445864006
tur-x-bible-2009.txt.clean.txt	170	232	62109	0.003735368465117777	7.375490419075638	8.433858938728381	0.061401341687019495
tur-x-bible-2009.txt.clean.txt	171	233	62017	0.0037570343615460277	7.3809556387203	8.43872173259436	0.06144698218549394
tur-x-bible-2009.txt.clean.txt	172	234	61925	0.003778764634638676	7.388531214449349	8.442566758970507	0.061221242255156905
tur-x-bible-2009.txt.clean.txt	173	235	61834	0.0038004981078371123	7.395567133778966	8.446616359321686	0.06106122998894559
tur-x-bible-2009.txt.clean.txt	174	236	61743	0.0038222956448504286	7.402524502838187	8.450547176160592	0.06090832015570258
tur-x-bible-2009.txt.clean.txt	175	237	61652	0.003844157529358334	7.407524107509252	8.45592159963683	0.06100073563126984
tur-x-bible-2009.txt.clean.txt	176	238	61562	0.003866021246873071	7.415400116184134	8.459414077139346	0.06072561286366318
tur-x-bible-2009.txt.clean.txt	177	239	61472	0.003887948984903696	7.42137766882793	8.46379213508721	0.06068816888148043
tur-x-bible-2009.txt.clean.txt	178	240	61382	0.0039099410250562055	7.430159946124631	8.466923875078239	0.06029306257869105
tur-x-bible-2009.txt.clean.txt	179	241	61293	0.003931933499747116	7.4378773562727	8.470435350969598	0.06003015583478111
tur-x-bible-2009.txt.clean.txt	180	242	61205	0.003953925332897639	7.446248424646961	8.473702390769002	0.05968215367112362
tur-x-bible-2009.txt.clean.txt	181	243	61118	0.003975915442259236	7.450422061796547	8.485566034498238	0.059861408909471
tur-x-bible-2009.txt.clean.txt	182	244	61031	0.003997968245645656	7.457692014928918	8.489677142007737	0.05964707977320749
tur-x-bible-2009.txt.clean.txt	183	245	60944	0.004020084011551588	7.466545203004546	8.492694098379427	0.05923071451802975
tur-x-bible-2009.txt.clean.txt	184	246	60858	0.00404219658878044	7.47013422791845	8.500321408698	0.05947490270282019
tur-x-bible-2009.txt.clean.txt	185	247	60773	0.004064304872229444	7.478313455343889	8.503587871353858	0.05913840698916395
tur-x-bible-2009.txt.clean.txt	186	248	60689	0.0040864077509927665	7.479921076288177	8.512063111709335	0.05962578940619967
tur-x-bible-2009.txt.clean.txt	187	249	60605	0.00410857190000825	7.488431243900314	8.515153773982371	0.05924253438532123
tur-x-bible-2009.txt.clean.txt	188	250	60522	0.004130729321569016	7.49674089099344	8.518339804179828	0.05888226154601983
tur-x-bible-2009.txt.clean.txt	189	251	60440	0.004152878888153541	7.500170758059298	8.527270255779658	0.05913193507647052
tur-x-bible-2009.txt.clean.txt	190	252	60358	0.004175088637794493	7.507075558146857	8.531380669082425	0.058942944194286695
tur-x-bible-2009.txt.clean.txt	191	253	60276	0.004197358816112549	7.511969098857071	8.536124681754742	0.05900348928381505
tur-x-bible-2009.txt.clean.txt	192	254	60194	0.004219689670066784	7.5172578188464945	8.54052283152918	0.05901182565213392
tur-x-bible-2009.txt.clean.txt	193	255	60113	0.0042420108795102555	7.5202558698747	8.547858137744647	0.05930405388361715
tur-x-bible-2009.txt.clean.txt	194	256	60032	0.0042643923240938165	7.526275156802198	8.551786348260114	0.05921560539972526
tur-x-bible-2009.txt.clean.txt	195	257	59951	0.0042868342479691745	7.531050312715887	8.556378483573882	0.059280101578805366
tur-x-bible-2009.txt.clean.txt	196	258	59870	0.00430933689660932	7.53673580806063	8.560436937512597	0.059228309500446885
tur-x-bible-2009.txt.clean.txt	197	259	59790	0.004331828064893795	7.541605652081863	8.566223901968161	0.059275788886529956
tur-x-bible-2009.txt.clean.txt	198	260	59710	0.004354379500921119	7.5491981311286045	8.569390968163509	0.05898129990143497
tur-x-bible-2009.txt.clean.txt	199	261	59631	0.0043769180459827944	7.554850201350646	8.573657947071988	0.05892642432800821
tur-x-bible-2009.txt.clean.txt	200	262	59553	0.004399442513391433	7.5624308287678605	8.576819205533633	0.058629076631399935
tur-x-bible-2009.txt.clean.txt	201	263	59476	0.004421951711614769	7.570318674726039	8.579918821463492	0.05829145873847352
tur-x-bible-2009.txt.clean.txt	202	264	59399	0.004444519268001145	7.575350377819795	8.58461903772619	0.05830690721752774
tur-x-bible-2009.txt.clean.txt	203	265	59322	0.004467145409797377	7.580315613743993	8.58905460585204	0.05832817012919045
tur-x-bible-2009.txt.clean.txt	204	266	59246	0.004489754582587854	7.588145380321928	8.592107013834683	0.05799139371209361
tur-x-bible-2009.txt.clean.txt	205	267	59170	0.004512421835389555	7.593451472362824	8.596659115709198	0.05796577160142424
tur-x-bible-2009.txt.clean.txt	206	268	59095	0.004535070648955072	7.596374727705664	8.613027906087302	0.05823323442887085
tur-x-bible-2009.txt.clean.txt	207	269	59020	0.004557777024737377	7.603941557275071	8.616143724835439	0.05792268913380216
tur-x-bible-2009.txt.clean.txt	208	270	58945	0.0045805411824582235	7.604290004144634	8.628825087954942	0.05850394715941465
tur-x-bible-2009.txt.clean.txt	209	271	58870	0.004603363342959062	7.602657776881172	8.649620280281834	0.059327198993645136
tur-x-bible-2009.txt.clean.txt	210	272	58796	0.004626165045241173	7.607484437469941	8.654729273581745	0.0593484524382919
tur-x-bible-2009.txt.clean.txt	211	273	58723	0.004648945047085469	7.606523481260052	8.668486524454726	0.06008257151338825
tur-x-bible-2009.txt.clean.txt	212	274	58650	0.004671781756180733	7.614263962930815	8.671358810594118	0.059738973008965024
tur-x-bible-2009.txt.clean.txt	213	275	58577	0.004694675384536593	7.6178840831638155	8.676324593578897	0.05990207144614912
tur-x-bible-2009.txt.clean.txt	214	276	58505	0.00471754550893086	7.622677480370712	8.68041379883589	0.05991805031818365
tur-x-bible-2009.txt.clean.txt	215	277	58433	0.00474047199356528	7.62704173502293	8.685242877188475	0.05998470509240339
tur-x-bible-2009.txt.clean.txt	216	278	58361	0.004763455047034835	7.633787882789049	8.688331352810641	0.05975572252450312
tur-x-bible-2009.txt.clean.txt	217	279	58290	0.00478641276376737	7.641292401235688	8.691138778043229	0.059431523984073475
tur-x-bible-2009.txt.clean.txt	218	280	58219	0.00480942647589275	7.641677446358514	8.700969941387937	0.059981374688280686
tur-x-bible-2009.txt.clean.txt	219	281	58148	0.004832496388525831	7.649891756638005	8.703521157051163	0.05956591706761716
tur-x-bible-2009.txt.clean.txt	220	282	58077	0.004855622707784493	7.654982037150201	8.707216444685882	0.05953268113552557
tur-x-bible-2009.txt.clean.txt	221	283	58006	0.00487880564079578	7.659998735565637	8.711193959924806	0.05950642652106297
tur-x-bible-2009.txt.clean.txt	222	284	57936	0.004901960784313725	7.667544441097116	8.71391573734352	0.05916780868617588
tur-x-bible-2009.txt.clean.txt	223	285	57866	0.004925171948985587	7.672446391210743	8.717731013150194	0.05915174457489303
tur-x-bible-2009.txt.clean.txt	224	286	57796	0.004948439338362517	7.675739488515535	8.723586721312484	0.05933081886729785
tur-x-bible-2009.txt.clean.txt	225	287	57727	0.004971677031545031	7.682993562055303	8.726308168492437	0.059022517825147225
tur-x-bible-2009.txt.clean.txt	226	288	57658	0.004994970342363592	7.689247277431474	8.729437500797196	0.05883502283386688
tur-x-bible-2009.txt.clean.txt	227	289	57589	0.005018319470732258	7.690781698970202	8.747565244998082	0.05922304401700429
tur-x-bible-2009.txt.clean.txt	228	290	57521	0.005041636967368439	7.693337335765134	8.754949933358008	0.05948376062562233
tur-x-bible-2009.txt.clean.txt	229	291	57454	0.005064921502419327	7.698637708778046	8.7585543416312	0.05940684662369766
tur-x-bible-2009.txt.clean.txt	230	292	57387	0.005088260407409344	7.704489386812736	8.76169920267041	0.059260753216141215
tur-x-bible-2009.txt.clean.txt	231	293	57320	0.00511165387299372	7.7090787306420845	8.766845701897825	0.059266935237751506
tur-x-bible-2009.txt.clean.txt	232	294	57254	0.005135012400880288	7.713466657424305	8.770849747416143	0.05929574584992292
tur-x-bible-2009.txt.clean.txt	233	295	57188	0.005158424844372946	7.718037856564425	8.774627686158468	0.05930027043836439
tur-x-bible-2009.txt.clean.txt	234	296	57123	0.005181800675734818	7.724718505971008	8.777440398305332	0.059045936199286
tur-x-bible-2009.txt.clean.txt	235	297	57058	0.005205229766202811	7.730673692237948	8.780457684771342	0.058878334460868875
tur-x-bible-2009.txt.clean.txt	236	298	56994	0.005228620556549812	7.734989042734991	8.784542547481209	0.05890857165439234
tur-x-bible-2009.txt.clean.txt	237	299	56930	0.005252063938169682	7.737408971197816	8.794139366358028	0.05916738861166815
tur-x-bible-2009.txt.clean.txt	238	300	56866	0.00527556008862941	7.7448865567089795	8.796642498535768	0.058809429638525534
tur-x-bible-2009.txt.clean.txt	239	301	56802	0.005299109186296257	7.74950388090791	8.800257221960308	0.05879744448462465
tur-x-bible-2009.txt.clean.txt	240	302	56738	0.005322711410342275	7.754266786047493	8.80375055975597	0.05876598305089431
tur-x-bible-2009.txt.clean.txt	241	303	56674	0.005346366940748844	7.75846934058139	8.807695911133909	0.058800729411190966
tur-x-bible-2009.txt.clean.txt	242	303	56611	0.005352316687569554	7.756125015928599	8.811272330828347	0.059085125283156126
tur-x-bible-2009.txt.clean.txt	243	304	56548	0.0053759637829808304	7.762345473167344	8.81413668603833	0.058873218694608265
tur-x-bible-2009.txt.clean.txt	244	305	56485	0.005399663627511729	7.768912295785796	8.816848066232303	0.05861780543802131
tur-x-bible-2009.txt.clean.txt	245	306	56422	0.005423416397858991	7.7750788399848085	8.819848584451492	0.05840939191619299
tur-x-bible-2009.txt.clean.txt	246	307	56359	0.00544722227150943	7.78013158788645	8.823053706138932	0.058334268306518666
tur-x-bible-2009.txt.clean.txt	247	308	56296	0.005471081426744352	7.786351064644979	8.825796595889498	0.05811635194460185
tur-x-bible-2009.txt.clean.txt	248	309	56233	0.005494994042643999	7.791741811027622	8.828792024100464	0.057997142132942936
tur-x-bible-2009.txt.clean.txt	249	310	56171	0.005518862046251624	7.796895373508018	8.832213062382635	0.05790500580933933
tur-x-bible-2009.txt.clean.txt	250	311	56109	0.0055427827977686285	7.80182420193219	8.835495407737284	0.057838404357962836
tur-x-bible-2009.txt.clean.txt	251	312	56048	0.005566657151013417	7.806040576719991	8.839265832475593	0.057856170343904334
tur-x-bible-2009.txt.clean.txt	252	313	55987	0.005590583528319074	7.811946423273726	8.84210544373877	0.057668436282962476
tur-x-bible-2009.txt.clean.txt	253	314	55926	0.005614562099917749	7.817139976866982	8.845163305292987	0.057565111953846615
tur-x-bible-2009.txt.clean.txt	254	315	55866	0.0056384921061110515	7.821131349166595	8.848956735561218	0.05760509534903613
tur-x-bible-2009.txt.clean.txt	255	316	55806	0.005662473569150271	7.824539187750499	8.85338828468815	0.05771365778555859
tur-x-bible-2009.txt.clean.txt	256	317	55746	0.005686506655186023	7.828422728158516	8.857740065881021	0.05776320636891952
tur-x-bible-2009.txt.clean.txt	257	318	55687	0.005710488983066066	7.832876322656526	8.861273235580128	0.05774249862650804
tur-x-bible-2009.txt.clean.txt	258	319	55628	0.005734522183073272	7.8389219738218285	8.86399805908133	0.05752878475106127
tur-x-bible-2009.txt.clean.txt	259	320	55570	0.005758502789274788	7.8445812050360875	8.867128058100109	0.057360131499398115
tur-x-bible-2009.txt.clean.txt	260	320	55512	0.005764519383196426	7.84471731813207	8.86661220616796	0.05734377554264969
tur-x-bible-2009.txt.clean.txt	261	320	55454	0.005770548562772749	7.845725190111004	8.865659943164308	0.05722266515002894
tur-x-bible-2009.txt.clean.txt	262	321	55396	0.005794642212434111	7.849328041500588	8.869942887553236	0.057299644026242214
tur-x-bible-2009.txt.clean.txt	263	322	55338	0.005818786367414797	7.855106613969831	8.872816872559852	0.057113793248225075
tur-x-bible-2009.txt.clean.txt	264	323	55280	0.005842981186685962	7.858386076076728	8.877789425293596	0.05722638752587994
tur-x-bible-2009.txt.clean.txt	265	324	55222	0.005867226829886639	7.865149731931963	8.880198610582037	0.05691952142885903
tur-x-bible-2009.txt.clean.txt	266	325	55164	0.005891523457327242	7.862947822511024	8.89958218447765	0.05768588395195351
tur-x-bible-2009.txt.clean.txt	267	326	55107	0.005915763877547317	7.8695848581231935	8.902025087937695	0.057391172314678496
tur-x-bible-2009.txt.clean.txt	268	327	55050	0.005940054495912807	7.872833840175714	8.906090069289926	0.057500843138086344
tur-x-bible-2009.txt.clean.txt	269	328	54993	0.0059643954685141744	7.8778389365977874	8.90901734078951	0.05739875357703117
tur-x-bible-2009.txt.clean.txt	270	329	54936	0.005988786952089704	7.882725649732619	8.9119737365187	0.05730941716061766
tur-x-bible-2009.txt.clean.txt	271	330	54880	0.006013119533527697	7.888456171062181	8.914737374310029	0.05711781484699996
tur-x-bible-2009.txt.clean.txt	272	331	54824	0.006037501824018678	7.892934605949122	8.918306079184285	0.05707450029367678
tur-x-bible-2009.txt.clean.txt	273	332	54768	0.006061933976044405	7.895827295083957	8.923533155182389	0.05721909015369242
tur-x-bible-2009.txt.clean.txt	274	333	54713	0.006086304900115146	7.898669166856871	8.928957449915128	0.057368121972323105
tur-x-bible-2009.txt.clean.txt	275	334	54658	0.0061107248710161365	7.903500778742276	8.931912813874293	0.057278202686949276
tur-x-bible-2009.txt.clean.txt	276	335	54603	0.006135194036957677	7.909042975871552	8.934654512058188	0.05710220820722545
tur-x-bible-2009.txt.clean.txt	277	336	54549	0.006159599626024309	7.914276321422712	8.937449822392534	0.05696175171574547
tur-x-bible-2009.txt.clean.txt	278	337	54495	0.006184053582897513	7.917084710917027	8.941976944599894	0.057108805613849234
tur-x-bible-2009.txt.clean.txt	279	338	54441	0.0062085560515053	7.9201855041945475	8.945955836198074	0.057219477524173
tur-x-bible-2009.txt.clean.txt	280	339	54387	0.006233107176347289	7.9263563773600945	8.948372562186922	0.05696335842485545
tur-x-bible-2009.txt.clean.txt	281	340	54333	0.006257707102497561	7.932023564603117	8.950959699660366	0.05676598640255781
tur-x-bible-2009.txt.clean.txt	282	341	54279	0.00628235597560751	7.9378266976891565	8.953441635808373	0.05655125652676696
tur-x-bible-2009.txt.clean.txt	283	342	54226	0.006306937631394534	7.940791412230906	8.959294483611242	0.056672542291679395
tur-x-bible-2009.txt.clean.txt	284	343	54173	0.006331567385967179	7.945910857674108	8.962116867501841	0.05653648145893808
tur-x-bible-2009.txt.clean.txt	285	344	54120	0.0063562453806356245	7.949776428311761	8.965838595790832	0.056547988967999396
tur-x-bible-2009.txt.clean.txt	286	345	54068	0.006380853739735149	7.954600917032941	8.968982240546893	0.05644437611342468
tur-x-bible-2009.txt.clean.txt	287	346	54016	0.006405509478672986	7.958727846529117	8.97246779364568	0.05642221189409202
tur-x-bible-2009.txt.clean.txt	288	347	53964	0.0064302127344155365	7.965035241507964	8.974794154190343	0.056140336122350476
tur-x-bible-2009.txt.clean.txt	289	348	53913	0.006454843915196706	7.968773247296694	8.97912109200617	0.05616172236438366
tur-x-bible-2009.txt.clean.txt	290	349	53862	0.006479521740744867	7.973331378264364	8.982073543262683	0.05608466677294355
tur-x-bible-2009.txt.clean.txt	291	350	53812	0.006504125473871998	7.975853386282278	8.986706714999302	0.05624729038948206
tur-x-bible-2009.txt.clean.txt	292	351	53762	0.006528774971169228	7.979062316899841	8.990633078602906	0.05632719952706511
tur-x-bible-2009.txt.clean.txt	293	352	53712	0.0065534703604408695	7.978356472089522	9.00215163876502	0.056868495217562764
tur-x-bible-2009.txt.clean.txt	294	353	53662	0.0065782117699675745	7.984542672586057	9.0044854572687	0.0565936458099896
tur-x-bible-2009.txt.clean.txt	295	354	53613	0.00660287616809356	7.982860186993222	9.020997931699963	0.05724704111719314
tur-x-bible-2009.txt.clean.txt	296	355	53564	0.006627585691882608	7.984103633883495	9.029993648323266	0.057553148364356765
tur-x-bible-2009.txt.clean.txt	297	356	53515	0.0066523404652901056	7.989937392626509	9.032370123064986	0.05731610630473771
tur-x-bible-2009.txt.clean.txt	298	357	53466	0.006677140612725845	7.994160858952801	9.035322763441313	0.05726792321922258
tur-x-bible-2009.txt.clean.txt	299	358	53418	0.006701860795986372	7.999683737131346	9.037818420307058	0.057065364553333886
tur-x-bible-2009.txt.clean.txt	300	359	53370	0.006726625445006558	8.004980950250484	9.040389288014115	0.05688833456432141
tur-x-bible-2009.txt.clean.txt	301	359	53322	0.0067326806946476124	8.004782590810784	9.040547934806622	0.05691170440151316
tur-x-bible-2009.txt.clean.txt	302	360	53274	0.006757517738484063	8.006290234172269	9.04841145934012	0.057179847160482966
tur-x-bible-2009.txt.clean.txt	303	361	53226	0.0067823995791530456	8.010233515187156	9.051828826119682	0.057159816188382284
tur-x-bible-2009.txt.clean.txt	304	362	53178	0.006807326337959306	8.014157890554667	9.05492901400427	0.05714080031340496
tur-x-bible-2009.txt.clean.txt	305	363	53130	0.0068322981366459624	8.017988969586696	9.058369089561058	0.05713155271259829
tur-x-bible-2009.txt.clean.txt	306	364	53083	0.00685718591639508	8.022359073720928	9.061281289603954	0.057057743752314094
tur-x-bible-2009.txt.clean.txt	307	365	53036	0.006882117806772758	8.023909890833151	9.066557451690521	0.05731402012936837
tur-x-bible-2009.txt.clean.txt	308	366	52990	0.006906963578033591	8.025741576677438	9.07145007176399	0.05753587736898602
tur-x-bible-2009.txt.clean.txt	309	367	52944	0.006931852523420973	8.024918736078249	9.08547601604719	0.058067915352590926
tur-x-bible-2009.txt.clean.txt	310	368	52898	0.0069567847555673185	8.025523661372109	9.093663305378637	0.05843077075670078
tur-x-bible-2009.txt.clean.txt	311	369	52852	0.006981760387497162	8.029444113624367	9.0966148498852	0.05840331109448693
tur-x-bible-2009.txt.clean.txt	312	370	52806	0.0070067795326288675	8.03325773676675	9.09959809957544	0.058387229085337
tur-x-bible-2009.txt.clean.txt	313	371	52760	0.007031842304776346	8.03765694910773	9.102410697394156	0.05830139105717813
tur-x-bible-2009.txt.clean.txt	314	372	52714	0.007056948818150776	8.040165165869803	9.10686515029647	0.05843592516268925
tur-x-bible-2009.txt.clean.txt	315	373	52668	0.007082099187362345	8.044756818762005	9.109785708719386	0.05832531260293783
tur-x-bible-2009.txt.clean.txt	316	374	52622	0.00710729352742199	8.048204007450467	9.113086061137595	0.05834756176967304
tur-x-bible-2009.txt.clean.txt	317	375	52576	0.007132531953743153	8.052887546025621	9.115687621076361	0.058224065318911
tur-x-bible-2009.txt.clean.txt	318	376	52531	0.00715767832327578	8.055762696754366	9.119256655963735	0.05831094440330087
tur-x-bible-2009.txt.clean.txt	319	377	52486	0.007182867812369013	8.058907220824297	9.1226135934933	0.05836514810144111
tur-x-bible-2009.txt.clean.txt	320	378	52441	0.007208100532026467	8.062367686910285	9.12650188295335	0.058381287581478536
tur-x-bible-2009.txt.clean.txt	321	379	52396	0.007233376593633102	8.066736869076278	9.129101893511592	0.0582902193787026
tur-x-bible-2009.txt.clean.txt	322	380	52351	0.007258696108956849	8.07154072781729	9.131562128802212	0.05814740682786235
tur-x-bible-2009.txt.clean.txt	323	381	52306	0.0072840591901502695	8.07499033183461	9.134678637001482	0.058161578702016214
tur-x-bible-2009.txt.clean.txt	324	382	52261	0.007309465949752205	8.080187097835498	9.136921916430461	0.05797095378687267
tur-x-bible-2009.txt.clean.txt	325	383	52217	0.007334776030794569	8.08002812735913	9.145137963547938	0.05840353570355572
tur-x-bible-2009.txt.clean.txt	326	384	52173	0.00736012880225404	8.085470900326355	9.14734244945209	0.05818215284607742
tur-x-bible-2009.txt.clean.txt	327	385	52129	0.007385524372230428	8.088606489417385	9.150566954757723	0.05822852049280758
tur-x-bible-2009.txt.clean.txt	328	386	52085	0.007410962849188826	8.08904499999726	9.158654767674829	0.05858766998628795
tur-x-bible-2009.txt.clean.txt	329	387	52041	0.007436444341961146	8.09109316103472	9.162741559470103	0.05875819513507774
tur-x-bible-2009.txt.clean.txt	330	388	51997	0.007461968959747677	8.093531168835167	9.166789639274036	0.058882186673786974
tur-x-bible-2009.txt.clean.txt	331	389	51953	0.007487536812118645	8.09738830166161	9.169488916892359	0.058840077779481414
tur-x-bible-2009.txt.clean.txt	332	390	51909	0.007513148009015778	8.100262808193357	9.172975638245815	0.058911124247927216
tur-x-bible-2009.txt.clean.txt	333	391	51866	0.0075386573092199125	8.105074437070899	9.175296412476145	0.058756114649055946
tur-x-bible-2009.txt.clean.txt	334	392	51823	0.007564208941975571	8.109766434120786	9.177636378014594	0.05861409369920367
tur-x-bible-2009.txt.clean.txt	335	393	51780	0.007589803012746234	8.112826489968322	9.181059935598821	0.0586605243125633
tur-x-bible-2009.txt.clean.txt	336	394	51737	0.007615439627346	8.114641830699329	9.185274957601191	0.05885025970408042
tur-x-bible-2009.txt.clean.txt	337	395	51694	0.007641118891941037	8.116604742231225	9.19027359728321	0.05902171173359139
tur-x-bible-2009.txt.clean.txt	338	396	51651	0.007666840913051054	8.121267677244006	9.19254616648996	0.05887912218778102
tur-x-bible-2009.txt.clean.txt	339	397	51608	0.0076926057975507675	8.12645553932731	9.194628011645365	0.05867484531710199
tur-x-bible-2009.txt.clean.txt	340	398	51565	0.007718413652671386	8.129806255359634	9.19746086514445	0.058682458419978545
tur-x-bible-2009.txt.clean.txt	341	399	51522	0.0077442645860020965	8.131919659521309	9.201607224248495	0.05883227622054943
tur-x-bible-2009.txt.clean.txt	342	399	51479	0.007750733308727831	8.129276188857213	9.210273832127744	0.05913822479997144
tur-x-bible-2009.txt.clean.txt	343	400	51437	0.007776503295293271	8.133063102777628	9.212930432876348	0.059093195881872895
tur-x-bible-2009.txt.clean.txt	344	401	51395	0.007802315400330772	8.131921092710705	9.224793578690228	0.059617208701119195
tur-x-bible-2009.txt.clean.txt	345	402	51353	0.007828169727182444	8.135292331392993	9.227626924796951	0.05961811097624481
tur-x-bible-2009.txt.clean.txt	346	403	51311	0.007854066379528755	8.140286106290281	9.229682890133118	0.05943056652437528
tur-x-bible-2009.txt.clean.txt	347	404	51269	0.007880005461389923	8.142139438559004	9.24466251365461	0.05960492478393131
tur-x-bible-2009.txt.clean.txt	348	405	51227	0.007905987077127296	8.144118514816748	9.24878231277797	0.059763662508093285
tur-x-bible-2009.txt.clean.txt	349	406	51186	0.007931856366975345	8.1471392088463	9.251948094590357	0.05980111022715051
tur-x-bible-2009.txt.clean.txt	350	407	51145	0.007957767132662039	8.151863804042979	9.25410042289674	0.05964102432569429
