file	merge	types	tokens	TTR	H	Hcross	R
eus-x-bible-batua.txt.clean.txt	0	37	105135	0.00035192847291577495	4.420236296304452	6.501414227478	0.15149709843485926
eus-x-bible-batua.txt.clean.txt	50	87	69440	0.0012528801843317973	6.047585707848368	6.941332241096781	0.06136291405552352
eus-x-bible-batua.txt.clean.txt	100	137	59673	0.002295845692356677	6.689830707395459	7.563984509908456	0.05750909136420945
eus-x-bible-batua.txt.clean.txt	150	186	53989	0.0034451462334920075	7.066714622908445	8.066653156938221	0.06266537156685137
eus-x-bible-batua.txt.clean.txt	200	236	50055	0.004714813704924583	7.3586666771116915	8.452846538100978	0.06647216789710775
eus-x-bible-batua.txt.clean.txt	250	286	47103	0.006071800097658323	7.642082540854072	8.69965664808846	0.06345550984248072
eus-x-bible-batua.txt.clean.txt	300	336	44762	0.007506367007729771	7.850658953969837	8.939850928428408	0.0645421808449157
eus-x-bible-batua.txt.clean.txt	350	385	42852	0.008984411462708859	7.993485009814422	9.194297885149597	0.06930369106709633
eus-x-bible-batua.txt.clean.txt	400	434	41233	0.01052554992360488	8.137163757670272	9.379517765748481	0.07126448938197916
eus-x-bible-batua.txt.clean.txt	450	484	39829	0.012151949584473624	8.27404794560406	9.551292617113802	0.07229792345908592
eus-x-bible-batua.txt.clean.txt	500	533	38598	0.013809005647961035	8.377137822355438	9.730406101811448	0.07516609876039293
eus-x-bible-batua.txt.clean.txt	550	582	37485	0.015526210484193677	8.500287220262907	9.838815605403068	0.0745342856693153
eus-x-bible-batua.txt.clean.txt	600	632	36491	0.017319339015099612	8.604074802865288	9.97022007730773	0.07520662451648041
eus-x-bible-batua.txt.clean.txt	650	680	35615	0.01909307875894988	8.7042573609521	10.075703038602835	0.0749393430426476
eus-x-bible-batua.txt.clean.txt	700	729	34831	0.020929631649966984	8.788828427298268	10.186633286772313	0.07581110769714727
eus-x-bible-batua.txt.clean.txt	750	779	34107	0.022839886240361217	8.862327662303718	10.297807743275301	0.07736749158233747
eus-x-bible-batua.txt.clean.txt	800	828	33437	0.024762987110087627	8.932327637061954	10.39958117078378	0.07852275695780475
eus-x-bible-batua.txt.clean.txt	850	874	32816	0.026633349585568015	9.005956300116091	10.468822787293123	0.07834354954522937
eus-x-bible-batua.txt.clean.txt	900	922	32242	0.028596240927982134	9.074986317986902	10.538752123869104	0.07855277099365843
eus-x-bible-batua.txt.clean.txt	950	971	31698	0.030632847498264875	9.132568972250693	10.61635167221833	0.07968683028252332
eus-x-bible-batua.txt.clean.txt	1000	1021	31198	0.0327264568241554	9.191961829060103	10.689754915705715	0.08041457045616662
eus-x-bible-batua.txt.clean.txt	1050	1069	30739	0.03477666807638505	9.24897925094034	10.760824456023895	0.08080532285894937
eus-x-bible-batua.txt.clean.txt	1100	1117	30295	0.036870770754249875	9.304864831234507	10.817026704917566	0.08103853157609775
eus-x-bible-batua.txt.clean.txt	1150	1166	29895	0.039003177788927916	9.34635373800454	10.893196736742407	0.0825531825299669
eus-x-bible-batua.txt.clean.txt	1200	1213	29507	0.041108889416070764	9.392284918087881	10.948619758543993	0.08317538607048158
eus-x-bible-batua.txt.clean.txt	1250	1256	29157	0.043077134135885035	9.430617461617853	11.007728241565411	0.08392764613177206
eus-x-bible-batua.txt.clean.txt	1300	1303	28807	0.045232061651681886	9.476024583699353	11.057671388814235	0.08423160780856731
eus-x-bible-batua.txt.clean.txt	1350	1352	28481	0.047470243320108144	9.514954538534495	11.113163998444183	0.08517788357946432
eus-x-bible-batua.txt.clean.txt	1400	1400	28181	0.04967886164437032	9.551934783370072	11.167275124835275	0.08604517876824269
eus-x-bible-batua.txt.clean.txt	1450	1449	27881	0.051970876223951794	9.58913415585366	11.218906027372508	0.08682234569003322
eus-x-bible-batua.txt.clean.txt	1500	1497	27581	0.05427649468837243	9.628746949976911	11.262519007469207	0.08713726635160979
eus-x-bible-batua.txt.clean.txt	1550	1540	27325	0.05635864592863678	9.651836496741897	11.313934971106685	0.08847892979305405
eus-x-bible-batua.txt.clean.txt	1600	1586	27075	0.05857802400738689	9.679041741926675	11.364171128139063	0.0895606675336531
eus-x-bible-batua.txt.clean.txt	1650	1629	26825	0.06072693383038211	9.701712640957268	11.411658146229684	0.09072905666693543
eus-x-bible-batua.txt.clean.txt	1700	1671	26575	0.06287864534336783	9.728082285294596	11.451349659669075	0.09138505549491349
eus-x-bible-batua.txt.clean.txt	1750	1718	26325	0.06526115859449193	9.759196708372702	11.48820777560013	0.09187328870196554
eus-x-bible-batua.txt.clean.txt	1800	1757	26115	0.06727934137468887	9.777286780959356	11.528807609000713	0.09292338148266288
eus-x-bible-batua.txt.clean.txt	1850	1804	25915	0.06961219371020644	9.799253480444596	11.5733245895807	0.09408631632045472
eus-x-bible-batua.txt.clean.txt	1900	1846	25715	0.07178689480847754	9.81687713685619	11.614913133193284	0.0952342771835426
eus-x-bible-batua.txt.clean.txt	1950	1893	25515	0.07419165196942974	9.838385541177892	11.657109890456574	0.09627310255991972
eus-x-bible-batua.txt.clean.txt	2000	1937	25315	0.0765158996642307	9.858828633366521	11.692410844680808	0.09714447460547526
eus-x-bible-batua.txt.clean.txt	2050	1977	25115	0.07871789767071471	9.876388936461808	11.725411488475597	0.09797229890375903
eus-x-bible-batua.txt.clean.txt	2100	2015	24915	0.08087497491471002	9.897828737470716	11.74995916185235	0.09827623414903053
eus-x-bible-batua.txt.clean.txt	2150	2061	24757	0.08324918204952135	9.916150132696046	11.791148682671714	0.09927930517823946
eus-x-bible-batua.txt.clean.txt	2200	2107	24607	0.08562604137034177	9.934723810556026	11.830718233956098	0.10019503064337998
eus-x-bible-batua.txt.clean.txt	2250	2148	24457	0.08782761581551295	9.95215221717008	11.863342390997861	0.10088069638509067
eus-x-bible-batua.txt.clean.txt	2300	2189	24307	0.0900563623647509	9.965686258828807	11.899823350608923	0.10187132761284357
eus-x-bible-batua.txt.clean.txt	2350	2223	24157	0.09202301610299292	9.976905495082558	11.927517349825948	0.10265845815366603
eus-x-bible-batua.txt.clean.txt	2400	2265	24007	0.09434748198442121	9.989542065312044	11.96063811337284	0.10369875673002438
eus-x-bible-batua.txt.clean.txt	2450	2310	23857	0.09682692710734794	10.006714090611835	11.990096250695357	0.10443858646139925
eus-x-bible-batua.txt.clean.txt	2500	2349	23707	0.09908465853967183	10.016668099959988	12.021902397373756	0.10548140066249301
eus-x-bible-batua.txt.clean.txt	2550	2393	23557	0.10158339347115507	10.030504235130882	12.051435740598851	0.10638240546427402
eus-x-bible-batua.txt.clean.txt	2600	2432	23407	0.10390054257273465	10.044176888338237	12.076026835571213	0.10701977085704173
eus-x-bible-batua.txt.clean.txt	2650	2475	23257	0.10641957260179731	10.060921465512292	12.099779307129769	0.10753734226345246
eus-x-bible-batua.txt.clean.txt	2700	2518	23126	0.10888177808527198	10.074015270815387	12.129010477210052	0.10834134521444361
eus-x-bible-batua.txt.clean.txt	2750	2555	23026	0.11096152175801269	10.078372384060362	12.164525194745494	0.10961422386465758
eus-x-bible-batua.txt.clean.txt	2800	2589	22926	0.11292855273488615	10.085187494526235	12.18983160236839	0.11051084373929931
eus-x-bible-batua.txt.clean.txt	2850	2624	22826	0.11495662840620345	10.091232144204922	12.216240773529917	0.11149584522247968
eus-x-bible-batua.txt.clean.txt	2900	2658	22726	0.11695854967878201	10.096075498247698	12.243104563887362	0.11252072627778242
eus-x-bible-batua.txt.clean.txt	2950	2700	22626	0.11933174224343675	10.104696583477606	12.273728581113676	0.11352541503111502
eus-x-bible-batua.txt.clean.txt	3000	2731	22526	0.12123768090206873	10.110866576804758	12.293093905265833	0.11426391724300378
eus-x-bible-batua.txt.clean.txt	3050	2763	22426	0.12320520824043521	10.113707298591384	12.3195292041543	0.11531755244360287
eus-x-bible-batua.txt.clean.txt	3100	2799	22326	0.12536952432141898	10.120365178076995	12.34358685185136	0.11617901829149557
eus-x-bible-batua.txt.clean.txt	3150	2832	22226	0.12741833888239	10.126535930636864	12.365586069330986	0.11694417056718753
eus-x-bible-batua.txt.clean.txt	3200	2871	22126	0.1297568471481515	10.133538561959263	12.389908085846534	0.117851420285213
eus-x-bible-batua.txt.clean.txt	3250	2904	22026	0.13184418414600926	10.138196888089983	12.410531184838366	0.11871084289770317
eus-x-bible-batua.txt.clean.txt	3300	2941	21926	0.13413299279394325	10.14777771179649	12.430372290950581	0.11927638385029027
eus-x-bible-batua.txt.clean.txt	3350	2978	21826	0.13644277467240906	10.153033238308689	12.452710260640067	0.12019752256092298
eus-x-bible-batua.txt.clean.txt	3400	3014	21726	0.138727791586118	10.15873516716573	12.473962221458587	0.12102383105375614
eus-x-bible-batua.txt.clean.txt	3450	3046	21626	0.14084897808193841	10.163163506180977	12.49289715920099	0.12179843016068148
eus-x-bible-batua.txt.clean.txt	3500	3083	21526	0.1432221499581901	10.170816572304831	12.510617990052552	0.1224579817067909
eus-x-bible-batua.txt.clean.txt	3550	3121	21426	0.14566414636423036	10.175710643513103	12.532004555315453	0.12337246559991366
eus-x-bible-batua.txt.clean.txt	3600	3164	21326	0.14836349995310888	10.184855576770461	12.552248996042351	0.12407431550286496
eus-x-bible-batua.txt.clean.txt	3650	3193	21226	0.150428719494959	10.187164505014497	12.567585031248399	0.1248664365061336
eus-x-bible-batua.txt.clean.txt	3700	3234	21126	0.15308151093439365	10.195654675275836	12.585003607170943	0.12551987638008943
eus-x-bible-batua.txt.clean.txt	3750	3272	21026	0.1556168553219823	10.201916074975108	12.602888272043899	0.12624583610644358
eus-x-bible-batua.txt.clean.txt	3800	3313	20926	0.1583197935582529	10.21226748682711	12.619061554667283	0.12670299489021541
eus-x-bible-batua.txt.clean.txt	3850	3334	20874	0.15972022611861647	10.21439887901446	12.630566989492781	0.12720111312058047
eus-x-bible-batua.txt.clean.txt	3900	3334	20874	0.15972022611861647	10.21439887901446	12.630566989492781	0.12720111312058047
eus-x-bible-batua.txt.clean.txt	3950	3334	20874	0.15972022611861647	10.21439887901446	12.630566989492781	0.12720111312058047
eus-x-bible-batua.txt.clean.txt	4000	3334	20874	0.15972022611861647	10.21439887901446	12.630566989492781	0.12720111312058047
eus-x-bible-batua.txt.clean.txt	4050	3334	20874	0.15972022611861647	10.21439887901446	12.630566989492781	0.12720111312058047
eus-x-bible-batua.txt.clean.txt	4100	3334	20874	0.15972022611861647	10.21439887901446	12.630566989492781	0.12720111312058047
eus-x-bible-batua.txt.clean.txt	4150	3334	20874	0.15972022611861647	10.21439887901446	12.630566989492781	0.12720111312058047
eus-x-bible-batua.txt.clean.txt	4200	3334	20874	0.15972022611861647	10.21439887901446	12.630566989492781	0.12720111312058047
eus-x-bible-batua.txt.clean.txt	4250	3334	20874	0.15972022611861647	10.21439887901446	12.630566989492781	0.12720111312058047
eus-x-bible-batua.txt.clean.txt	4300	3334	20874	0.15972022611861647	10.21439887901446	12.630566989492781	0.12720111312058047
eus-x-bible-batua.txt.clean.txt	4350	3334	20874	0.15972022611861647	10.21439887901446	12.630566989492781	0.12720111312058047
eus-x-bible-batua.txt.clean.txt	4400	3334	20874	0.15972022611861647	10.21439887901446	12.630566989492781	0.12720111312058047
eus-x-bible-batua.txt.clean.txt	4450	3334	20874	0.15972022611861647	10.21439887901446	12.630566989492781	0.12720111312058047
eus-x-bible-batua.txt.clean.txt	4500	3334	20874	0.15972022611861647	10.21439887901446	12.630566989492781	0.12720111312058047
eus-x-bible-batua.txt.clean.txt	4550	3334	20874	0.15972022611861647	10.21439887901446	12.630566989492781	0.12720111312058047
eus-x-bible-batua.txt.clean.txt	4600	3334	20874	0.15972022611861647	10.21439887901446	12.630566989492781	0.12720111312058047
eus-x-bible-batua.txt.clean.txt	4650	3334	20874	0.15972022611861647	10.21439887901446	12.630566989492781	0.12720111312058047
eus-x-bible-batua.txt.clean.txt	4700	3334	20874	0.15972022611861647	10.21439887901446	12.630566989492781	0.12720111312058047
eus-x-bible-batua.txt.clean.txt	4750	3334	20874	0.15972022611861647	10.21439887901446	12.630566989492781	0.12720111312058047
eus-x-bible-batua.txt.clean.txt	4800	3334	20874	0.15972022611861647	10.21439887901446	12.630566989492781	0.12720111312058047
eus-x-bible-batua.txt.clean.txt	4850	3334	20874	0.15972022611861647	10.21439887901446	12.630566989492781	0.12720111312058047
eus-x-bible-batua.txt.clean.txt	4900	3334	20874	0.15972022611861647	10.21439887901446	12.630566989492781	0.12720111312058047
eus-x-bible-batua.txt.clean.txt	4950	3334	20874	0.15972022611861647	10.21439887901446	12.630566989492781	0.12720111312058047
eus-x-bible-batua.txt.clean.txt	5000	3334	20874	0.15972022611861647	10.21439887901446	12.630566989492781	0.12720111312058047
