file	merge	types	tokens	TTR	H	Hcross	R
hau-x-bible.txt.clean.txt	0	48	95369	0.0005033082028751482	4.510632283683992	7.538617830490293	0.1923612229980849
hau-x-bible.txt.clean.txt	50	98	60385	0.0016229195992382213	6.216698843953203	7.270286239107189	0.06017059093167876
hau-x-bible.txt.clean.txt	100	147	52343	0.0028083984486941905	6.72749378241947	7.832706258610644	0.06558334043569958
hau-x-bible.txt.clean.txt	150	197	47790	0.00412220129734254	7.089004709067552	8.222865442998216	0.06993485783291908
hau-x-bible.txt.clean.txt	200	246	44708	0.005502370940323879	7.333287147290241	8.567842858413291	0.07670459495408599
hau-x-bible.txt.clean.txt	250	293	42389	0.0069121706102998415	7.5133432493442145	8.86169328299654	0.08315238843362549
hau-x-bible.txt.clean.txt	300	339	40583	0.008353251361407486	7.656469212685584	9.11393280137063	0.08907312907633036
hau-x-bible.txt.clean.txt	350	388	39103	0.009922512339206711	7.779105855525015	9.339111994509539	0.0954436401536094
hau-x-bible.txt.clean.txt	400	434	37849	0.011466617347882374	7.864463461388132	9.578502377703082	0.10238914859441606
hau-x-bible.txt.clean.txt	450	482	36773	0.013107442960868028	7.938585546998446	9.787836134646586	0.10931402292532366
hau-x-bible.txt.clean.txt	500	528	35858	0.014724747615594846	7.997124420972536	9.967082898268785	0.11579213428397173
hau-x-bible.txt.clean.txt	550	575	35058	0.016401391979006218	8.0728177825823	10.105974259238451	0.1194011602652959
hau-x-bible.txt.clean.txt	600	623	34350	0.01813682678311499	8.128066289371455	10.254849848038408	0.12442217716007131
hau-x-bible.txt.clean.txt	650	666	33709	0.01975733483639384	8.170649372365784	10.381672861874453	0.12887090672757529
hau-x-bible.txt.clean.txt	700	714	33139	0.021545610911614714	8.219530722425477	10.500936803849697	0.132940796780451
hau-x-bible.txt.clean.txt	750	760	32626	0.023294305155397536	8.254948299538817	10.623993007578264	0.13740095593996726
hau-x-bible.txt.clean.txt	800	807	32169	0.025086263172619604	8.291076122498826	10.729769317137333	0.1413927783947465
hau-x-bible.txt.clean.txt	850	849	31754	0.026736789065944448	8.316742512197731	10.825186684850067	0.14521411148440677
hau-x-bible.txt.clean.txt	900	897	31366	0.02859784480010202	8.349697427173023	10.927789646198278	0.14876868971317747
hau-x-bible.txt.clean.txt	950	943	31016	0.030403662625741554	8.374153548252599	11.033559721529606	0.15250916226853628
hau-x-bible.txt.clean.txt	1000	991	30683	0.032298015187563145	8.394870044386618	11.13131649408615	0.15652684663536898
hau-x-bible.txt.clean.txt	1050	1037	30383	0.03413092847974196	8.415600164805479	11.222748009058463	0.15996885522381266
hau-x-bible.txt.clean.txt	1100	1081	30083	0.03593391616527607	8.436618023424387	11.290523342550797	0.16288035529796208
hau-x-bible.txt.clean.txt	1150	1126	29832	0.03774470367390721	8.452612401670766	11.37393128844148	0.16616160473912156
hau-x-bible.txt.clean.txt	1200	1168	29582	0.03948346967750659	8.460566581999625	11.455387949446104	0.16970439156122807
hau-x-bible.txt.clean.txt	1250	1213	29339	0.041344285762977606	8.475787316669635	11.522947236098684	0.1726389795321117
hau-x-bible.txt.clean.txt	1300	1256	29139	0.04310374412299667	8.484801190914737	11.600318256217426	0.17580245082576207
hau-x-bible.txt.clean.txt	1350	1297	28939	0.04481841114067521	8.49407946852234	11.664776736162406	0.1785987763261233
hau-x-bible.txt.clean.txt	1400	1335	28739	0.04645255576046487	8.499759242919275	11.726465269879004	0.18134768039720417
hau-x-bible.txt.clean.txt	1450	1370	28539	0.04800448509057781	8.504450948649437	11.775260867287116	0.18383076293042766
hau-x-bible.txt.clean.txt	1500	1410	28377	0.049688127709060156	8.510049506145686	11.838712590566352	0.18653479662923733
hau-x-bible.txt.clean.txt	1550	1447	28227	0.05126297516562157	8.515363818766506	11.890464103002664	0.18892407622458463
hau-x-bible.txt.clean.txt	1600	1488	28077	0.05299711507639705	8.525781467479376	11.944194007136531	0.19103776494065172
hau-x-bible.txt.clean.txt	1650	1528	27927	0.05471407598381495	8.531060530641778	12.00089101110851	0.19346557000412223
hau-x-bible.txt.clean.txt	1700	1572	27777	0.05659358462036937	8.537866112204183	12.056305332539118	0.1959355675692771
hau-x-bible.txt.clean.txt	1750	1606	27627	0.05813153798819995	8.537855397660126	12.09930098524685	0.19826744184394518
hau-x-bible.txt.clean.txt	1800	1638	27477	0.05961349492302653	8.540475526191388	12.137694821221217	0.2001592275484354
hau-x-bible.txt.clean.txt	1850	1680	27375	0.06136986301369863	8.542707967814348	12.198008283268667	0.20267759836856902
hau-x-bible.txt.clean.txt	1900	1717	27275	0.06295142071494042	8.543849605891761	12.2494047231941	0.20490335475664434
hau-x-bible.txt.clean.txt	1950	1752	27175	0.06447102115915364	8.546750872511485	12.296646160713664	0.2067823869525417
hau-x-bible.txt.clean.txt	2000	1788	27075	0.06603878116343491	8.548950059987407	12.34473855950045	0.2087332110999255
hau-x-bible.txt.clean.txt	2050	1826	26975	0.06769230769230769	8.5501496044612	12.390126969235215	0.21083829888735994
hau-x-bible.txt.clean.txt	2100	1864	26875	0.06935813953488372	8.552664244972314	12.43166781634574	0.21276530693643803
hau-x-bible.txt.clean.txt	2150	1894	26775	0.07073762838468721	8.550872116982044	12.472991624687369	0.21459549512268494
hau-x-bible.txt.clean.txt	2200	1923	26675	0.07208997188378631	8.552704205462986	12.50286829701726	0.21600586147337297
hau-x-bible.txt.clean.txt	2250	1957	26575	0.0736406396989652	8.551410726662658	12.539646076684397	0.2179370795719775
hau-x-bible.txt.clean.txt	2300	1988	26475	0.07508970727101039	8.54605126838121	12.580095486384748	0.2200445668969332
hau-x-bible.txt.clean.txt	2350	2024	26375	0.076739336492891	8.54566356172024	12.617913333051739	0.22191855038410224
hau-x-bible.txt.clean.txt	2400	2056	26275	0.07824928639391056	8.545324184712895	12.648888045070109	0.22354936364435507
hau-x-bible.txt.clean.txt	2450	2062	26259	0.07852545793823071	8.545678128727584	12.655388045130238	0.22381370085573404
hau-x-bible.txt.clean.txt	2500	2062	26259	0.07852545793823071	8.545678128727584	12.655388045130238	0.22381370085573404
hau-x-bible.txt.clean.txt	2550	2062	26259	0.07852545793823071	8.545678128727584	12.655388045130238	0.22381370085573404
hau-x-bible.txt.clean.txt	2600	2062	26259	0.07852545793823071	8.545678128727584	12.655388045130238	0.22381370085573404
hau-x-bible.txt.clean.txt	2650	2062	26259	0.07852545793823071	8.545678128727584	12.655388045130238	0.22381370085573404
hau-x-bible.txt.clean.txt	2700	2062	26259	0.07852545793823071	8.545678128727584	12.655388045130238	0.22381370085573404
hau-x-bible.txt.clean.txt	2750	2062	26259	0.07852545793823071	8.545678128727584	12.655388045130238	0.22381370085573404
hau-x-bible.txt.clean.txt	2800	2062	26259	0.07852545793823071	8.545678128727584	12.655388045130238	0.22381370085573404
hau-x-bible.txt.clean.txt	2850	2062	26259	0.07852545793823071	8.545678128727584	12.655388045130238	0.22381370085573404
hau-x-bible.txt.clean.txt	2900	2062	26259	0.07852545793823071	8.545678128727584	12.655388045130238	0.22381370085573404
hau-x-bible.txt.clean.txt	2950	2062	26259	0.07852545793823071	8.545678128727584	12.655388045130238	0.22381370085573404
hau-x-bible.txt.clean.txt	3000	2062	26259	0.07852545793823071	8.545678128727584	12.655388045130238	0.22381370085573404
hau-x-bible.txt.clean.txt	3050	2062	26259	0.07852545793823071	8.545678128727584	12.655388045130238	0.22381370085573404
hau-x-bible.txt.clean.txt	3100	2062	26259	0.07852545793823071	8.545678128727584	12.655388045130238	0.22381370085573404
hau-x-bible.txt.clean.txt	3150	2062	26259	0.07852545793823071	8.545678128727584	12.655388045130238	0.22381370085573404
hau-x-bible.txt.clean.txt	3200	2062	26259	0.07852545793823071	8.545678128727584	12.655388045130238	0.22381370085573404
hau-x-bible.txt.clean.txt	3250	2062	26259	0.07852545793823071	8.545678128727584	12.655388045130238	0.22381370085573404
hau-x-bible.txt.clean.txt	3300	2062	26259	0.07852545793823071	8.545678128727584	12.655388045130238	0.22381370085573404
hau-x-bible.txt.clean.txt	3350	2062	26259	0.07852545793823071	8.545678128727584	12.655388045130238	0.22381370085573404
hau-x-bible.txt.clean.txt	3400	2062	26259	0.07852545793823071	8.545678128727584	12.655388045130238	0.22381370085573404
hau-x-bible.txt.clean.txt	3450	2062	26259	0.07852545793823071	8.545678128727584	12.655388045130238	0.22381370085573404
hau-x-bible.txt.clean.txt	3500	2062	26259	0.07852545793823071	8.545678128727584	12.655388045130238	0.22381370085573404
hau-x-bible.txt.clean.txt	3550	2062	26259	0.07852545793823071	8.545678128727584	12.655388045130238	0.22381370085573404
hau-x-bible.txt.clean.txt	3600	2062	26259	0.07852545793823071	8.545678128727584	12.655388045130238	0.22381370085573404
hau-x-bible.txt.clean.txt	3650	2062	26259	0.07852545793823071	8.545678128727584	12.655388045130238	0.22381370085573404
hau-x-bible.txt.clean.txt	3700	2062	26259	0.07852545793823071	8.545678128727584	12.655388045130238	0.22381370085573404
hau-x-bible.txt.clean.txt	3750	2062	26259	0.07852545793823071	8.545678128727584	12.655388045130238	0.22381370085573404
hau-x-bible.txt.clean.txt	3800	2062	26259	0.07852545793823071	8.545678128727584	12.655388045130238	0.22381370085573404
hau-x-bible.txt.clean.txt	3850	2062	26259	0.07852545793823071	8.545678128727584	12.655388045130238	0.22381370085573404
hau-x-bible.txt.clean.txt	3900	2062	26259	0.07852545793823071	8.545678128727584	12.655388045130238	0.22381370085573404
hau-x-bible.txt.clean.txt	3950	2062	26259	0.07852545793823071	8.545678128727584	12.655388045130238	0.22381370085573404
hau-x-bible.txt.clean.txt	4000	2062	26259	0.07852545793823071	8.545678128727584	12.655388045130238	0.22381370085573404
hau-x-bible.txt.clean.txt	4050	2062	26259	0.07852545793823071	8.545678128727584	12.655388045130238	0.22381370085573404
hau-x-bible.txt.clean.txt	4100	2062	26259	0.07852545793823071	8.545678128727584	12.655388045130238	0.22381370085573404
hau-x-bible.txt.clean.txt	4150	2062	26259	0.07852545793823071	8.545678128727584	12.655388045130238	0.22381370085573404
hau-x-bible.txt.clean.txt	4200	2062	26259	0.07852545793823071	8.545678128727584	12.655388045130238	0.22381370085573404
hau-x-bible.txt.clean.txt	4250	2062	26259	0.07852545793823071	8.545678128727584	12.655388045130238	0.22381370085573404
hau-x-bible.txt.clean.txt	4300	2062	26259	0.07852545793823071	8.545678128727584	12.655388045130238	0.22381370085573404
hau-x-bible.txt.clean.txt	4350	2062	26259	0.07852545793823071	8.545678128727584	12.655388045130238	0.22381370085573404
hau-x-bible.txt.clean.txt	4400	2062	26259	0.07852545793823071	8.545678128727584	12.655388045130238	0.22381370085573404
hau-x-bible.txt.clean.txt	4450	2062	26259	0.07852545793823071	8.545678128727584	12.655388045130238	0.22381370085573404
hau-x-bible.txt.clean.txt	4500	2062	26259	0.07852545793823071	8.545678128727584	12.655388045130238	0.22381370085573404
hau-x-bible.txt.clean.txt	4550	2062	26259	0.07852545793823071	8.545678128727584	12.655388045130238	0.22381370085573404
hau-x-bible.txt.clean.txt	4600	2062	26259	0.07852545793823071	8.545678128727584	12.655388045130238	0.22381370085573404
hau-x-bible.txt.clean.txt	4650	2062	26259	0.07852545793823071	8.545678128727584	12.655388045130238	0.22381370085573404
hau-x-bible.txt.clean.txt	4700	2062	26259	0.07852545793823071	8.545678128727584	12.655388045130238	0.22381370085573404
hau-x-bible.txt.clean.txt	4750	2062	26259	0.07852545793823071	8.545678128727584	12.655388045130238	0.22381370085573404
hau-x-bible.txt.clean.txt	4800	2062	26259	0.07852545793823071	8.545678128727584	12.655388045130238	0.22381370085573404
hau-x-bible.txt.clean.txt	4850	2062	26259	0.07852545793823071	8.545678128727584	12.655388045130238	0.22381370085573404
hau-x-bible.txt.clean.txt	4900	2062	26259	0.07852545793823071	8.545678128727584	12.655388045130238	0.22381370085573404
hau-x-bible.txt.clean.txt	4950	2062	26259	0.07852545793823071	8.545678128727584	12.655388045130238	0.22381370085573404
hau-x-bible.txt.clean.txt	5000	2062	26259	0.07852545793823071	8.545678128727584	12.655388045130238	0.22381370085573404
