file	merge	types	tokens	TTR	H	Hcross	R
hin-x-bible-bsi.txt.clean.txt	0	106	91511	0.0011583306924850564	5.661295917844301	8.436639727716042	0.15853703145307874
hin-x-bible-bsi.txt.clean.txt	50	156	69112	0.0022572056951036	6.669120819259071	8.242694907666317	0.08459126635556191
hin-x-bible-bsi.txt.clean.txt	100	204	60713	0.0033600711544479766	7.104718157391695	8.511603632122753	0.07399318458977966
hin-x-bible-bsi.txt.clean.txt	150	253	55172	0.004585659392445443	7.385338577018207	8.836383948535582	0.07486602514257801
hin-x-bible-bsi.txt.clean.txt	200	303	51380	0.005897236278707668	7.623818586533039	9.0527956821633	0.07513554829507196
hin-x-bible-bsi.txt.clean.txt	250	353	48619	0.007260536004442707	7.786205238364212	9.29018878049154	0.08002802438261103
hin-x-bible-bsi.txt.clean.txt	300	403	46521	0.008662754454977321	7.930385817671606	9.464743047930835	0.0836834973150854
hin-x-bible-bsi.txt.clean.txt	350	446	44827	0.009949360876257612	8.021227189988183	9.650582412084194	0.0885901122383157
hin-x-bible-bsi.txt.clean.txt	400	496	43397	0.011429361476599766	8.11195932578794	9.838070041226617	0.09406058962789765
hin-x-bible-bsi.txt.clean.txt	450	540	42160	0.012808349146110056	8.192801045205664	9.980535057872189	0.09739258690375896
hin-x-bible-bsi.txt.clean.txt	500	584	41067	0.014220663793313366	8.249359236059826	10.127079249946396	0.10233767976684938
hin-x-bible-bsi.txt.clean.txt	550	631	40093	0.015738408200932832	8.31256537887053	10.2609662250196	0.10631954208028083
hin-x-bible-bsi.txt.clean.txt	600	673	39238	0.017151740659564707	8.36345902078416	10.363986888424055	0.10974589046137273
hin-x-bible-bsi.txt.clean.txt	650	718	38469	0.018664379110452572	8.399105659096499	10.493996956181297	0.11475049862195619
hin-x-bible-bsi.txt.clean.txt	700	764	37770	0.020227693936987028	8.438696577245263	10.61064112630958	0.11889749025929641
hin-x-bible-bsi.txt.clean.txt	750	808	37141	0.02175493390054118	8.477193362799852	10.705189809472223	0.12228124452038303
hin-x-bible-bsi.txt.clean.txt	800	849	36577	0.023211307652349838	8.513173813856385	10.779862580254202	0.1250251126697498
hin-x-bible-bsi.txt.clean.txt	850	894	36054	0.024796139124646364	8.542507418353356	10.87112690052349	0.12868285828739257
hin-x-bible-bsi.txt.clean.txt	900	938	35572	0.026369054312380524	8.568066111341281	10.956302682524102	0.13221100826604415
hin-x-bible-bsi.txt.clean.txt	950	982	35132	0.02795172492314699	8.583848005814549	11.051267274249525	0.13639724371305972
hin-x-bible-bsi.txt.clean.txt	1000	1027	34734	0.029567570680025336	8.607504908462221	11.132811986484398	0.13961263274418823
hin-x-bible-bsi.txt.clean.txt	1050	1071	34384	0.031148208469055375	8.62548105163661	11.214632424593564	0.1430003475254601
hin-x-bible-bsi.txt.clean.txt	1100	1109	34037	0.032582189969738815	8.63512396677875	11.286741777104966	0.1463087787425712
hin-x-bible-bsi.txt.clean.txt	1150	1149	33737	0.03405756291312209	8.643170177221469	11.362250222290156	0.14981000137843847
hin-x-bible-bsi.txt.clean.txt	1200	1191	33437	0.03561922421269851	8.655389807144134	11.429164360912923	0.15292369932658922
hin-x-bible-bsi.txt.clean.txt	1250	1223	33168	0.036872889532079116	8.660418661262131	11.488686210908092	0.15559258549899724
hin-x-bible-bsi.txt.clean.txt	1300	1262	32918	0.038337687587338236	8.67105801686668	11.552337858168736	0.15827197790064618
hin-x-bible-bsi.txt.clean.txt	1350	1304	32668	0.03991673809232276	8.682182988464852	11.610681678671915	0.16103864561220094
hin-x-bible-bsi.txt.clean.txt	1400	1344	32421	0.04145461275099473	8.68857788990289	11.67089356577111	0.163942214576844
hin-x-bible-bsi.txt.clean.txt	1450	1384	32221	0.04295335340306011	8.697724120009442	11.724801904741785	0.16645577300272107
hin-x-bible-bsi.txt.clean.txt	1500	1428	32021	0.044595734049529996	8.703961815140962	11.794590310175856	0.16945187820239638
hin-x-bible-bsi.txt.clean.txt	1550	1470	31821	0.046195908362402185	8.708037918215226	11.856485698441585	0.1723656521551128
hin-x-bible-bsi.txt.clean.txt	1600	1511	31621	0.04778470004111192	8.714019018951534	11.912508782359774	0.1749094367850288
hin-x-bible-bsi.txt.clean.txt	1650	1543	31467	0.04903549750532304	8.71320788653767	11.962930589714048	0.17734131115166973
hin-x-bible-bsi.txt.clean.txt	1700	1575	31317	0.050292173579844814	8.712008687687254	12.013156730707683	0.17974794835754881
hin-x-bible-bsi.txt.clean.txt	1750	1609	31167	0.05162511630891648	8.712722250891414	12.063046682011384	0.1820536721215299
hin-x-bible-bsi.txt.clean.txt	1800	1642	31017	0.052938711029435474	8.714166477651807	12.104531880199435	0.18416141071778547
hin-x-bible-bsi.txt.clean.txt	1850	1677	30867	0.05432986684809019	8.716197081300662	12.149617718409313	0.18628938868136646
hin-x-bible-bsi.txt.clean.txt	1900	1722	30717	0.05606016212520754	8.719044307718173	12.206064268458501	0.18891625925269018
hin-x-bible-bsi.txt.clean.txt	1950	1762	30567	0.05764386429809926	8.72118211934345	12.254165970304204	0.19120990745146316
hin-x-bible-bsi.txt.clean.txt	2000	1795	30444	0.058960714754959925	8.722600239333431	12.295277383525244	0.19308165212476003
hin-x-bible-bsi.txt.clean.txt	2050	1832	30344	0.06037437384655945	8.72261119099088	12.34336566015212	0.19527196263533642
hin-x-bible-bsi.txt.clean.txt	2100	1859	30244	0.061466737204073536	8.719221784648957	12.382265717846327	0.19714806136244678
hin-x-bible-bsi.txt.clean.txt	2150	1894	30144	0.06283174097664544	8.718153946403888	12.426430431240679	0.19923052408644337
hin-x-bible-bsi.txt.clean.txt	2200	1928	30044	0.06417254693116763	8.717340332271403	12.468033805800383	0.20118860700525043
hin-x-bible-bsi.txt.clean.txt	2250	1957	29944	0.06535532994923858	8.713149861271612	12.50761393974948	0.20314534707275456
hin-x-bible-bsi.txt.clean.txt	2300	1996	29844	0.06688111513201983	8.713003830520236	12.552653715327114	0.20522790453559614
hin-x-bible-bsi.txt.clean.txt	2350	2027	29744	0.06814819795589026	8.710871490015778	12.58772088621567	0.20703066837916517
hin-x-bible-bsi.txt.clean.txt	2400	2063	29644	0.06959249763864525	8.70986114054283	12.62509776644508	0.2089515546591869
hin-x-bible-bsi.txt.clean.txt	2450	2101	29544	0.07111427024099648	8.707177062024355	12.669539586802117	0.2110820731950952
hin-x-bible-bsi.txt.clean.txt	2500	2138	29444	0.07261241679119684	8.704911736717946	12.708047341332275	0.21308303831467013
hin-x-bible-bsi.txt.clean.txt	2550	2168	29344	0.07388222464558343	8.699609601703084	12.74194227807488	0.21498893678113895
hin-x-bible-bsi.txt.clean.txt	2600	2170	29334	0.07397559146383037	8.699520102608535	12.743619703723311	0.21509123212279269
hin-x-bible-bsi.txt.clean.txt	2650	2170	29334	0.07397559146383037	8.699520102608535	12.743619703723311	0.21509123212279269
hin-x-bible-bsi.txt.clean.txt	2700	2170	29334	0.07397559146383037	8.699520102608535	12.743619703723311	0.21509123212279269
hin-x-bible-bsi.txt.clean.txt	2750	2170	29334	0.07397559146383037	8.699520102608535	12.743619703723311	0.21509123212279269
hin-x-bible-bsi.txt.clean.txt	2800	2170	29334	0.07397559146383037	8.699520102608535	12.743619703723311	0.21509123212279269
hin-x-bible-bsi.txt.clean.txt	2850	2170	29334	0.07397559146383037	8.699520102608535	12.743619703723311	0.21509123212279269
hin-x-bible-bsi.txt.clean.txt	2900	2170	29334	0.07397559146383037	8.699520102608535	12.743619703723311	0.21509123212279269
hin-x-bible-bsi.txt.clean.txt	2950	2170	29334	0.07397559146383037	8.699520102608535	12.743619703723311	0.21509123212279269
hin-x-bible-bsi.txt.clean.txt	3000	2170	29334	0.07397559146383037	8.699520102608535	12.743619703723311	0.21509123212279269
hin-x-bible-bsi.txt.clean.txt	3050	2170	29334	0.07397559146383037	8.699520102608535	12.743619703723311	0.21509123212279269
hin-x-bible-bsi.txt.clean.txt	3100	2170	29334	0.07397559146383037	8.699520102608535	12.743619703723311	0.21509123212279269
hin-x-bible-bsi.txt.clean.txt	3150	2170	29334	0.07397559146383037	8.699520102608535	12.743619703723311	0.21509123212279269
hin-x-bible-bsi.txt.clean.txt	3200	2170	29334	0.07397559146383037	8.699520102608535	12.743619703723311	0.21509123212279269
hin-x-bible-bsi.txt.clean.txt	3250	2170	29334	0.07397559146383037	8.699520102608535	12.743619703723311	0.21509123212279269
hin-x-bible-bsi.txt.clean.txt	3300	2170	29334	0.07397559146383037	8.699520102608535	12.743619703723311	0.21509123212279269
hin-x-bible-bsi.txt.clean.txt	3350	2170	29334	0.07397559146383037	8.699520102608535	12.743619703723311	0.21509123212279269
hin-x-bible-bsi.txt.clean.txt	3400	2170	29334	0.07397559146383037	8.699520102608535	12.743619703723311	0.21509123212279269
hin-x-bible-bsi.txt.clean.txt	3450	2170	29334	0.07397559146383037	8.699520102608535	12.743619703723311	0.21509123212279269
hin-x-bible-bsi.txt.clean.txt	3500	2170	29334	0.07397559146383037	8.699520102608535	12.743619703723311	0.21509123212279269
hin-x-bible-bsi.txt.clean.txt	3550	2170	29334	0.07397559146383037	8.699520102608535	12.743619703723311	0.21509123212279269
hin-x-bible-bsi.txt.clean.txt	3600	2170	29334	0.07397559146383037	8.699520102608535	12.743619703723311	0.21509123212279269
hin-x-bible-bsi.txt.clean.txt	3650	2170	29334	0.07397559146383037	8.699520102608535	12.743619703723311	0.21509123212279269
hin-x-bible-bsi.txt.clean.txt	3700	2170	29334	0.07397559146383037	8.699520102608535	12.743619703723311	0.21509123212279269
hin-x-bible-bsi.txt.clean.txt	3750	2170	29334	0.07397559146383037	8.699520102608535	12.743619703723311	0.21509123212279269
hin-x-bible-bsi.txt.clean.txt	3800	2170	29334	0.07397559146383037	8.699520102608535	12.743619703723311	0.21509123212279269
hin-x-bible-bsi.txt.clean.txt	3850	2170	29334	0.07397559146383037	8.699520102608535	12.743619703723311	0.21509123212279269
hin-x-bible-bsi.txt.clean.txt	3900	2170	29334	0.07397559146383037	8.699520102608535	12.743619703723311	0.21509123212279269
hin-x-bible-bsi.txt.clean.txt	3950	2170	29334	0.07397559146383037	8.699520102608535	12.743619703723311	0.21509123212279269
hin-x-bible-bsi.txt.clean.txt	4000	2170	29334	0.07397559146383037	8.699520102608535	12.743619703723311	0.21509123212279269
hin-x-bible-bsi.txt.clean.txt	4050	2170	29334	0.07397559146383037	8.699520102608535	12.743619703723311	0.21509123212279269
hin-x-bible-bsi.txt.clean.txt	4100	2170	29334	0.07397559146383037	8.699520102608535	12.743619703723311	0.21509123212279269
hin-x-bible-bsi.txt.clean.txt	4150	2170	29334	0.07397559146383037	8.699520102608535	12.743619703723311	0.21509123212279269
hin-x-bible-bsi.txt.clean.txt	4200	2170	29334	0.07397559146383037	8.699520102608535	12.743619703723311	0.21509123212279269
hin-x-bible-bsi.txt.clean.txt	4250	2170	29334	0.07397559146383037	8.699520102608535	12.743619703723311	0.21509123212279269
hin-x-bible-bsi.txt.clean.txt	4300	2170	29334	0.07397559146383037	8.699520102608535	12.743619703723311	0.21509123212279269
hin-x-bible-bsi.txt.clean.txt	4350	2170	29334	0.07397559146383037	8.699520102608535	12.743619703723311	0.21509123212279269
hin-x-bible-bsi.txt.clean.txt	4400	2170	29334	0.07397559146383037	8.699520102608535	12.743619703723311	0.21509123212279269
hin-x-bible-bsi.txt.clean.txt	4450	2170	29334	0.07397559146383037	8.699520102608535	12.743619703723311	0.21509123212279269
hin-x-bible-bsi.txt.clean.txt	4500	2170	29334	0.07397559146383037	8.699520102608535	12.743619703723311	0.21509123212279269
hin-x-bible-bsi.txt.clean.txt	4550	2170	29334	0.07397559146383037	8.699520102608535	12.743619703723311	0.21509123212279269
hin-x-bible-bsi.txt.clean.txt	4600	2170	29334	0.07397559146383037	8.699520102608535	12.743619703723311	0.21509123212279269
hin-x-bible-bsi.txt.clean.txt	4650	2170	29334	0.07397559146383037	8.699520102608535	12.743619703723311	0.21509123212279269
hin-x-bible-bsi.txt.clean.txt	4700	2170	29334	0.07397559146383037	8.699520102608535	12.743619703723311	0.21509123212279269
hin-x-bible-bsi.txt.clean.txt	4750	2170	29334	0.07397559146383037	8.699520102608535	12.743619703723311	0.21509123212279269
hin-x-bible-bsi.txt.clean.txt	4800	2170	29334	0.07397559146383037	8.699520102608535	12.743619703723311	0.21509123212279269
hin-x-bible-bsi.txt.clean.txt	4850	2170	29334	0.07397559146383037	8.699520102608535	12.743619703723311	0.21509123212279269
hin-x-bible-bsi.txt.clean.txt	4900	2170	29334	0.07397559146383037	8.699520102608535	12.743619703723311	0.21509123212279269
hin-x-bible-bsi.txt.clean.txt	4950	2170	29334	0.07397559146383037	8.699520102608535	12.743619703723311	0.21509123212279269
hin-x-bible-bsi.txt.clean.txt	5000	2170	29334	0.07397559146383037	8.699520102608535	12.743619703723311	0.21509123212279269
