file	merge	types	tokens	TTR	H	Hcross	R
mya-x-bible-common.txt.clean.txt	0	103	192757	0.0005343515410594687	4.765164312074918	10.211413750720036	0.2873455565130554
mya-x-bible-common.txt.clean.txt	50	153	110950	0.0013789995493465525	6.494448353127747	8.985812892924631	0.10512590839872182
mya-x-bible-common.txt.clean.txt	100	202	94353	0.002140896420887518	7.0237194164470225	8.893357961664217	0.08285120719554517
mya-x-bible-common.txt.clean.txt	150	252	84674	0.0029761201785672106	7.376391691291161	8.997268978672835	0.0753249526118076
mya-x-bible-common.txt.clean.txt	200	302	78519	0.0038462028298883073	7.62747933156815	9.14700981963633	0.0741557895111351
mya-x-bible-common.txt.clean.txt	250	352	74069	0.0047523255342991	7.829711860115722	9.31776235554002	0.0744399608520051
mya-x-bible-common.txt.clean.txt	300	402	70479	0.005703826671774571	8.013085865603909	9.464623576535619	0.07374430859377745
mya-x-bible-common.txt.clean.txt	350	451	67524	0.006679106687992417	8.178533457897998	9.578281611971615	0.07241140424412573
mya-x-bible-common.txt.clean.txt	400	501	65099	0.007695970752238898	8.31980264668512	9.701837770463257	0.07234789311187251
mya-x-bible-common.txt.clean.txt	450	550	63034	0.008725449757273853	8.442759256384884	9.839351904909238	0.07255933965053452
mya-x-bible-common.txt.clean.txt	500	600	61226	0.009799758272629275	8.551643897105315	9.954740964129355	0.07337610761472013
mya-x-bible-common.txt.clean.txt	550	650	59625	0.01090146750524109	8.637362413219382	10.085069420010807	0.07565401413471629
mya-x-bible-common.txt.clean.txt	600	698	58192	0.011994775914215012	8.722891197259667	10.187867958735733	0.07665773780216234
mya-x-bible-common.txt.clean.txt	650	748	56880	0.013150492264416315	8.802697753077119	10.30386821001656	0.07795170565018239
mya-x-bible-common.txt.clean.txt	700	797	55669	0.014316765165531984	8.87498860067532	10.41355143882962	0.07920863095712305
mya-x-bible-common.txt.clean.txt	750	847	54555	0.015525616350472001	8.950801070190181	10.503663832483547	0.07972441872466263
mya-x-bible-common.txt.clean.txt	800	897	53542	0.016753203092899033	9.020703903209162	10.582574291722775	0.08036121425803733
mya-x-bible-common.txt.clean.txt	850	947	52621	0.017996617320081336	9.087122979474504	10.664658611985757	0.08092240146256491
mya-x-bible-common.txt.clean.txt	900	997	51767	0.0192593737323005	9.14635744739389	10.740962448210873	0.08182466127020371
mya-x-bible-common.txt.clean.txt	950	1047	50980	0.02053746567281287	9.207779018475172	10.80575725372818	0.08216337234617177
mya-x-bible-common.txt.clean.txt	1000	1097	50244	0.021833452750577183	9.253505744781432	10.881978778241653	0.08375214731692593
mya-x-bible-common.txt.clean.txt	1050	1146	49552	0.02312721989021634	9.307596862564855	10.941932917682445	0.08411351605534079
mya-x-bible-common.txt.clean.txt	1100	1193	48902	0.02439573023598217	9.350334378757463	11.00359188864773	0.08512835054061707
mya-x-bible-common.txt.clean.txt	1150	1241	48292	0.025697838151246582	9.398749598817256	11.056059813753786	0.0854834322626764
mya-x-bible-common.txt.clean.txt	1200	1291	47698	0.0270661243658015	9.44889455988783	11.106780107984179	0.08567401896349625
mya-x-bible-common.txt.clean.txt	1250	1340	47148	0.028421141936031222	9.497168771233152	11.155533370189083	0.08575731919206042
mya-x-bible-common.txt.clean.txt	1300	1389	46619	0.02979471889143911	9.53867033305571	11.213153827116596	0.08631945870966151
mya-x-bible-common.txt.clean.txt	1350	1439	46119	0.031201890760857783	9.580153967936763	11.26539250625706	0.08680867924857072
mya-x-bible-common.txt.clean.txt	1400	1489	45637	0.03262703508118413	9.60963200565696	11.326586392704709	0.08828128363517618
mya-x-bible-common.txt.clean.txt	1450	1537	45187	0.03401420762608715	9.646671974998178	11.368550967674311	0.08872456249061622
mya-x-bible-common.txt.clean.txt	1500	1586	44737	0.035451639582448534	9.678859998808289	11.423795652723971	0.08957776282963337
mya-x-bible-common.txt.clean.txt	1550	1634	44319	0.03686906293012027	9.716211862536394	11.46234718326217	0.08974734401853801
mya-x-bible-common.txt.clean.txt	1600	1684	43919	0.03834331382772832	9.752433777209054	11.501600079913125	0.09006081241452324
mya-x-bible-common.txt.clean.txt	1650	1734	43519	0.03984466554838117	9.786092991873337	11.543803584984689	0.09050235232620363
mya-x-bible-common.txt.clean.txt	1700	1782	43146	0.04130162703379224	9.817055179475341	11.586586267528332	0.09095294265584286
mya-x-bible-common.txt.clean.txt	1750	1826	42796	0.04266753902233854	9.84244414871772	11.621352071843592	0.09156209811165139
mya-x-bible-common.txt.clean.txt	1800	1874	42446	0.044150214390048535	9.87730069804829	11.65371971168263	0.09148392281471396
mya-x-bible-common.txt.clean.txt	1850	1921	42096	0.04563378943367541	9.903509944693104	11.691166677136014	0.09205764885265877
mya-x-bible-common.txt.clean.txt	1900	1969	41770	0.04713909504429016	9.930422790122345	11.726274003102095	0.09255247269275202
mya-x-bible-common.txt.clean.txt	1950	2016	41470	0.04861345551000723	9.95729741448972	11.757179534952671	0.09291760036351449
mya-x-bible-common.txt.clean.txt	2000	2062	41170	0.05008501335924217	9.978714639077555	11.794013642356498	0.09365395358325213
mya-x-bible-common.txt.clean.txt	2050	2108	40870	0.051578174700269146	10.007767730865186	11.822195155533226	0.09363551315734342
mya-x-bible-common.txt.clean.txt	2100	2156	40570	0.05314271629282721	10.031805972823802	11.856480635341144	0.09412336779646202
mya-x-bible-common.txt.clean.txt	2150	2201	40270	0.05465607151725851	10.052262171084125	11.890584021448973	0.09471241144621934
mya-x-bible-common.txt.clean.txt	2200	2250	40010	0.05623594101474631	10.078947454937996	11.919943481217311	0.09489847516808603
mya-x-bible-common.txt.clean.txt	2250	2298	39760	0.057796780684104626	10.099805625652275	11.95307267892472	0.09549900436714176
mya-x-bible-common.txt.clean.txt	2300	2342	39510	0.059276132624651985	10.118667771016158	11.982896967217417	0.09602493895961728
mya-x-bible-common.txt.clean.txt	2350	2390	39260	0.0608762098828324	10.14133338702614	12.012415586418225	0.09636294035504389
mya-x-bible-common.txt.clean.txt	2400	2435	39010	0.06241989233529864	10.16147891699833	12.040631793452398	0.09673382881832437
mya-x-bible-common.txt.clean.txt	2450	2482	38760	0.06403508771929825	10.188655848410054	12.061036654261752	0.09653310349328503
mya-x-bible-common.txt.clean.txt	2500	2529	38510	0.0656712542196832	10.211908280139294	12.084679088174923	0.09663916225165681
mya-x-bible-common.txt.clean.txt	2550	2578	38289	0.06733004257097339	10.233995415736867	12.111448690218058	0.09689706946661192
mya-x-bible-common.txt.clean.txt	2600	2626	38089	0.06894378954553808	10.254150921424683	12.13862080435542	0.0972386826511038
mya-x-bible-common.txt.clean.txt	2650	2671	37889	0.07049539444165853	10.271914017729731	12.163515352236479	0.09762226191782797
mya-x-bible-common.txt.clean.txt	2700	2716	37689	0.07206346679402478	10.286420722552881	12.190273584816271	0.0982572746477528
mya-x-bible-common.txt.clean.txt	2750	2762	37489	0.0736749446504308	10.300098125019952	12.219913379854843	0.09897211357649849
mya-x-bible-common.txt.clean.txt	2800	2811	37289	0.07538416154898227	10.321663279556281	12.24356838152423	0.09908506275420659
mya-x-bible-common.txt.clean.txt	2850	2851	37089	0.07686915257893176	10.339824697407106	12.262186007762	0.09910278126050498
mya-x-bible-common.txt.clean.txt	2900	2896	36889	0.07850578763316977	10.35976162298654	12.281500115686491	0.09913909067053028
mya-x-bible-common.txt.clean.txt	2950	2941	36689	0.08016026601978794	10.379501147496773	12.29935974401287	0.09916515279727389
mya-x-bible-common.txt.clean.txt	3000	2989	36489	0.08191509770067691	10.399017631679964	12.320348726420722	0.09929711097006644
mya-x-bible-common.txt.clean.txt	3050	3033	36289	0.08357904599189837	10.414429826131931	12.340325091896274	0.09960636233548481
mya-x-bible-common.txt.clean.txt	3100	3081	36105	0.08533444121312837	10.430265706655462	12.364168302324295	0.09999991057867941
mya-x-bible-common.txt.clean.txt	3150	3126	35955	0.08694201084689195	10.443865942156258	12.388249770630441	0.10045011788140035
mya-x-bible-common.txt.clean.txt	3200	3174	35805	0.0886468370339338	10.454723557981097	12.417201204746625	0.10121682500182838
mya-x-bible-common.txt.clean.txt	3250	3216	35655	0.09019772822885991	10.464819385404525	12.439813439386246	0.10181332442911628
mya-x-bible-common.txt.clean.txt	3300	3260	35505	0.0918180537952401	10.478557061484619	12.46099258920757	0.10214500043421881
mya-x-bible-common.txt.clean.txt	3350	3297	35355	0.09325413661434026	10.48708904126466	12.480039294790103	0.10266582339882746
mya-x-bible-common.txt.clean.txt	3400	3341	35205	0.09490129243005255	10.499019976798149	12.500071754875508	0.1031127339617468
mya-x-bible-common.txt.clean.txt	3450	3388	35055	0.0966481243759806	10.512158721288431	12.521758711340725	0.10353375841618384
mya-x-bible-common.txt.clean.txt	3500	3435	34905	0.09840996991834981	10.52747759294243	12.54123390556957	0.10374655191376081
mya-x-bible-common.txt.clean.txt	3550	3479	34755	0.10010070493454179	10.542153671224149	12.559183744020249	0.10389797813665025
mya-x-bible-common.txt.clean.txt	3600	3525	34605	0.10186389250108366	10.557125143879214	12.577166997159214	0.10406857217705212
mya-x-bible-common.txt.clean.txt	3650	3567	34455	0.10352633870265564	10.56803336485161	12.59503050737665	0.1044415580317325
mya-x-bible-common.txt.clean.txt	3700	3611	34305	0.10526162367001894	10.581939994077047	12.611362385270386	0.10460514460941106
mya-x-bible-common.txt.clean.txt	3750	3655	34155	0.10701215049041136	10.598074471273016	12.626652015037251	0.10456380718514902
mya-x-bible-common.txt.clean.txt	3800	3698	34005	0.1087487134244964	10.61114361244698	12.64208510626078	0.10473594653126639
mya-x-bible-common.txt.clean.txt	3850	3743	33855	0.11055974006793678	10.62613026967039	12.655533193441553	0.10478948853617642
mya-x-bible-common.txt.clean.txt	3900	3786	33705	0.11232754784156654	10.64070791169645	12.668768565399754	0.10480419912261374
mya-x-bible-common.txt.clean.txt	3950	3828	33555	0.11408135896289674	10.653439074827125	12.683345706092158	0.10493166512109486
mya-x-bible-common.txt.clean.txt	4000	3874	33405	0.11597066307439007	10.667604343600694	12.698226081763826	0.10503733595436271
mya-x-bible-common.txt.clean.txt	4050	3915	33255	0.11772665764546685	10.681207549187054	12.709752558563624	0.10503648162825852
mya-x-bible-common.txt.clean.txt	4100	3956	33105	0.11949856517142425	10.694607418638508	12.721728328771889	0.10504079452386172
mya-x-bible-common.txt.clean.txt	4150	3998	33005	0.12113316164217543	10.70136819283167	12.743294136103264	0.10561537282373401
mya-x-bible-common.txt.clean.txt	4200	4038	32905	0.12271691232335512	10.708726597924546	12.761661967247791	0.10607341977494322
mya-x-bible-common.txt.clean.txt	4250	4074	32805	0.12418838591678098	10.715069254258756	12.777286202628334	0.10649904000244492
mya-x-bible-common.txt.clean.txt	4300	4111	32705	0.1256994343372573	10.722193478477271	12.793088706052828	0.10687637906405723
mya-x-bible-common.txt.clean.txt	4350	4147	32605	0.12718908142922863	10.730303369383904	12.806808083081673	0.10713636072093924
mya-x-bible-common.txt.clean.txt	4400	4191	32505	0.12893401015228426	10.74091351306166	12.822607990839593	0.10738442869755216
mya-x-bible-common.txt.clean.txt	4450	4233	32405	0.130627989507792	10.747056431924907	12.841336067195844	0.10794041450725256
mya-x-bible-common.txt.clean.txt	4500	4271	32305	0.13220863643398856	10.7529518909059	12.85737347264325	0.10840526225978309
mya-x-bible-common.txt.clean.txt	4550	4311	32205	0.13386120167675827	10.759705284527834	12.873255381135756	0.10883904134657807
mya-x-bible-common.txt.clean.txt	4600	4344	32105	0.13530602709858278	10.76411058954689	12.88669967075478	0.10928578723600468
mya-x-bible-common.txt.clean.txt	4650	4382	32005	0.13691610685830338	10.770790870578342	12.900942589481494	0.10965875104333589
mya-x-bible-common.txt.clean.txt	4700	4421	31905	0.13856762262968186	10.782059421536752	12.912720870794725	0.10966807410825952
mya-x-bible-common.txt.clean.txt	4750	4461	31805	0.14026096525703505	10.791050993008263	12.925317116457595	0.10988070611442902
mya-x-bible-common.txt.clean.txt	4800	4489	31705	0.14158650055196342	10.793691594975767	12.937072674872432	0.11032534668673155
mya-x-bible-common.txt.clean.txt	4850	4529	31605	0.14330011074197122	10.801204456992584	12.950591202585779	0.11064429241202989
mya-x-bible-common.txt.clean.txt	4900	4564	31505	0.14486589430249167	10.807164652099026	12.96224613042747	0.1109665354970153
mya-x-bible-common.txt.clean.txt	4950	4593	31405	0.14625059703868812	10.813009233742335	12.970904858210242	0.11115390562124472
mya-x-bible-common.txt.clean.txt	5000	4629	31305	0.14786775275515093	10.8173951258683	12.984229943025184	0.11161593337225384
