file	merge	types	tokens	TTR	H	Hcross	R
vie-x-bible-2002.txt.clean.txt	0	151	88075	0.0017144479137099064	5.84469714167706	9.04741696367032	0.19254347440344566
vie-x-bible-2002.txt.clean.txt	50	198	61397	0.003224913269377983	6.743713881201561	8.789227770410617	0.11608354190013037
vie-x-bible-2002.txt.clean.txt	100	248	52934	0.004685079533003363	7.1524159231884	8.952750347354693	0.10079967301680515
vie-x-bible-2002.txt.clean.txt	150	297	47671	0.006230202848692077	7.473228532883063	9.099401313203549	0.09021935683519666
vie-x-bible-2002.txt.clean.txt	200	346	43989	0.007865602764327446	7.70522037460819	9.263280282409443	0.08647777155590242
vie-x-bible-2002.txt.clean.txt	250	394	41418	0.009512772224636631	7.882368322709711	9.448269744879198	0.08578972989671751
vie-x-bible-2002.txt.clean.txt	300	443	39353	0.011257083322745406	8.04467731377415	9.58731094269823	0.08491317749927008
vie-x-bible-2002.txt.clean.txt	350	489	37714	0.01296600731823726	8.158122288634347	9.745239921679348	0.08681388199713003
vie-x-bible-2002.txt.clean.txt	400	536	36344	0.014747963900506273	8.259678562436799	9.90576636499952	0.08894801397605223
vie-x-bible-2002.txt.clean.txt	450	581	35194	0.016508495766323805	8.340587429418319	10.057744498156733	0.09167618941067324
vie-x-bible-2002.txt.clean.txt	500	625	34218	0.018265240516687122	8.422053810323767	10.164557523005657	0.09320471326521362
vie-x-bible-2002.txt.clean.txt	550	671	33411	0.020083206129717757	8.475572720646623	10.30764556209235	0.09739933752200125
vie-x-bible-2002.txt.clean.txt	600	716	32686	0.02190540292479961	8.531952142790477	10.428353052572541	0.100367157780068
vie-x-bible-2002.txt.clean.txt	650	762	32036	0.023785741041328506	8.58398281342806	10.53951345886231	0.1033738088194982
vie-x-bible-2002.txt.clean.txt	700	805	31466	0.0255831691349393	8.625232331707053	10.642888122335293	0.1064569714078133
vie-x-bible-2002.txt.clean.txt	750	852	30953	0.027525603334087163	8.668636217440937	10.749682396883527	0.10951260431743293
vie-x-bible-2002.txt.clean.txt	800	898	30495	0.029447450401705197	8.711269097244303	10.837985098991535	0.11205285261910725
vie-x-bible-2002.txt.clean.txt	850	941	30084	0.031279085228028185	8.742310543521947	10.930067619724412	0.11497616070626959
vie-x-bible-2002.txt.clean.txt	900	984	29719	0.033110131565665064	8.764010771787891	11.025985812177428	0.11853175903525004
vie-x-bible-2002.txt.clean.txt	950	1027	29377	0.034959321918507674	8.788281987392304	11.108097000605568	0.12154255126820357
vie-x-bible-2002.txt.clean.txt	1000	1071	29077	0.036833235890910344	8.810394216849257	11.190253464680286	0.1246279787988327
vie-x-bible-2002.txt.clean.txt	1050	1106	28802	0.0384001111033956	8.819143014294614	11.267633734695204	0.12777918307866032
vie-x-bible-2002.txt.clean.txt	1100	1149	28552	0.04024236480806949	8.834396372709614	11.347188208799636	0.13099993567975088
vie-x-bible-2002.txt.clean.txt	1150	1185	28323	0.04183878826395509	8.843097428509777	11.419103208178903	0.13393574910313533
vie-x-bible-2002.txt.clean.txt	1200	1219	28123	0.043345304554990575	8.850288241871887	11.48679769261865	0.1366821024144501
vie-x-bible-2002.txt.clean.txt	1250	1260	27923	0.045124091250940086	8.86048997624603	11.558034509735792	0.13969210443877744
vie-x-bible-2002.txt.clean.txt	1300	1297	27756	0.04672863525003603	8.86504536920862	11.634128954737674	0.14272533696236367
vie-x-bible-2002.txt.clean.txt	1350	1341	27606	0.04857639643555749	8.87019170401	11.721478546098524	0.14620157328375227
vie-x-bible-2002.txt.clean.txt	1400	1379	27456	0.05022581585081585	8.874861645252592	11.79049294376307	0.14905402913030164
vie-x-bible-2002.txt.clean.txt	1450	1416	27318	0.05183395563364814	8.879263154483363	11.855858008444207	0.15173884686427075
vie-x-bible-2002.txt.clean.txt	1500	1433	27218	0.052648982291130866	8.873752558546336	11.898714488309746	0.1536573723717808
vie-x-bible-2002.txt.clean.txt	1550	1467	27118	0.054096909801607786	8.87454906872161	11.963582232005006	0.15630366954965214
vie-x-bible-2002.txt.clean.txt	1600	1497	27018	0.055407506107039754	8.873026255887506	12.021625844935045	0.1587841028782221
vie-x-bible-2002.txt.clean.txt	1650	1537	26918	0.05709933873244669	8.87517416795744	12.09144984821072	0.16160430832116846
vie-x-bible-2002.txt.clean.txt	1700	1562	26818	0.05824446267432322	8.872329587192604	12.13710385714256	0.16371193226343506
vie-x-bible-2002.txt.clean.txt	1750	1579	26762	0.059001569389432774	8.872753290319103	12.16601460791237	0.1649012607178968
vie-x-bible-2002.txt.clean.txt	1800	1579	26762	0.059001569389432774	8.872753290319103	12.16601460791237	0.1649012607178968
vie-x-bible-2002.txt.clean.txt	1850	1579	26762	0.059001569389432774	8.872753290319103	12.16601460791237	0.1649012607178968
vie-x-bible-2002.txt.clean.txt	1900	1579	26762	0.059001569389432774	8.872753290319103	12.16601460791237	0.1649012607178968
vie-x-bible-2002.txt.clean.txt	1950	1579	26762	0.059001569389432774	8.872753290319103	12.16601460791237	0.1649012607178968
vie-x-bible-2002.txt.clean.txt	2000	1579	26762	0.059001569389432774	8.872753290319103	12.16601460791237	0.1649012607178968
vie-x-bible-2002.txt.clean.txt	2050	1579	26762	0.059001569389432774	8.872753290319103	12.16601460791237	0.1649012607178968
vie-x-bible-2002.txt.clean.txt	2100	1579	26762	0.059001569389432774	8.872753290319103	12.16601460791237	0.1649012607178968
vie-x-bible-2002.txt.clean.txt	2150	1579	26762	0.059001569389432774	8.872753290319103	12.16601460791237	0.1649012607178968
vie-x-bible-2002.txt.clean.txt	2200	1579	26762	0.059001569389432774	8.872753290319103	12.16601460791237	0.1649012607178968
vie-x-bible-2002.txt.clean.txt	2250	1579	26762	0.059001569389432774	8.872753290319103	12.16601460791237	0.1649012607178968
vie-x-bible-2002.txt.clean.txt	2300	1579	26762	0.059001569389432774	8.872753290319103	12.16601460791237	0.1649012607178968
vie-x-bible-2002.txt.clean.txt	2350	1579	26762	0.059001569389432774	8.872753290319103	12.16601460791237	0.1649012607178968
vie-x-bible-2002.txt.clean.txt	2400	1579	26762	0.059001569389432774	8.872753290319103	12.16601460791237	0.1649012607178968
vie-x-bible-2002.txt.clean.txt	2450	1579	26762	0.059001569389432774	8.872753290319103	12.16601460791237	0.1649012607178968
vie-x-bible-2002.txt.clean.txt	2500	1579	26762	0.059001569389432774	8.872753290319103	12.16601460791237	0.1649012607178968
vie-x-bible-2002.txt.clean.txt	2550	1579	26762	0.059001569389432774	8.872753290319103	12.16601460791237	0.1649012607178968
vie-x-bible-2002.txt.clean.txt	2600	1579	26762	0.059001569389432774	8.872753290319103	12.16601460791237	0.1649012607178968
vie-x-bible-2002.txt.clean.txt	2650	1579	26762	0.059001569389432774	8.872753290319103	12.16601460791237	0.1649012607178968
vie-x-bible-2002.txt.clean.txt	2700	1579	26762	0.059001569389432774	8.872753290319103	12.16601460791237	0.1649012607178968
vie-x-bible-2002.txt.clean.txt	2750	1579	26762	0.059001569389432774	8.872753290319103	12.16601460791237	0.1649012607178968
vie-x-bible-2002.txt.clean.txt	2800	1579	26762	0.059001569389432774	8.872753290319103	12.16601460791237	0.1649012607178968
vie-x-bible-2002.txt.clean.txt	2850	1579	26762	0.059001569389432774	8.872753290319103	12.16601460791237	0.1649012607178968
vie-x-bible-2002.txt.clean.txt	2900	1579	26762	0.059001569389432774	8.872753290319103	12.16601460791237	0.1649012607178968
vie-x-bible-2002.txt.clean.txt	2950	1579	26762	0.059001569389432774	8.872753290319103	12.16601460791237	0.1649012607178968
vie-x-bible-2002.txt.clean.txt	3000	1579	26762	0.059001569389432774	8.872753290319103	12.16601460791237	0.1649012607178968
vie-x-bible-2002.txt.clean.txt	3050	1579	26762	0.059001569389432774	8.872753290319103	12.16601460791237	0.1649012607178968
vie-x-bible-2002.txt.clean.txt	3100	1579	26762	0.059001569389432774	8.872753290319103	12.16601460791237	0.1649012607178968
vie-x-bible-2002.txt.clean.txt	3150	1579	26762	0.059001569389432774	8.872753290319103	12.16601460791237	0.1649012607178968
vie-x-bible-2002.txt.clean.txt	3200	1579	26762	0.059001569389432774	8.872753290319103	12.16601460791237	0.1649012607178968
vie-x-bible-2002.txt.clean.txt	3250	1579	26762	0.059001569389432774	8.872753290319103	12.16601460791237	0.1649012607178968
vie-x-bible-2002.txt.clean.txt	3300	1579	26762	0.059001569389432774	8.872753290319103	12.16601460791237	0.1649012607178968
vie-x-bible-2002.txt.clean.txt	3350	1579	26762	0.059001569389432774	8.872753290319103	12.16601460791237	0.1649012607178968
vie-x-bible-2002.txt.clean.txt	3400	1579	26762	0.059001569389432774	8.872753290319103	12.16601460791237	0.1649012607178968
vie-x-bible-2002.txt.clean.txt	3450	1579	26762	0.059001569389432774	8.872753290319103	12.16601460791237	0.1649012607178968
vie-x-bible-2002.txt.clean.txt	3500	1579	26762	0.059001569389432774	8.872753290319103	12.16601460791237	0.1649012607178968
vie-x-bible-2002.txt.clean.txt	3550	1579	26762	0.059001569389432774	8.872753290319103	12.16601460791237	0.1649012607178968
vie-x-bible-2002.txt.clean.txt	3600	1579	26762	0.059001569389432774	8.872753290319103	12.16601460791237	0.1649012607178968
vie-x-bible-2002.txt.clean.txt	3650	1579	26762	0.059001569389432774	8.872753290319103	12.16601460791237	0.1649012607178968
vie-x-bible-2002.txt.clean.txt	3700	1579	26762	0.059001569389432774	8.872753290319103	12.16601460791237	0.1649012607178968
vie-x-bible-2002.txt.clean.txt	3750	1579	26762	0.059001569389432774	8.872753290319103	12.16601460791237	0.1649012607178968
vie-x-bible-2002.txt.clean.txt	3800	1579	26762	0.059001569389432774	8.872753290319103	12.16601460791237	0.1649012607178968
vie-x-bible-2002.txt.clean.txt	3850	1579	26762	0.059001569389432774	8.872753290319103	12.16601460791237	0.1649012607178968
vie-x-bible-2002.txt.clean.txt	3900	1579	26762	0.059001569389432774	8.872753290319103	12.16601460791237	0.1649012607178968
vie-x-bible-2002.txt.clean.txt	3950	1579	26762	0.059001569389432774	8.872753290319103	12.16601460791237	0.1649012607178968
vie-x-bible-2002.txt.clean.txt	4000	1579	26762	0.059001569389432774	8.872753290319103	12.16601460791237	0.1649012607178968
vie-x-bible-2002.txt.clean.txt	4050	1579	26762	0.059001569389432774	8.872753290319103	12.16601460791237	0.1649012607178968
vie-x-bible-2002.txt.clean.txt	4100	1579	26762	0.059001569389432774	8.872753290319103	12.16601460791237	0.1649012607178968
vie-x-bible-2002.txt.clean.txt	4150	1579	26762	0.059001569389432774	8.872753290319103	12.16601460791237	0.1649012607178968
vie-x-bible-2002.txt.clean.txt	4200	1579	26762	0.059001569389432774	8.872753290319103	12.16601460791237	0.1649012607178968
vie-x-bible-2002.txt.clean.txt	4250	1579	26762	0.059001569389432774	8.872753290319103	12.16601460791237	0.1649012607178968
vie-x-bible-2002.txt.clean.txt	4300	1579	26762	0.059001569389432774	8.872753290319103	12.16601460791237	0.1649012607178968
vie-x-bible-2002.txt.clean.txt	4350	1579	26762	0.059001569389432774	8.872753290319103	12.16601460791237	0.1649012607178968
vie-x-bible-2002.txt.clean.txt	4400	1579	26762	0.059001569389432774	8.872753290319103	12.16601460791237	0.1649012607178968
vie-x-bible-2002.txt.clean.txt	4450	1579	26762	0.059001569389432774	8.872753290319103	12.16601460791237	0.1649012607178968
vie-x-bible-2002.txt.clean.txt	4500	1579	26762	0.059001569389432774	8.872753290319103	12.16601460791237	0.1649012607178968
vie-x-bible-2002.txt.clean.txt	4550	1579	26762	0.059001569389432774	8.872753290319103	12.16601460791237	0.1649012607178968
vie-x-bible-2002.txt.clean.txt	4600	1579	26762	0.059001569389432774	8.872753290319103	12.16601460791237	0.1649012607178968
vie-x-bible-2002.txt.clean.txt	4650	1579	26762	0.059001569389432774	8.872753290319103	12.16601460791237	0.1649012607178968
vie-x-bible-2002.txt.clean.txt	4700	1579	26762	0.059001569389432774	8.872753290319103	12.16601460791237	0.1649012607178968
vie-x-bible-2002.txt.clean.txt	4750	1579	26762	0.059001569389432774	8.872753290319103	12.16601460791237	0.1649012607178968
vie-x-bible-2002.txt.clean.txt	4800	1579	26762	0.059001569389432774	8.872753290319103	12.16601460791237	0.1649012607178968
vie-x-bible-2002.txt.clean.txt	4850	1579	26762	0.059001569389432774	8.872753290319103	12.16601460791237	0.1649012607178968
vie-x-bible-2002.txt.clean.txt	4900	1579	26762	0.059001569389432774	8.872753290319103	12.16601460791237	0.1649012607178968
vie-x-bible-2002.txt.clean.txt	4950	1579	26762	0.059001569389432774	8.872753290319103	12.16601460791237	0.1649012607178968
vie-x-bible-2002.txt.clean.txt	5000	1579	26762	0.059001569389432774	8.872753290319103	12.16601460791237	0.1649012607178968
