file	merge	types	tokens	TTR	H	Hcross	R
xsu-x-bible.txt.clean.txt	0	70	196661	0.00035594245935899847	4.466547604574954	10.738599057008297	0.27127731053913284
xsu-x-bible.txt.clean.txt	50	119	123785	0.0009613442662681262	5.893498990916501	9.223065963236538	0.14522773578152381
xsu-x-bible.txt.clean.txt	100	169	103090	0.001639344262295082	6.474519525509981	9.050373084263583	0.12516889631126837
xsu-x-bible.txt.clean.txt	150	219	92856	0.0023584905660377358	6.767842984733098	9.19777624387255	0.12951403905327408
xsu-x-bible.txt.clean.txt	200	268	86161	0.0031104560067780084	6.973621369443798	9.388989694365304	0.13543959101101555
xsu-x-bible.txt.clean.txt	250	316	81801	0.0038630334592486644	7.1049953509377115	9.594360761320589	0.1443662150524092
xsu-x-bible.txt.clean.txt	300	365	78619	0.004642643635762347	7.218605576087484	9.770232630988302	0.15192488906588908
xsu-x-bible.txt.clean.txt	350	412	76191	0.005407462823693087	7.285674999281243	9.99235352652559	0.1612646569833598
xsu-x-bible.txt.clean.txt	400	459	74233	0.006183233871728207	7.339162167484016	10.153933428356172	0.1699987127347239
xsu-x-bible.txt.clean.txt	450	502	72605	0.0069141243715997525	7.378113903124083	10.3123364737446	0.1776093089494054
xsu-x-bible.txt.clean.txt	500	551	71268	0.007731380142560476	7.413087819168755	10.478829435950448	0.18590354689035082
xsu-x-bible.txt.clean.txt	550	595	70120	0.008485453508271535	7.432459000638961	10.642104745973398	0.1935918473839442
xsu-x-bible.txt.clean.txt	600	642	69134	0.009286313536031475	7.458541739833754	10.777426599549347	0.2002789759862208
xsu-x-bible.txt.clean.txt	650	682	68273	0.009989307632592679	7.46891597076327	10.905042304091051	0.20658474850752828
xsu-x-bible.txt.clean.txt	700	727	67505	0.010769572624250056	7.489180149898049	11.014117954601815	0.21214721042834206
xsu-x-bible.txt.clean.txt	750	776	66832	0.011611204213550394	7.500739674652244	11.148777196815466	0.21866585687215812
xsu-x-bible.txt.clean.txt	800	823	66224	0.012427518724329548	7.516415560659105	11.273445779279058	0.22389151693522447
xsu-x-bible.txt.clean.txt	850	871	65672	0.013262882202460713	7.526193537096022	11.381785351228118	0.2293891097307209
xsu-x-bible.txt.clean.txt	900	920	65172	0.014116491744921132	7.534854919906253	11.496595376449324	0.23468970250155174
xsu-x-bible.txt.clean.txt	950	969	64715	0.014973344665069922	7.541981407859268	11.607400773056124	0.23974665843237275
xsu-x-bible.txt.clean.txt	1000	1015	64291	0.015787590798089935	7.546525142837679	11.7025175568625	0.24438513553707097
xsu-x-bible.txt.clean.txt	1050	1060	63892	0.016590496462780942	7.552589545209994	11.790328609730492	0.24848722763857933
xsu-x-bible.txt.clean.txt	1100	1108	63542	0.017437285574895343	7.557215037692789	11.88123054467017	0.2527775660465622
xsu-x-bible.txt.clean.txt	1150	1151	63203	0.01821116086261728	7.5604778771080206	11.95833920693767	0.2564931006452079
xsu-x-bible.txt.clean.txt	1200	1194	62903	0.018981606600639078	7.558821778266206	12.045192045315046	0.26050409896316695
xsu-x-bible.txt.clean.txt	1250	1229	62603	0.019631647045668738	7.557484245392387	12.10515966280257	0.26363772616253967
xsu-x-bible.txt.clean.txt	1300	1273	62351	0.020416673349264648	7.558489117491801	12.177943898538464	0.26716338217362556
xsu-x-bible.txt.clean.txt	1350	1316	62101	0.021191285164490106	7.559360017857255	12.244279717024755	0.27046892137957623
xsu-x-bible.txt.clean.txt	1400	1357	61855	0.021938404332713605	7.556570259876358	12.315126869341796	0.2738399583766221
xsu-x-bible.txt.clean.txt	1450	1401	61655	0.022723217906090342	7.55690867514683	12.385531413859102	0.2770059070282852
xsu-x-bible.txt.clean.txt	1500	1436	61455	0.023366691074770157	7.55309193575241	12.448070524267033	0.2798238806661948
xsu-x-bible.txt.clean.txt	1550	1479	61255	0.024144967757734063	7.55257515172981	12.512472765975149	0.2827840721471718
xsu-x-bible.txt.clean.txt	1600	1522	61069	0.024922628502186052	7.549301496401451	12.584877883933018	0.28589877658170737
xsu-x-bible.txt.clean.txt	1650	1567	60919	0.025722680936981893	7.550750614981522	12.651964254736562	0.2885905038670622
xsu-x-bible.txt.clean.txt	1700	1613	60769	0.026543138771413056	7.552222139088275	12.713630281850602	0.29123923197213786
xsu-x-bible.txt.clean.txt	1750	1656	60619	0.027318167571223545	7.549725918410188	12.777764045495298	0.29398839233487084
xsu-x-bible.txt.clean.txt	1800	1701	60469	0.02813011625791728	7.547134068640626	12.843098610642416	0.29677447534097545
xsu-x-bible.txt.clean.txt	1850	1741	60319	0.028863210596992657	7.546373282988084	12.895358593276178	0.2990355535485849
xsu-x-bible.txt.clean.txt	1900	1782	60173	0.02961461120436076	7.542745518617662	12.94844300836879	0.30155117877603077
xsu-x-bible.txt.clean.txt	1950	1820	60073	0.03029647262497295	7.5395226383873135	13.009334064260111	0.30381203445210814
xsu-x-bible.txt.clean.txt	2000	1868	59973	0.031147349640671635	7.539068329058027	13.07147378022961	0.3062597813461949
xsu-x-bible.txt.clean.txt	2050	1909	59873	0.03188415479431463	7.535490611684129	13.131304003168271	0.3085818680924256
xsu-x-bible.txt.clean.txt	2100	1948	59773	0.032589965368979304	7.533135045205456	13.183160814051417	0.3106434746986769
xsu-x-bible.txt.clean.txt	2150	1979	59673	0.03316407755601361	7.528723809589832	13.225704015222535	0.3124802174088964
xsu-x-bible.txt.clean.txt	2200	2023	59573	0.033958336830443324	7.5261553423140475	13.278202494434314	0.3147001416818419
xsu-x-bible.txt.clean.txt	2250	2061	59473	0.03465438097960419	7.523219733313507	13.3241972677493	0.3166380485563961
xsu-x-bible.txt.clean.txt	2300	2105	59373	0.03545382581308002	7.521936967244136	13.371426842045631	0.31864072168426183
xsu-x-bible.txt.clean.txt	2350	2133	59273	0.03598603073912236	7.517949687601555	13.405871231640614	0.3201758550474624
xsu-x-bible.txt.clean.txt	2400	2174	59173	0.036739729268416337	7.5150523793548265	13.451369373214254	0.3221215916155392
xsu-x-bible.txt.clean.txt	2450	2217	59073	0.0375298359656696	7.512663466245432	13.496055169240154	0.3240599437901447
xsu-x-bible.txt.clean.txt	2500	2234	59029	0.03784580460451643	7.512045120028951	13.511896062645734	0.32478508417156293
xsu-x-bible.txt.clean.txt	2550	2234	59029	0.03784580460451643	7.512045120028951	13.511896062645734	0.32478508417156293
xsu-x-bible.txt.clean.txt	2600	2234	59029	0.03784580460451643	7.512045120028951	13.511896062645734	0.32478508417156293
xsu-x-bible.txt.clean.txt	2650	2234	59029	0.03784580460451643	7.512045120028951	13.511896062645734	0.32478508417156293
xsu-x-bible.txt.clean.txt	2700	2234	59029	0.03784580460451643	7.512045120028951	13.511896062645734	0.32478508417156293
xsu-x-bible.txt.clean.txt	2750	2234	59029	0.03784580460451643	7.512045120028951	13.511896062645734	0.32478508417156293
xsu-x-bible.txt.clean.txt	2800	2234	59029	0.03784580460451643	7.512045120028951	13.511896062645734	0.32478508417156293
xsu-x-bible.txt.clean.txt	2850	2234	59029	0.03784580460451643	7.512045120028951	13.511896062645734	0.32478508417156293
xsu-x-bible.txt.clean.txt	2900	2234	59029	0.03784580460451643	7.512045120028951	13.511896062645734	0.32478508417156293
xsu-x-bible.txt.clean.txt	2950	2234	59029	0.03784580460451643	7.512045120028951	13.511896062645734	0.32478508417156293
xsu-x-bible.txt.clean.txt	3000	2234	59029	0.03784580460451643	7.512045120028951	13.511896062645734	0.32478508417156293
xsu-x-bible.txt.clean.txt	3050	2234	59029	0.03784580460451643	7.512045120028951	13.511896062645734	0.32478508417156293
xsu-x-bible.txt.clean.txt	3100	2234	59029	0.03784580460451643	7.512045120028951	13.511896062645734	0.32478508417156293
xsu-x-bible.txt.clean.txt	3150	2234	59029	0.03784580460451643	7.512045120028951	13.511896062645734	0.32478508417156293
xsu-x-bible.txt.clean.txt	3200	2234	59029	0.03784580460451643	7.512045120028951	13.511896062645734	0.32478508417156293
xsu-x-bible.txt.clean.txt	3250	2234	59029	0.03784580460451643	7.512045120028951	13.511896062645734	0.32478508417156293
xsu-x-bible.txt.clean.txt	3300	2234	59029	0.03784580460451643	7.512045120028951	13.511896062645734	0.32478508417156293
xsu-x-bible.txt.clean.txt	3350	2234	59029	0.03784580460451643	7.512045120028951	13.511896062645734	0.32478508417156293
xsu-x-bible.txt.clean.txt	3400	2234	59029	0.03784580460451643	7.512045120028951	13.511896062645734	0.32478508417156293
xsu-x-bible.txt.clean.txt	3450	2234	59029	0.03784580460451643	7.512045120028951	13.511896062645734	0.32478508417156293
xsu-x-bible.txt.clean.txt	3500	2234	59029	0.03784580460451643	7.512045120028951	13.511896062645734	0.32478508417156293
xsu-x-bible.txt.clean.txt	3550	2234	59029	0.03784580460451643	7.512045120028951	13.511896062645734	0.32478508417156293
xsu-x-bible.txt.clean.txt	3600	2234	59029	0.03784580460451643	7.512045120028951	13.511896062645734	0.32478508417156293
xsu-x-bible.txt.clean.txt	3650	2234	59029	0.03784580460451643	7.512045120028951	13.511896062645734	0.32478508417156293
xsu-x-bible.txt.clean.txt	3700	2234	59029	0.03784580460451643	7.512045120028951	13.511896062645734	0.32478508417156293
xsu-x-bible.txt.clean.txt	3750	2234	59029	0.03784580460451643	7.512045120028951	13.511896062645734	0.32478508417156293
xsu-x-bible.txt.clean.txt	3800	2234	59029	0.03784580460451643	7.512045120028951	13.511896062645734	0.32478508417156293
xsu-x-bible.txt.clean.txt	3850	2234	59029	0.03784580460451643	7.512045120028951	13.511896062645734	0.32478508417156293
xsu-x-bible.txt.clean.txt	3900	2234	59029	0.03784580460451643	7.512045120028951	13.511896062645734	0.32478508417156293
xsu-x-bible.txt.clean.txt	3950	2234	59029	0.03784580460451643	7.512045120028951	13.511896062645734	0.32478508417156293
xsu-x-bible.txt.clean.txt	4000	2234	59029	0.03784580460451643	7.512045120028951	13.511896062645734	0.32478508417156293
xsu-x-bible.txt.clean.txt	4050	2234	59029	0.03784580460451643	7.512045120028951	13.511896062645734	0.32478508417156293
xsu-x-bible.txt.clean.txt	4100	2234	59029	0.03784580460451643	7.512045120028951	13.511896062645734	0.32478508417156293
xsu-x-bible.txt.clean.txt	4150	2234	59029	0.03784580460451643	7.512045120028951	13.511896062645734	0.32478508417156293
xsu-x-bible.txt.clean.txt	4200	2234	59029	0.03784580460451643	7.512045120028951	13.511896062645734	0.32478508417156293
xsu-x-bible.txt.clean.txt	4250	2234	59029	0.03784580460451643	7.512045120028951	13.511896062645734	0.32478508417156293
xsu-x-bible.txt.clean.txt	4300	2234	59029	0.03784580460451643	7.512045120028951	13.511896062645734	0.32478508417156293
xsu-x-bible.txt.clean.txt	4350	2234	59029	0.03784580460451643	7.512045120028951	13.511896062645734	0.32478508417156293
xsu-x-bible.txt.clean.txt	4400	2234	59029	0.03784580460451643	7.512045120028951	13.511896062645734	0.32478508417156293
xsu-x-bible.txt.clean.txt	4450	2234	59029	0.03784580460451643	7.512045120028951	13.511896062645734	0.32478508417156293
xsu-x-bible.txt.clean.txt	4500	2234	59029	0.03784580460451643	7.512045120028951	13.511896062645734	0.32478508417156293
xsu-x-bible.txt.clean.txt	4550	2234	59029	0.03784580460451643	7.512045120028951	13.511896062645734	0.32478508417156293
xsu-x-bible.txt.clean.txt	4600	2234	59029	0.03784580460451643	7.512045120028951	13.511896062645734	0.32478508417156293
xsu-x-bible.txt.clean.txt	4650	2234	59029	0.03784580460451643	7.512045120028951	13.511896062645734	0.32478508417156293
xsu-x-bible.txt.clean.txt	4700	2234	59029	0.03784580460451643	7.512045120028951	13.511896062645734	0.32478508417156293
xsu-x-bible.txt.clean.txt	4750	2234	59029	0.03784580460451643	7.512045120028951	13.511896062645734	0.32478508417156293
xsu-x-bible.txt.clean.txt	4800	2234	59029	0.03784580460451643	7.512045120028951	13.511896062645734	0.32478508417156293
xsu-x-bible.txt.clean.txt	4850	2234	59029	0.03784580460451643	7.512045120028951	13.511896062645734	0.32478508417156293
xsu-x-bible.txt.clean.txt	4900	2234	59029	0.03784580460451643	7.512045120028951	13.511896062645734	0.32478508417156293
xsu-x-bible.txt.clean.txt	4950	2234	59029	0.03784580460451643	7.512045120028951	13.511896062645734	0.32478508417156293
xsu-x-bible.txt.clean.txt	5000	2234	59029	0.03784580460451643	7.512045120028951	13.511896062645734	0.32478508417156293
