file	merge	types	tokens	TTR	H	Hcross	R
ell-x-bible-modern2009.txt.clean.txt	0	45	108746	0.00041380832398433046	4.596544716203266	7.378743182497497	0.16302482321035916
ell-x-bible-modern2009.txt.clean.txt	1000	967	36327	0.026619318963856085	8.677423321635965	10.923934473979916	0.1250279557834525
ell-x-bible-modern2009.txt.clean.txt	2000	1822	30595	0.05955221441411995	9.152960360873996	11.97085328482908	0.1549533075879136
ell-x-bible-modern2009.txt.clean.txt	3000	2588	27841	0.09295643116267376	9.324965167824814	12.598188831803409	0.17752018470592879
ell-x-bible-modern2009.txt.clean.txt	4000	3180	26005	0.12228417611997693	9.387856214982916	12.946534451246063	0.19312344871777176
ell-x-bible-modern2009.txt.clean.txt	5000	3180	26005	0.12228417611997693	9.387856214982916	12.946534451246063	0.19312344871777176
ell-x-bible-modern2009.txt.clean.txt	6000	3180	26005	0.12228417611997693	9.387856214982916	12.946534451246063	0.19312344871777176
ell-x-bible-modern2009.txt.clean.txt	7000	3180	26005	0.12228417611997693	9.387856214982916	12.946534451246063	0.19312344871777176
ell-x-bible-modern2009.txt.clean.txt	8000	3180	26005	0.12228417611997693	9.387856214982916	12.946534451246063	0.19312344871777176
ell-x-bible-modern2009.txt.clean.txt	9000	3180	26005	0.12228417611997693	9.387856214982916	12.946534451246063	0.19312344871777176
ell-x-bible-modern2009.txt.clean.txt	10000	3180	26005	0.12228417611997693	9.387856214982916	12.946534451246063	0.19312344871777176
