file	merge	types	tokens	TTR	H	Hcross	R
tha-x-bible-standard2011.txt.clean.txt	0	115	114726	0.0010023882990778028	5.794602374125883	8.898644365642394	0.15351533184589394
tha-x-bible-standard2011.txt.clean.txt	1000	978	37724	0.02592514049411515	8.561267932059128	11.130050686582024	0.13815839153486353
tha-x-bible-standard2011.txt.clean.txt	2000	1649	33154	0.04973758822464861	8.565050234940678	12.361891958233715	0.19858246882682518
tha-x-bible-standard2011.txt.clean.txt	3000	1861	32367	0.05749683319430284	8.525185790642716	12.703674662861442	0.2151266952443912
tha-x-bible-standard2011.txt.clean.txt	4000	1861	32367	0.05749683319430284	8.525185790642716	12.703674662861442	0.2151266952443912
tha-x-bible-standard2011.txt.clean.txt	5000	1861	32367	0.05749683319430284	8.525185790642716	12.703674662861442	0.2151266952443912
tha-x-bible-standard2011.txt.clean.txt	6000	1861	32367	0.05749683319430284	8.525185790642716	12.703674662861442	0.2151266952443912
tha-x-bible-standard2011.txt.clean.txt	7000	1861	32367	0.05749683319430284	8.525185790642716	12.703674662861442	0.2151266952443912
tha-x-bible-standard2011.txt.clean.txt	8000	1861	32367	0.05749683319430284	8.525185790642716	12.703674662861442	0.2151266952443912
tha-x-bible-standard2011.txt.clean.txt	9000	1861	32367	0.05749683319430284	8.525185790642716	12.703674662861442	0.2151266952443912
tha-x-bible-standard2011.txt.clean.txt	10000	1861	32367	0.05749683319430284	8.525185790642716	12.703674662861442	0.2151266952443912
