file	merge_min	min_redundancy	merge_max	max_redundancy	initial_redundancy	final_redundancy
aey-x-bible.txt.clean.txt.measures.txt	1000.0	0.11210983639175731	0.0	0.22383187223568113	0.22383187223568113	0.19066711477139664
amp-x-bible.txt.clean.txt.measures.txt	1000.0	0.0943813761172353	0.0	0.21141428667925255	0.21141428667925255	0.1620377277231232
ape-x-bible.txt.clean.txt.measures.txt	1000.0	0.11844383216151189	0.0	0.2300049591339104	0.2300049591339104	0.21853209608164526
apu-x-bible.txt.clean.txt.measures.txt	1000.0	0.10015779083371501	0.0	0.2173469406051014	0.2173469406051014	0.1624896561324043
arn-x-bible.txt.clean.txt.measures.txt	1000.0	0.1474120473449526	4000.0	0.23823395505852707	0.1494553387078874	0.23823395505852707
arz-x-bible.txt.clean.txt.measures.txt	1000.0	0.07691771012310666	0.0	0.16968166797431172	0.16968166797431172	0.096136864342246
bsn-x-bible.txt.clean.txt.measures.txt	1000.0	0.12402531780416715	5000.0	0.22755661443760367	0.2142362735133757	0.22755661443760367
cha-x-bible-2003.txt.clean.txt.measures.txt	1000.0	0.14025934913089388	4000.0	0.22802035358114825	0.16986744941085175	0.22802035358114825
deu-x-bible-neue.txt.clean.txt.measures.txt	1000.0	0.1063997325131214	0.0	0.18532921252135304	0.18532921252135304	0.18046378777644556
dgz-x-bible.txt.clean.txt.measures.txt	1000.0	0.11334632936761246	0.0	0.21804860585141395	0.21804860585141395	0.18374069616825572
ell-x-bible-modern2009.txt.clean.txt.measures.txt	1000.0	0.1250279557834525	4000.0	0.19312344871777176	0.16302482321035916	0.19312344871777176
eng-x-bible-kingjames.txt.clean.txt.measures.txt	0.0	0.14925237105154265	3000.0	0.23818662271018476	0.14925237105154265	0.23818662271018476
eus-x-bible-batua.txt.clean.txt.measures.txt	1000.0	0.08041457045616662	0.0	0.15149709843485926	0.15149709843485926	0.12720111312058047
fij-x-bible-1974.txt.clean.txt.measures.txt	0.0	0.1295064737414069	2000.0	0.30617317502931674	0.1295064737414069	0.30617317502931674
fin-x-bible-1992.txt.clean.txt.measures.txt	1000.0	0.07747756669800465	0.0	0.1741709033989457	0.1741709033989457	0.12099556446808535
fra-x-bible-perret.txt.clean.txt.measures.txt	1000.0	0.12343248979031007	0.0	0.2083299048301861	0.2083299048301861	0.20555932870141713
gug-x-bible.txt.clean.txt.measures.txt	1000.0	0.10216547164239254	0.0	0.22637901698847918	0.22637901698847918	0.17170904936339493
hae-x-bible.txt.clean.txt.measures.txt	1000.0	0.08674782626778821	0.0	0.1814145541833465	0.1814145541833465	0.1387106841115089
hau-x-bible.txt.clean.txt.measures.txt	1000.0	0.15652684663536898	3000.0	0.22381370085573404	0.1923612229980849	0.22381370085573404
hin-x-bible-bsi.txt.clean.txt.measures.txt	1000.0	0.13961263274418823	3000.0	0.21509123212279269	0.15853703145307874	0.21509123212279269
ind-x-bible-suciinjil.txt.clean.txt.measures.txt	1000.0	0.11123835483587874	4000.0	0.1929794208202007	0.16836198036576355	0.1929794208202007
jac-x-bible.txt.clean.txt.measures.txt	1000.0	0.14687263433156839	4000.0	0.24306443711190395	0.16286933797227798	0.24306443711190395
kal-x-bible.txt.clean.txt.measures.txt	5000.0	0.05812110472697929	0.0	0.26802054525366537	0.26802054525366537	0.0581279557790102
kat-x-bible.txt.clean.txt.measures.txt	1000.0	0.11506414102014173	0.0	0.19075681280714296	0.19075681280714296	0.17074133876859465
kew-x-bible.txt.clean.txt.measures.txt	1000.0	0.11241995470069688	0.0	0.2465657151403996	0.2465657151403996	0.18154415972136217
khk-x-bible.txt.clean.txt.measures.txt	1000.0	0.07705030504320665	0.0	0.1408524301251184	0.1408524301251184	0.12699967728713102
kor-x-bible-revised.txt.clean.txt.measures.txt	2000.0	0.08653694858207861	0.0	0.22090523742728252	0.22090523742728252	0.08825851253985673
laj-x-bible.txt.clean.txt.measures.txt	0.0	0.12980780327595853	3000.0	0.19590715789332047	0.12980780327595853	0.19590715789332047
mig-x-bible.txt.clean.txt.measures.txt	1000.0	0.1348811384523949	4000.0	0.2193837257326252	0.15525624096474577	0.2193837257326252
mya-x-bible-common.txt.clean.txt.measures.txt	1000.0	0.08375214731692593	0.0	0.2873455565130554	0.2873455565130554	0.11554485640824586
mzh-x-bible.txt.clean.txt.measures.txt	1000.0	0.15669734766987797	4000.0	0.24989887574269753	0.19015314606410616	0.24989887574269753
naq-x-bible.txt.clean.txt.measures.txt	0.0	0.11979633926464273	3000.0	0.23188099776055393	0.11979633926464273	0.23188099776055393
pes-x-bible-2007.txt.clean.txt.measures.txt	1000.0	0.12565852071076322	0.0	0.19692509361173693	0.19692509361173693	0.1932628475998075
plt-x-bible-romancatholic.txt.clean.txt.measures.txt	1000.0	0.12873276782064358	0.0	0.2152771836907047	0.2152771836907047	0.20420995380963547
qvi-x-bible.txt.clean.txt.measures.txt	1000.0	0.07944615078731887	0.0	0.27087802499021485	0.27087802499021485	0.1260746543496165
rus-x-bible-kulakov.txt.clean.txt.measures.txt	1000.0	0.10151536360185176	0.0	0.16240513113563904	0.16240513113563904	0.15319047634499627
sag-x-bible.txt.clean.txt.measures.txt	0.0	0.21723141297010018	2000.0	0.30695982599257987	0.21723141297010018	0.30695982599257987
spa-x-bible-reinavaleracontemporanea.txt.clean.txt.measures.txt	1000.0	0.1365102201400611	4000.0	0.21522115817385568	0.16841357270094737	0.21522115817385568
swh-x-bible-union1997.txt.clean.txt.measures.txt	1000.0	0.09170229487049364	0.0	0.1439736354229133	0.1439736354229133	0.130554977709456
tgl-x-bible-1996.txt.clean.txt.measures.txt	1000.0	0.14913804889995042	0.0	0.23800743338322117	0.23800743338322117	0.23628223634728673
tha-x-bible-standard2011.txt.clean.txt.measures.txt	1000.0	0.13815839153486353	3000.0	0.2151266952443912	0.15351533184589394	0.2151266952443912
tur-x-bible-2009.txt.clean.txt.measures.txt	1000.0	0.06389946144503356	0.0	0.16272176800980953	0.16272176800980953	0.09210192695260433
vie-x-bible-2002.txt.clean.txt.measures.txt	1000.0	0.1246279787988327	0.0	0.19254347440344566	0.19254347440344566	0.1649012607178968
xsu-x-bible.txt.clean.txt.measures.txt	1000.0	0.24438513553707097	3000.0	0.32478508417156293	0.27127731053913284	0.32478508417156293
yad-x-bible.txt.clean.txt.measures.txt	1000.0	0.0842099922634778	0.0	0.21390446230467663	0.21390446230467663	0.13772703254877394
yaq-x-bible.txt.clean.txt.measures.txt	1000.0	0.11663414772515213	4000.0	0.20493542841080703	0.13418874609900777	0.20493542841080703
yor-x-bible-2010.txt.clean.txt.measures.txt	0.0	0.17815601867390496	2000.0	0.24602010213808578	0.17815601867390496	0.24602010213808578
