file	merge	types	tokens	TTR	H	Hcross	R
arz-x-bible.txt.clean.txt	0	58	118110	0.0004910676488019643	4.863989008912507	7.253953571860536	0.16968166797431172
arz-x-bible.txt.clean.txt	1	59	115370	0.0005113981104273208	4.931339626511702	7.250926756616862	0.16171360642956878
arz-x-bible.txt.clean.txt	2	60	113221	0.0005299370258167655	5.030051605274472	7.210182709809827	0.14844341132472194
arz-x-bible.txt.clean.txt	3	61	111093	0.0005490895015887589	5.114436365536544	7.1760029144619955	0.13763903635661345
arz-x-bible.txt.clean.txt	4	62	109112	0.0005682234767944863	5.140582136351133	7.172907647734018	0.13664550707144507
arz-x-bible.txt.clean.txt	5	63	107171	0.0005878455925576882	5.192237494233665	7.173665269263528	0.13133773878981736
arz-x-bible.txt.clean.txt	6	64	105259	0.0006080240169486694	5.219820614430274	7.169227981789391	0.1300298975949543
arz-x-bible.txt.clean.txt	7	65	103701	0.0006268020559107434	5.274147471707879	7.1471690601754485	0.12424022652716715
arz-x-bible.txt.clean.txt	8	66	102243	0.0006455209647604237	5.344647566328529	7.1231552633593544	0.11576785682932844
arz-x-bible.txt.clean.txt	9	67	101026	0.0006631956130105121	5.375468047778048	7.121757451488601	0.11384948704118991
arz-x-bible.txt.clean.txt	10	68	99846	0.0006810488151753701	5.42734415884239	7.109272077487801	0.10843904917740144
arz-x-bible.txt.clean.txt	11	69	98775	0.0006985573272589218	5.469278181724757	7.104593700113445	0.10464823044853144
arz-x-bible.txt.clean.txt	12	70	97716	0.0007163617012567031	5.508012369704949	7.094736026249846	0.10136106385077293
arz-x-bible.txt.clean.txt	13	71	96690	0.000734305512462509	5.55152372441576	7.087830153528548	0.09727609663681669
arz-x-bible.txt.clean.txt	14	72	95679	0.0007525162261311259	5.600075477227023	7.0767005706366355	0.09235923031188853
arz-x-bible.txt.clean.txt	15	73	94836	0.0007697498840102914	5.638567021738102	7.070413646664574	0.08905866909443705
arz-x-bible.txt.clean.txt	16	74	93997	0.0007872591678457823	5.664352692268542	7.070140153371361	0.0877856135256111
arz-x-bible.txt.clean.txt	17	75	93212	0.0008046174312320302	5.68735485203326	7.0727244178617035	0.08692881674157615
arz-x-bible.txt.clean.txt	18	76	92459	0.0008219859613450287	5.723594822921405	7.070463845786502	0.08392105852604403
arz-x-bible.txt.clean.txt	19	77	91720	0.0008395115569123419	5.750147993239048	7.073800544653437	0.08244074440719107
arz-x-bible.txt.clean.txt	20	78	91003	0.000857114600617562	5.763222865972443	7.1090484175445265	0.08307811253872754
arz-x-bible.txt.clean.txt	21	79	90294	0.0008749197067357742	5.800918559599755	7.105034185133099	0.07977152262517428
arz-x-bible.txt.clean.txt	22	80	89648	0.000892379082634303	5.809855666164372	7.154279335542805	0.08099940730694344
arz-x-bible.txt.clean.txt	23	81	89027	0.0009098363417839532	5.822715171668282	7.17608318105895	0.08156893790563602
arz-x-bible.txt.clean.txt	24	82	88419	0.000927402481367127	5.854405193508106	7.1751458360609215	0.07914159581305746
arz-x-bible.txt.clean.txt	25	83	87833	0.0009449751232452495	5.885684546691876	7.174188808341586	0.07676107574312796
arz-x-bible.txt.clean.txt	26	84	87276	0.0009624639076034649	5.898439491127671	7.185668130840488	0.07726117133845334
arz-x-bible.txt.clean.txt	27	85	86735	0.0009799965411886782	5.923538973445941	7.187020748823669	0.07580314066230676
arz-x-bible.txt.clean.txt	28	86	86197	0.0009977145376289197	5.952954886989313	7.187028832563533	0.07365240707931675
arz-x-bible.txt.clean.txt	29	87	85662	0.0010156195279120263	5.978745611018529	7.188972317710945	0.07204748654544113
arz-x-bible.txt.clean.txt	30	88	85133	0.0010336767176065687	5.98607087093135	7.229742559224983	0.07328210524594259
arz-x-bible.txt.clean.txt	31	89	84612	0.001051860256228431	6.0082528780678945	7.232435900189887	0.07218959178632212
arz-x-bible.txt.clean.txt	32	90	84108	0.0010700527892709374	6.032654996464038	7.235102935533298	0.0707345180261788
arz-x-bible.txt.clean.txt	33	91	83620	0.0010882563979909112	6.05757288381721	7.236213124753505	0.06918192433431491
arz-x-bible.txt.clean.txt	34	92	83146	0.0011064873836384192	6.0797157847819605	7.2387838804061095	0.06803739648137308
arz-x-bible.txt.clean.txt	35	93	82716	0.0011243290294501668	6.099265123470873	7.243631960624195	0.0672706842491596
arz-x-bible.txt.clean.txt	36	94	82305	0.0011420934329627605	6.116073586954649	7.250288650430486	0.06690202461909578
arz-x-bible.txt.clean.txt	37	95	81915	0.0011597387535860343	6.1333071475852075	7.259442307139146	0.06644719256724185
arz-x-bible.txt.clean.txt	38	96	81528	0.0011775095672652341	6.15348449079145	7.2647346323156485	0.06552474822483079
arz-x-bible.txt.clean.txt	39	97	81149	0.001195332043524874	6.170402733291183	7.272350968926976	0.06507814863106753
arz-x-bible.txt.clean.txt	40	98	80781	0.0012131565590918656	6.184763479767046	7.283396074359192	0.06499852215447743
arz-x-bible.txt.clean.txt	41	99	80426	0.0012309452167209608	6.200572456515715	7.291261505986475	0.06467960439255194
arz-x-bible.txt.clean.txt	42	100	80078	0.0012487824371238043	6.213890253416754	7.300152972427304	0.06471632197874966
arz-x-bible.txt.clean.txt	43	101	79731	0.0012667594787472878	6.22007647929578	7.316054385871226	0.0658037078862711
arz-x-bible.txt.clean.txt	44	102	79385	0.001284877495748567	6.2252978008759365	7.333441143693072	0.06701124676255221
arz-x-bible.txt.clean.txt	45	103	79040	0.0013031376518218623	6.245839395347597	7.33811765215257	0.06590310283296374
arz-x-bible.txt.clean.txt	46	104	78707	0.0013213564231898051	6.259578491247728	7.346637438315804	0.06579586496387013
arz-x-bible.txt.clean.txt	47	105	78375	0.001339712918660287	6.2708915431618095	7.359685189969087	0.06603183832610626
arz-x-bible.txt.clean.txt	48	106	78048	0.001358138581385814	6.291136755267258	7.363616905047465	0.06492105580702767
arz-x-bible.txt.clean.txt	49	107	77725	0.0013766484400128658	6.3097250733215935	7.369159638572395	0.06404272452130388
arz-x-bible.txt.clean.txt	50	108	77411	0.0013951505599979332	6.3276965911926615	7.374157328427097	0.0632417506337426
arz-x-bible.txt.clean.txt	51	109	77104	0.0014136750363145881	6.328014424486123	7.398869979078435	0.06503515258581705
arz-x-bible.txt.clean.txt	52	110	76806	0.00143217977762154	6.338517127790244	7.409761432874035	0.06530291924364617
arz-x-bible.txt.clean.txt	53	111	76515	0.0014506959419721623	6.357195505491147	7.414336176747639	0.06434995582539016
arz-x-bible.txt.clean.txt	54	112	76225	0.0014693342079370286	6.373483069212891	7.419869783891256	0.06373574726342757
arz-x-bible.txt.clean.txt	55	113	75935	0.0014881148350562982	6.392582942502127	7.424115860335225	0.06269571843634425
arz-x-bible.txt.clean.txt	56	114	75659	0.0015067605968886715	6.40926238902937	7.429849603749373	0.0619983088059638
arz-x-bible.txt.clean.txt	57	115	75390	0.0015254012468497147	6.423211662083086	7.436962865227578	0.061687094089492245
arz-x-bible.txt.clean.txt	58	116	75121	0.0015441753970261312	6.429448971438705	7.455147167268642	0.06248661581204851
arz-x-bible.txt.clean.txt	59	117	74857	0.0015629800820230572	6.4494166544909275	7.459267880197917	0.06127011916741476
arz-x-bible.txt.clean.txt	60	118	74593	0.0015819178743313716	6.456209152938747	7.474781907094646	0.06195786899956013
arz-x-bible.txt.clean.txt	61	119	74342	0.0016007102310941325	6.467924234905219	7.483236816506175	0.06191512858751946
arz-x-bible.txt.clean.txt	62	120	74093	0.0016195861957269918	6.474302594293212	7.507701969871467	0.0626313672306249
arz-x-bible.txt.clean.txt	63	121	73844	0.0016385894588592167	6.491797909503013	7.512494786370511	0.06172478239934198
arz-x-bible.txt.clean.txt	64	122	73600	0.001657608695652174	6.505469444732538	7.518893418645792	0.06135968975847661
arz-x-bible.txt.clean.txt	65	123	73359	0.001676685887212203	6.519893635316054	7.5252218124068735	0.06087432294137285
arz-x-bible.txt.clean.txt	66	124	73122	0.001695796066847187	6.531575247609678	7.533228762053035	0.06077209269257544
arz-x-bible.txt.clean.txt	67	125	72892	0.001714865828897547	6.543344935092457	7.540825479804713	0.06064490835580372
arz-x-bible.txt.clean.txt	68	126	72662	0.0017340563155432	6.5612276074922145	7.545284653755456	0.05962958639604121
arz-x-bible.txt.clean.txt	69	127	72438	0.0017532234462574892	6.5731481772124365	7.553761888327114	0.05945847154132389
arz-x-bible.txt.clean.txt	70	128	72217	0.00177243585305399	6.587434161047251	7.559777065378108	0.058937976993249874
arz-x-bible.txt.clean.txt	71	129	72005	0.0017915422540101381	6.589179477867823	7.58286270920383	0.0601959916830499
arz-x-bible.txt.clean.txt	72	130	71796	0.0018106858320797816	6.606688601460712	7.5875851820737905	0.059193597179079904
arz-x-bible.txt.clean.txt	73	131	71589	0.0018298900669097209	6.609823966910469	7.6049243129877295	0.06022658306409068
arz-x-bible.txt.clean.txt	74	132	71384	0.001849153872016138	6.624875260112255	7.61028634994294	0.059553575813331316
arz-x-bible.txt.clean.txt	75	133	71181	0.0018684761382953316	6.637282549662621	7.616901763278978	0.05924637173066982
arz-x-bible.txt.clean.txt	76	134	70984	0.0018877493519666403	6.649962932804975	7.623564143215367	0.05889060361914833
arz-x-bible.txt.clean.txt	77	135	70789	0.0019070759581290878	6.6605838627549225	7.6312385828089635	0.0588162470235013
arz-x-bible.txt.clean.txt	78	136	70596	0.0019264547566434358	6.666943196352898	7.642088573253757	0.05933288883716459
arz-x-bible.txt.clean.txt	79	137	70403	0.0019459398037015468	6.674255374533733	7.652626268363609	0.05970340841993482
arz-x-bible.txt.clean.txt	80	138	70211	0.0019655039808577006	6.684812931072558	7.6597857011397235	0.05960611492327228
arz-x-bible.txt.clean.txt	81	139	70020	0.001985147100828335	6.696035866589035	7.6667779967331695	0.059405633761297705
arz-x-bible.txt.clean.txt	82	140	69830	0.002004868967492482	6.710162572993963	7.672074837644046	0.058788582660392774
arz-x-bible.txt.clean.txt	83	141	69642	0.002024640303265271	6.7247945949339645	7.677060850075382	0.05809283202725002
arz-x-bible.txt.clean.txt	84	142	69455	0.0020444892376358793	6.728465444543428	7.691609783213326	0.05892259794923205
arz-x-bible.txt.clean.txt	85	143	69270	0.002064385736971272	6.742553651377003	7.696653059141478	0.058285640310005826
arz-x-bible.txt.clean.txt	86	144	69088	0.0020842982862436313	6.7560345476527335	7.7019162101082355	0.05772591117847392
arz-x-bible.txt.clean.txt	87	145	68907	0.0021042854862350704	6.768744564167104	7.707436983055787	0.057265979372863485
arz-x-bible.txt.clean.txt	88	146	68727	0.0021243470542872526	6.782053642104525	7.712703141400042	0.05671500235313276
arz-x-bible.txt.clean.txt	89	147	68552	0.0021443575679775937	6.78815289324305	7.722715829490193	0.057158080518547094
arz-x-bible.txt.clean.txt	90	148	68378	0.0021644388546023575	6.792886408480461	7.740468956588291	0.05778065770346341
arz-x-bible.txt.clean.txt	91	149	68204	0.0021846226027798957	6.804730843825085	7.746133888606901	0.057407951547658986
arz-x-bible.txt.clean.txt	92	150	68030	0.002204909598706453	6.813977021293722	7.75510345309679	0.057387200725835474
arz-x-bible.txt.clean.txt	93	151	67860	0.002225169466548777	6.816266374354521	7.770770673619238	0.058319254058445735
arz-x-bible.txt.clean.txt	94	152	67691	0.002245497924391721	6.822253626911229	7.783454681933106	0.0587304282145219
arz-x-bible.txt.clean.txt	95	153	67523	0.002265894584067651	6.833312129573246	7.789561926098854	0.058433657165835706
arz-x-bible.txt.clean.txt	96	154	67357	0.0022863251035527116	6.844992552529062	7.794885837101275	0.05804408672302963
arz-x-bible.txt.clean.txt	97	155	67196	0.002306684921721531	6.854953718301976	7.801693759033256	0.05788393154286475
arz-x-bible.txt.clean.txt	98	156	67036	0.00232710782266245	6.863494585561008	7.809419810668449	0.05791137134596391
arz-x-bible.txt.clean.txt	99	157	66877	0.002347593343002826	6.863837751942533	7.833046136303426	0.05905488602879716
arz-x-bible.txt.clean.txt	100	158	66718	0.0023681765040918495	6.874964597779902	7.83837915505671	0.058711531079876145
arz-x-bible.txt.clean.txt	101	159	66559	0.0023888580056791718	6.885405539319397	7.843942108288616	0.05845538874050482
arz-x-bible.txt.clean.txt	102	160	66403	0.002409529689923648	6.8961476528870485	7.849501300501807	0.05815140991313772
arz-x-bible.txt.clean.txt	103	161	66248	0.0024302620456466612	6.907370001418725	7.854647182171119	0.057775430241247094
arz-x-bible.txt.clean.txt	104	162	66094	0.00245105455865888	6.919439096806688	7.859532409358325	0.057277860707332096
arz-x-bible.txt.clean.txt	105	163	65940	0.0024719441916894146	6.926420839762586	7.870085203379574	0.057466721534031096
arz-x-bible.txt.clean.txt	106	164	65789	0.0024928179482892276	6.934688140569287	7.877878907655004	0.05747344548613176
arz-x-bible.txt.clean.txt	107	165	65638	0.002513787744903867	6.942948700552405	7.885870768152222	0.0574742050890259
arz-x-bible.txt.clean.txt	108	166	65490	0.002534738127958467	6.949798128756202	7.893950623425987	0.05765952935563623
arz-x-bible.txt.clean.txt	109	167	65344	0.0025557051909892263	6.953168675118148	7.918983492682748	0.05830889216334589
arz-x-bible.txt.clean.txt	110	168	65199	0.002576726636911609	6.965821343697236	7.923379494887838	0.05769450291289102
arz-x-bible.txt.clean.txt	111	169	65057	0.002597721997632845	6.978500710058821	7.927643771524711	0.05707142372198193
arz-x-bible.txt.clean.txt	112	170	64916	0.0026187688705403907	6.9893553530151	7.932608662915941	0.056689623579445625
arz-x-bible.txt.clean.txt	113	171	64776	0.0026398666172656538	6.9971230322770435	7.939230381836851	0.0567185019875428
arz-x-bible.txt.clean.txt	114	172	64637	0.0026610145891671952	7.003724895052378	7.946875387595227	0.05689803334606136
arz-x-bible.txt.clean.txt	115	173	64499	0.0026822121273198034	7.013986084720505	7.952028602599268	0.05657877301148262
arz-x-bible.txt.clean.txt	116	174	64361	0.002703500567113625	7.014180126063005	7.981987806487842	0.05760669418286779
arz-x-bible.txt.clean.txt	117	175	64224	0.002724838066766318	7.023768570245803	7.98736069495315	0.05736551215248198
arz-x-bible.txt.clean.txt	118	176	64089	0.00274618109191905	7.033964914403916	7.992183659671916	0.05703741598359291
arz-x-bible.txt.clean.txt	119	177	63955	0.0027675709483230395	7.042490092466615	7.99961768715681	0.056927947621933206
arz-x-bible.txt.clean.txt	120	178	63822	0.002789006925511579	7.051655729819319	8.005014579360944	0.05672723687423642
arz-x-bible.txt.clean.txt	121	179	63692	0.002810400050241789	7.061017688491226	8.010330742656189	0.05649498883410331
arz-x-bible.txt.clean.txt	122	180	63563	0.002831836131082548	7.071924426538972	8.01475154556113	0.05605137532614324
arz-x-bible.txt.clean.txt	123	181	63435	0.002853314416331678	7.075279548201905	8.025131343019574	0.0566100084286425
arz-x-bible.txt.clean.txt	124	182	63307	0.002874879555183471	7.082702472971289	8.031277317983543	0.05662011117770227
arz-x-bible.txt.clean.txt	125	183	63180	0.0028964862298195633	7.090270636915749	8.037190099869829	0.056605400764039304
arz-x-bible.txt.clean.txt	126	184	63054	0.002918133663209313	7.097496678453593	8.043244418565692	0.056630792713869615
arz-x-bible.txt.clean.txt	127	185	62928	0.0029398677854055428	7.106786185496686	8.048094697927716	0.05637681177690845
arz-x-bible.txt.clean.txt	128	186	62802	0.00296168911818095	7.115426362302342	8.053338218659974	0.05620420784628799
arz-x-bible.txt.clean.txt	129	187	62677	0.002983550584744005	7.125127163820968	8.057863102768657	0.05588620568478808
arz-x-bible.txt.clean.txt	130	188	62553	0.0030054513772321072	7.133652198922286	8.063494226235896	0.0557193331125988
arz-x-bible.txt.clean.txt	131	189	62429	0.00302743917089814	7.143214609162769	8.06811627931192	0.0554105239626016
arz-x-bible.txt.clean.txt	132	190	62307	0.0030494165984560322	7.146853340942542	8.084418294464122	0.05587983302123678
arz-x-bible.txt.clean.txt	133	191	62185	0.0030714802605129854	7.153181609135937	8.091064751426666	0.05598828158307978
arz-x-bible.txt.clean.txt	134	192	62066	0.003093481132987465	7.155018607397796	8.117298099042586	0.0566837203588656
arz-x-bible.txt.clean.txt	135	193	61948	0.0031155162394266157	7.163791260641892	8.122101689317363	0.056459427366141735
arz-x-bible.txt.clean.txt	136	194	61831	0.0031375847067005224	7.17487904357045	8.125826025299357	0.05592614118642447
arz-x-bible.txt.clean.txt	137	195	61714	0.0031597368506335677	7.183815406975806	8.130326227215573	0.05567194919988383
arz-x-bible.txt.clean.txt	138	196	61597	0.003181973148042924	7.1920573233237235	8.135510236011974	0.05550474403409067
arz-x-bible.txt.clean.txt	139	197	61481	0.0032042419609310193	7.197927249333187	8.141844105793982	0.05564440916559388
arz-x-bible.txt.clean.txt	140	198	61365	0.0032265949645563434	7.203092690099824	8.148671972803692	0.05587154346120171
arz-x-bible.txt.clean.txt	141	199	61250	0.0032489795918367345	7.210324878139536	8.153946706670368	0.05582305843046198
arz-x-bible.txt.clean.txt	142	200	61137	0.003271341413546625	7.214272872583391	8.16194013081427	0.056199816758194965
arz-x-bible.txt.clean.txt	143	201	61024	0.0032937860513896173	7.218995341348547	8.172342064830579	0.0564701909318569
arz-x-bible.txt.clean.txt	144	202	60911	0.003316313966278669	7.22606658761546	8.178177059056253	0.05642895813332305
arz-x-bible.txt.clean.txt	145	203	60799	0.0033388707051102812	7.2251764831107295	8.196057756608406	0.05742206719051135
arz-x-bible.txt.clean.txt	146	204	60687	0.003361510702456869	7.231573848117645	8.201528424428567	0.057459209337913264
arz-x-bible.txt.clean.txt	147	205	60576	0.0033841785525620706	7.236259498158466	8.208355304223828	0.05771492283384172
arz-x-bible.txt.clean.txt	148	206	60466	0.003406873284159693	7.244848039721036	8.212589133660384	0.05745820037353577
arz-x-bible.txt.clean.txt	149	207	60359	0.0034294802763465268	7.252103332092446	8.21786205197843	0.05737107606020375
arz-x-bible.txt.clean.txt	150	208	60252	0.0034521675629024763	7.259082649360309	8.223216818541381	0.057315826749609
arz-x-bible.txt.clean.txt	151	209	60145	0.0034749355723667805	7.26566253007984	8.228961648105475	0.05730842360290922
arz-x-bible.txt.clean.txt	152	210	60038	0.0034977847363336554	7.275081036894592	8.232617074367809	0.05692902562743363
arz-x-bible.txt.clean.txt	153	211	59931	0.003520715489479568	7.271687337037613	8.262170151143234	0.05820568298447437
arz-x-bible.txt.clean.txt	154	212	59825	0.0035436690346844963	7.2802053837192915	8.266077162178258	0.05793474110872088
arz-x-bible.txt.clean.txt	155	213	59720	0.003566644340254521	7.283857056641983	8.280352870823435	0.0582895267851945
arz-x-bible.txt.clean.txt	156	214	59615	0.003589700578713411	7.291654018625791	8.284720615244524	0.05810435781299694
arz-x-bible.txt.clean.txt	157	215	59512	0.0036127167630057803	7.298428329517371	8.289448475023539	0.05804766721777199
arz-x-bible.txt.clean.txt	158	216	59410	0.00363575155697694	7.306592480473789	8.293405620930816	0.057808062536640725
arz-x-bible.txt.clean.txt	159	217	59308	0.0036588655830579347	7.313086200210153	8.298287173852035	0.05778033524531467
arz-x-bible.txt.clean.txt	160	218	59207	0.003681997061158309	7.318802113243539	8.304730964013245	0.057849066492933865
arz-x-bible.txt.clean.txt	161	219	59106	0.0037052075931377523	7.327465252504304	8.308296998159502	0.057534927152051996
arz-x-bible.txt.clean.txt	162	220	59005	0.003728497584950428	7.336297719826774	8.311773104043345	0.05719591563468407
arz-x-bible.txt.clean.txt	163	221	58904	0.003751867445334782	7.345693438922437	8.31498844000499	0.05678154253942669
arz-x-bible.txt.clean.txt	164	222	58804	0.003775253384123529	7.349960115824287	8.321330607971476	0.05702232959426945
arz-x-bible.txt.clean.txt	165	223	58704	0.003798718997001908	7.357592095726197	8.325329600463139	0.05682777754892565
arz-x-bible.txt.clean.txt	166	224	58604	0.003822264691829909	7.364592347909809	8.32959159093993	0.05671095762495526
arz-x-bible.txt.clean.txt	167	225	58505	0.003845825143150158	7.365149611680813	8.341646454737637	0.057415426482699816
arz-x-bible.txt.clean.txt	168	226	58406	0.0038694654658767936	7.370613618714121	8.348091675184735	0.05748785876406881
arz-x-bible.txt.clean.txt	169	227	58308	0.003893119297523496	7.37626606262622	8.353616736945895	0.057532694698804066
arz-x-bible.txt.clean.txt	170	228	58211	0.0039167854872790364	7.383566902943718	8.357472780303368	0.057363643611550996
arz-x-bible.txt.clean.txt	171	229	58114	0.003940530681075128	7.388847068201018	8.362855650054462	0.05744929358511475
arz-x-bible.txt.clean.txt	172	230	58017	0.003964355275177965	7.396805627123105	8.366306276726625	0.057190108063072564
arz-x-bible.txt.clean.txt	173	231	57922	0.003988121957114741	7.403514617104728	8.371270309017465	0.05708720718746896
arz-x-bible.txt.clean.txt	174	232	57827	0.004011966728344891	7.4116770020415075	8.37467612007545	0.05679626781520597
arz-x-bible.txt.clean.txt	175	233	57732	0.004035889974364304	7.419477380531801	8.378219759910113	0.05654860604040657
arz-x-bible.txt.clean.txt	176	234	57639	0.004059751210118149	7.42207529649902	8.386944429536566	0.056959167593457205
arz-x-bible.txt.clean.txt	177	235	57546	0.004083689570083064	7.433308557446791	8.38939496392767	0.0562695912577823
arz-x-bible.txt.clean.txt	178	236	57456	0.0041074909495962125	7.4412229721950505	8.392932500193997	0.0559989935358709
arz-x-bible.txt.clean.txt	179	237	57368	0.0041312229814530746	7.448070881070917	8.396995790407495	0.05586090888290551
arz-x-bible.txt.clean.txt	180	238	57281	0.004154955395331786	7.453453122798025	8.40245210487767	0.05590561476430922
arz-x-bible.txt.clean.txt	181	239	57194	0.0041787600097912365	7.4600863253106855	8.406574393534466	0.055788876509704766
arz-x-bible.txt.clean.txt	182	240	57108	0.004202563563773902	7.464866555567353	8.412137272591714	0.0559036494430144
arz-x-bible.txt.clean.txt	183	241	57022	0.00422643891831223	7.470511950920082	8.417371153478877	0.05590592342602474
arz-x-bible.txt.clean.txt	184	242	56936	0.004250386398763524	7.47630848940611	8.42220537727746	0.0558861461055864
arz-x-bible.txt.clean.txt	185	243	56852	0.004274255962850911	7.481906163891592	8.427166871426657	0.05588855755422195
arz-x-bible.txt.clean.txt	186	244	56768	0.0042981961668545655	7.489711018313766	8.43069625334116	0.05560974982241029
arz-x-bible.txt.clean.txt	187	245	56685	0.004322131075240363	7.496818292019154	8.434467869758151	0.055416367782387566
arz-x-bible.txt.clean.txt	188	246	56602	0.004346136178933606	7.503316518802349	8.438595858463778	0.055297095931225004
arz-x-bible.txt.clean.txt	189	247	56519	0.00437021178718661	7.5069601163640165	8.446023501732139	0.055534313194114615
arz-x-bible.txt.clean.txt	190	248	56437	0.004394280347998654	7.5098541685815405	8.453023423312173	0.05586260691417644
arz-x-bible.txt.clean.txt	191	249	56355	0.004418418951290924	7.516669609228163	8.456917105368298	0.05569500191374144
arz-x-bible.txt.clean.txt	192	250	56273	0.004442627903257335	7.521410882454975	8.462045201836204	0.05578526687732954
arz-x-bible.txt.clean.txt	193	251	56191	0.004466907511879127	7.528529744950893	8.465678525006789	0.05557440739068875
arz-x-bible.txt.clean.txt	194	252	56111	0.004491098002174261	7.535238351496413	8.469553139015389	0.05541256872550171
arz-x-bible.txt.clean.txt	195	253	56032	0.00451527698458024	7.540836977067478	8.474753884441682	0.055387317237539424
arz-x-bible.txt.clean.txt	196	254	55954	0.004539443113986489	7.546304486959063	8.479494857757606	0.055375849361735896
arz-x-bible.txt.clean.txt	197	255	55876	0.0045636767127210254	7.550382874137339	8.485994214766874	0.055535518441621856
arz-x-bible.txt.clean.txt	198	256	55800	0.004587813620071685	7.555349133234823	8.490898380502713	0.05558135834564715
arz-x-bible.txt.clean.txt	199	257	55724	0.004612016366377145	7.560159537206654	8.49619992190891	0.055644004943009806
arz-x-bible.txt.clean.txt	200	258	55648	0.004636285221391604	7.561578688328877	8.50483983256337	0.05612730144310707
arz-x-bible.txt.clean.txt	201	259	55572	0.004660620456344922	7.569279348432474	8.508099381740855	0.05582382953343967
arz-x-bible.txt.clean.txt	202	260	55496	0.0046850223439527175	7.5778594324156225	8.511084264170787	0.05540862635230248
arz-x-bible.txt.clean.txt	203	261	55421	0.004709406181772253	7.5848736245910136	8.514663997197545	0.05518654206566043
arz-x-bible.txt.clean.txt	204	262	55346	0.0047338561052289235	7.591686442909321	8.51821216514007	0.054987339586573314
arz-x-bible.txt.clean.txt	205	263	55273	0.004758200206248982	7.599104507688763	8.521602352503542	0.05471064980121887
arz-x-bible.txt.clean.txt	206	264	55200	0.004782608695652174	7.603858392668538	8.526827855075624	0.05476307104717648
arz-x-bible.txt.clean.txt	207	265	55128	0.004806994630677695	7.604317352280919	8.538665160457475	0.0553465316064925
arz-x-bible.txt.clean.txt	208	266	55056	0.00483144434757338	7.609629317559747	8.543132267231652	0.05532433176735829
arz-x-bible.txt.clean.txt	209	267	54984	0.004855958096900917	7.615070376280757	8.547342176500853	0.05528375703330901
arz-x-bible.txt.clean.txt	210	268	54913	0.0048804472529273574	7.618996225135906	8.55282136532039	0.055428715795850625
arz-x-bible.txt.clean.txt	211	269	54842	0.004904999817658	7.620714991333543	8.565148490448454	0.05584457326024217
arz-x-bible.txt.clean.txt	212	270	54771	0.004929616037684176	7.625820695904091	8.569535938877948	0.05583820699229747
arz-x-bible.txt.clean.txt	213	271	54700	0.004954296160877514	7.632595538253669	8.572895620976784	0.055623015710298596
arz-x-bible.txt.clean.txt	214	272	54629	0.00497904043639825	7.6381934891285335	8.57676614957436	0.055551334323329926
arz-x-bible.txt.clean.txt	215	273	54559	0.005003757400245606	7.644229135363523	8.580421355673748	0.05542338633744637
arz-x-bible.txt.clean.txt	216	274	54489	0.005028537870028813	7.650088934343653	8.584213427526876	0.05531506223091076
arz-x-bible.txt.clean.txt	217	275	54420	0.005053289231900036	7.654437690037658	8.588855687338617	0.05539111148297271
arz-x-bible.txt.clean.txt	218	276	54351	0.005078103438759176	7.658831559260729	8.593903316185799	0.05545927621165736
arz-x-bible.txt.clean.txt	219	277	54282	0.005102980730260492	7.665347204020466	8.597254209927232	0.0552636444259923
arz-x-bible.txt.clean.txt	220	277	54213	0.005109475587036319	7.66539836662661	8.596730494523612	0.05525733875283967
arz-x-bible.txt.clean.txt	221	278	54145	0.005134361436882446	7.6666211678192555	8.61589779001788	0.05571168713415975
arz-x-bible.txt.clean.txt	222	279	54077	0.005159309872958929	7.671656161828453	8.619962932306668	0.05569404156261415
arz-x-bible.txt.clean.txt	223	280	54010	0.0051842251434919455	7.672308520586657	8.629278902432528	0.05621338258315978
arz-x-bible.txt.clean.txt	224	281	53943	0.00520920230613796	7.677373906155909	8.633217363932639	0.05618741827298335
arz-x-bible.txt.clean.txt	225	282	53876	0.0052342415918034	7.680092299883448	8.639240302717319	0.05644771224152778
arz-x-bible.txt.clean.txt	226	283	53809	0.005259343232544742	7.685200624898794	8.643110941134644	0.05641214207329781
arz-x-bible.txt.clean.txt	227	283	53743	0.0052658020579424295	7.684754356656638	8.643004226956581	0.05646693482565779
arz-x-bible.txt.clean.txt	228	284	53677	0.005290906719824133	7.691700681197636	8.646669075336938	0.05620376087631096
arz-x-bible.txt.clean.txt	229	285	53611	0.005316073193934081	7.696412082471062	8.650718459707642	0.056212906339651925
arz-x-bible.txt.clean.txt	230	286	53545	0.005341301708843029	7.700405480683067	8.655574339614763	0.05630797804671328
arz-x-bible.txt.clean.txt	231	287	53479	0.005366592494250079	7.699008884579451	8.673763473222607	0.05706103526717432
arz-x-bible.txt.clean.txt	232	288	53413	0.005391945780989647	7.701451368250112	8.680419851657055	0.057341240355266
arz-x-bible.txt.clean.txt	233	289	53348	0.005417260253430306	7.71090534084557	8.682708504777136	0.056761414069903315
arz-x-bible.txt.clean.txt	234	290	53283	0.005442636488185725	7.711817837217133	8.690914094222626	0.05722450551060432
arz-x-bible.txt.clean.txt	235	291	53218	0.0054680747115637566	7.7155211167572535	8.69570264024454	0.057344089737139115
arz-x-bible.txt.clean.txt	236	292	53153	0.005493575150979249	7.717568259958515	8.701994004690626	0.05766378699888597
arz-x-bible.txt.clean.txt	237	293	53088	0.00551913803496082	7.723436487848068	8.705143281621593	0.05751486895182678
arz-x-bible.txt.clean.txt	238	294	53023	0.0055447635931576865	7.728657293718138	8.708594251476311	0.05744315520300525
arz-x-bible.txt.clean.txt	239	295	52958	0.005570452056346539	7.725720814905444	8.733871315369747	0.05836384631503844
arz-x-bible.txt.clean.txt	240	296	52893	0.0055962036564384705	7.728426891203224	8.740125500840167	0.05859421486449634
arz-x-bible.txt.clean.txt	241	297	52828	0.005622018626485955	7.7329024477603845	8.744040655101491	0.05860700880506475
arz-x-bible.txt.clean.txt	242	298	52763	0.005647897200689878	7.738489432220263	8.747085137842692	0.05848269043823806
arz-x-bible.txt.clean.txt	243	299	52699	0.005673731949372853	7.743135518264254	8.751030605990008	0.058471067368883745
arz-x-bible.txt.clean.txt	244	300	52635	0.005699629524080934	7.748478151704975	8.75416044415227	0.058372964195418486
arz-x-bible.txt.clean.txt	245	301	52572	0.005725481244769078	7.749732784956522	8.763816945901073	0.05876964334034085
arz-x-bible.txt.clean.txt	246	302	52509	0.00575139499895256	7.757068164112635	8.766196667964142	0.05842594415334301
arz-x-bible.txt.clean.txt	247	303	52446	0.005777371010181901	7.762388574814914	8.769282681955989	0.05832527732909454
arz-x-bible.txt.clean.txt	248	304	52383	0.005803409503083061	7.768525181972635	8.771983215351796	0.058123974863934724
arz-x-bible.txt.clean.txt	249	305	52321	0.005829399285181858	7.774596391517459	8.77574916413923	0.05792904666327281
arz-x-bible.txt.clean.txt	250	306	52259	0.005855450735758434	7.779409195637667	8.779167007193777	0.057884969939733355
arz-x-bible.txt.clean.txt	251	307	52198	0.005881451396605234	7.784732668891353	8.78224771698427	0.05777737794263216
arz-x-bible.txt.clean.txt	252	308	52137	0.00590751289870917	7.789335573682635	8.785841611692586	0.057755327860701255
arz-x-bible.txt.clean.txt	253	309	52077	0.0059335215162163715	7.795257847377934	8.788821856016167	0.057572061788818685
arz-x-bible.txt.clean.txt	254	310	52017	0.0059595901339946555	7.800989647449313	8.791803727001051	0.05741029672320175
arz-x-bible.txt.clean.txt	255	311	51958	0.005985603756880557	7.808372019638405	8.79435541402139	0.05704767872529182
arz-x-bible.txt.clean.txt	256	312	51899	0.006011676525559259	7.815290529889425	8.796944465644659	0.056739754637690876
arz-x-bible.txt.clean.txt	257	313	51841	0.006037692174147875	7.819273302399503	8.801003393759737	0.056784616926087605
arz-x-bible.txt.clean.txt	258	314	51783	0.006063766100843906	7.823823506577933	8.804449235110265	0.056759345190870225
arz-x-bible.txt.clean.txt	259	315	51725	0.006089898501691639	7.828696507424434	8.80779714455256	0.056693543518900325
arz-x-bible.txt.clean.txt	260	316	51667	0.006116089573615654	7.835891166808414	8.810146802119	0.056346572188987754
arz-x-bible.txt.clean.txt	261	317	51609	0.006142339514425778	7.8412628222914815	8.81309833492803	0.05621775978971921
arz-x-bible.txt.clean.txt	262	318	51551	0.00616864852282206	7.842110034892135	8.827005795397438	0.05663172727494703
arz-x-bible.txt.clean.txt	263	319	51494	0.006194896492795277	7.849682328429255	8.829334036387344	0.05623507057489796
arz-x-bible.txt.clean.txt	264	320	51437	0.006221202636234617	7.8504449963335485	8.837555042148583	0.05665551218154263
arz-x-bible.txt.clean.txt	265	321	51380	0.006247567146749708	7.8535704850303585	8.842075134471116	0.05679012868880595
arz-x-bible.txt.clean.txt	266	322	51323	0.00627399021881028	7.854269781365142	8.849636021625425	0.057214242288460615
arz-x-bible.txt.clean.txt	267	323	51266	0.006300472047750946	7.859586196856294	8.852489882788392	0.05708240857246594
arz-x-bible.txt.clean.txt	268	324	51209	0.006327012829776016	7.8671179854057485	8.85458873978926	0.05668351556866913
arz-x-bible.txt.clean.txt	269	325	51152	0.006353612761964341	7.872367253645106	8.857401303802483	0.056557037223837536
arz-x-bible.txt.clean.txt	270	326	51096	0.00638014717394708	7.877459144681723	8.86034462101709	0.05644800032332098
arz-x-bible.txt.clean.txt	271	327	51040	0.006406739811912226	7.881919045781986	8.863553731702178	0.056413204455794785
arz-x-bible.txt.clean.txt	272	328	50984	0.006433390867723207	7.8851232712713095	8.868195768499515	0.056527166458040234
arz-x-bible.txt.clean.txt	273	329	50928	0.006460100534087339	7.885939039520136	8.880180801487379	0.056925129741990155
arz-x-bible.txt.clean.txt	274	330	50873	0.006486741493523087	7.889064531892823	8.884517786678959	0.0570450994034557
arz-x-bible.txt.clean.txt	275	331	50818	0.006513440119642646	7.892020248595176	8.894321987409059	0.05718373353934825
arz-x-bible.txt.clean.txt	276	332	50763	0.006540196599885743	7.895496482707303	8.898046081838224	0.05725858995299071
arz-x-bible.txt.clean.txt	277	333	50710	0.006566752119897456	7.899472571006504	8.903159608414196	0.057272243243085996
arz-x-bible.txt.clean.txt	278	334	50657	0.006593363207454054	7.901795525813394	8.90845766964554	0.057481603578654616
arz-x-bible.txt.clean.txt	279	335	50605	0.006619899219444719	7.903954907104733	8.913461139115785	0.057708795985210615
arz-x-bible.txt.clean.txt	280	336	50553	0.006646489822562459	7.908363577921135	8.916599643826691	0.05766629412086555
arz-x-bible.txt.clean.txt	281	337	50501	0.006673135185441872	7.911789762518443	8.92160887640349	0.05773941149998685
arz-x-bible.txt.clean.txt	282	338	50449	0.006699835477412833	7.916556932994213	8.92457965941859	0.057651405065552
arz-x-bible.txt.clean.txt	283	339	50397	0.006726590868504078	7.920086997354455	8.928693322813762	0.057709256638839745
arz-x-bible.txt.clean.txt	284	340	50346	0.006753267389663528	7.924404142747475	8.931846015615061	0.0576720474851623
arz-x-bible.txt.clean.txt	285	341	50295	0.006779998011730788	7.925504416110613	8.938178099044492	0.05801581874445616
arz-x-bible.txt.clean.txt	286	342	50244	0.0068067828994506805	7.92871895998882	8.942001419912824	0.05810669099180665
arz-x-bible.txt.clean.txt	287	343	50193	0.006833622218237603	7.934921801525458	8.944405083639023	0.05784127505216574
arz-x-bible.txt.clean.txt	288	344	50143	0.006860379315158646	7.938471697026434	8.94795165279946	0.057889595434734153
arz-x-bible.txt.clean.txt	289	345	50093	0.006887189826921925	7.941716887262759	8.951820969909965	0.05797264872882979
arz-x-bible.txt.clean.txt	290	346	50043	0.006914053913634275	7.942286267969887	8.959021480056252	0.05837150688558401
arz-x-bible.txt.clean.txt	291	347	49993	0.006940971736043046	7.946478544021502	8.96208093559093	0.05833931173528639
arz-x-bible.txt.clean.txt	292	348	49944	0.006967803940413263	7.950285201898145	8.965482809162811	0.05835148537862611
arz-x-bible.txt.clean.txt	293	349	49895	0.006994688846577814	7.95514109398394	8.968671170816817	0.05823810646251393
arz-x-bible.txt.clean.txt	294	350	49846	0.0070216266099586725	7.957334372478862	8.973388308418683	0.05843857558616683
arz-x-bible.txt.clean.txt	295	351	49797	0.007048617386589554	7.960925791920058	8.976817494655686	0.058472181561140646
arz-x-bible.txt.clean.txt	296	352	49748	0.007075661333118919	7.964803110459526	8.980062562936908	0.05847065506009119
arz-x-bible.txt.clean.txt	297	353	49699	0.007102758606813015	7.9667781195763405	8.985282234933752	0.05869260036204582
arz-x-bible.txt.clean.txt	298	354	49650	0.007129909365558912	7.971350890293975	8.988028617287158	0.05860625614335069
arz-x-bible.txt.clean.txt	299	355	49601	0.007157113767867583	7.975781158993956	8.99082434324595	0.05853553669711542
arz-x-bible.txt.clean.txt	300	356	49553	0.007184226989284201	7.976429050001746	8.997653450154008	0.05890987311380347
arz-x-bible.txt.clean.txt	301	357	49505	0.007211392788607211	7.984025129986387	8.999552811454922	0.05846320524904236
arz-x-bible.txt.clean.txt	302	358	49457	0.007238611318923509	7.987753301208325	9.003003868167923	0.05847162280271667
arz-x-bible.txt.clean.txt	303	359	49409	0.007265882733914874	7.9915408017692755	9.006116289358884	0.05847179377510425
arz-x-bible.txt.clean.txt	304	360	49361	0.007293207187860862	7.995639037085957	9.00913323620887	0.05843413135092845
arz-x-bible.txt.clean.txt	305	361	49313	0.007320584835641717	7.999623667390723	9.012091225208666	0.05840864255875422
arz-x-bible.txt.clean.txt	306	362	49265	0.007348015832741297	8.001841246873548	9.017591210922689	0.05858984348956853
arz-x-bible.txt.clean.txt	307	363	49218	0.0073753504815311476	8.004173087187038	9.02195943088276	0.0587562194009017
arz-x-bible.txt.clean.txt	308	364	49171	0.007402737385857517	8.005166796284517	9.027955578881397	0.05907851154978527
arz-x-bible.txt.clean.txt	309	365	49124	0.007430176695708819	8.007488141545952	9.032531182481097	0.059243323053828956
arz-x-bible.txt.clean.txt	310	366	49077	0.007457668561648022	8.010278028587788	9.036291508241664	0.05935176430526934
arz-x-bible.txt.clean.txt	311	367	49031	0.00748506047194632	8.015536597689085	9.038724404539025	0.05916915231984199
arz-x-bible.txt.clean.txt	312	368	48985	0.007512503827702358	8.017478940898567	9.043293774858702	0.05937459219133301
arz-x-bible.txt.clean.txt	313	369	48939	0.0075399987739839395	8.020329363249143	9.046925327590865	0.05947217945599004
arz-x-bible.txt.clean.txt	314	370	48893	0.007567545456404802	8.0265624240784	9.048979283913603	0.05917201554921003
arz-x-bible.txt.clean.txt	315	371	48848	0.007594988535866361	8.028216971950854	9.054617612819355	0.05940738667423018
arz-x-bible.txt.clean.txt	316	372	48803	0.007622482224453415	8.034693945834862	9.056710874841542	0.05907664635736065
arz-x-bible.txt.clean.txt	317	373	48758	0.007650026662291316	8.038495809977483	9.059639919208536	0.05905819162250059
arz-x-bible.txt.clean.txt	318	374	48713	0.007677621990023197	8.042708823145729	9.062351470570238	0.058990506915483465
arz-x-bible.txt.clean.txt	319	375	48668	0.007705268348812361	8.044902141658453	9.06700893540498	0.059157949173455626
arz-x-bible.txt.clean.txt	320	376	48623	0.007732965880344693	8.04751940452572	9.070899356351662	0.059274554972034155
arz-x-bible.txt.clean.txt	321	377	48579	0.007760554972313139	8.050412967987501	9.075174482827888	0.05935765047090591
arz-x-bible.txt.clean.txt	322	378	48535	0.007788194086741526	8.053246112787505	9.078798174736376	0.05944661295663689
arz-x-bible.txt.clean.txt	323	379	48491	0.007815883359798725	8.052734283799248	9.088129485123021	0.05992487930667334
arz-x-bible.txt.clean.txt	324	380	48447	0.007843622928148285	8.057029454523459	9.090717832354194	0.05984069945227066
arz-x-bible.txt.clean.txt	325	381	48403	0.007871412928950685	8.060582921843757	9.09365855245254	0.05984200824101893
arz-x-bible.txt.clean.txt	326	382	48359	0.007899253499865588	8.06611970144752	9.095850424616081	0.05961100194932423
arz-x-bible.txt.clean.txt	327	383	48316	0.007926980710323703	8.068133783728438	9.101221800032699	0.05978962888680395
arz-x-bible.txt.clean.txt	328	384	48273	0.007954757317755266	8.072791254745692	9.103840850269979	0.0596591127721805
arz-x-bible.txt.clean.txt	329	385	48230	0.007982583454281567	8.077829505263797	9.106089403446935	0.05948330477786701
arz-x-bible.txt.clean.txt	330	386	48187	0.008010459252495486	8.081816932736121	9.10884105636644	0.05942888074006747
arz-x-bible.txt.clean.txt	331	387	48145	0.008038217883476997	8.087648300854603	9.110899841604747	0.05915893782199377
arz-x-bible.txt.clean.txt	332	388	48103	0.008066024988046483	8.089458290175179	9.116701513628435	0.05935578201535929
arz-x-bible.txt.clean.txt	333	389	48061	0.008093880693285616	8.092201758893868	9.120209426560034	0.05944290995277357
arz-x-bible.txt.clean.txt	334	390	48019	0.008121785126720673	8.09699765719895	9.122522948814238	0.05929046962859552
arz-x-bible.txt.clean.txt	335	391	47977	0.008149738416324489	8.099401784513894	9.126506003285193	0.05941488090400604
arz-x-bible.txt.clean.txt	336	392	47935	0.00817774069051841	8.106257202630974	9.128268537835549	0.05902144711601187
arz-x-bible.txt.clean.txt	337	393	47893	0.008205792078174264	8.107607847656926	9.133260777507147	0.05926604866628693
arz-x-bible.txt.clean.txt	338	394	47851	0.00823389270861633	8.110313689108432	9.137039107213983	0.05935224480942736
arz-x-bible.txt.clean.txt	339	395	47810	0.008261869901694207	8.111935885049336	9.145481487612983	0.05956298402400062
arz-x-bible.txt.clean.txt	340	396	47769	0.008289895120266282	8.116537250333781	9.148093880443435	0.059427300588383636
arz-x-bible.txt.clean.txt	341	397	47728	0.00831796848809923	8.121811510854753	9.15016873657681	0.05921278474212255
arz-x-bible.txt.clean.txt	342	398	47687	0.008346090129385367	8.121988998887304	9.165923337759962	0.059587587080281335
arz-x-bible.txt.clean.txt	343	399	47646	0.00837426016874449	8.122596097874457	9.173875637665127	0.059911361560800014
arz-x-bible.txt.clean.txt	344	400	47605	0.008402478731225712	8.126301602573522	9.176493060785525	0.059875427799625625
arz-x-bible.txt.clean.txt	345	401	47564	0.00843074594230931	8.130252506395273	9.179001811720802	0.05981016554845453
arz-x-bible.txt.clean.txt	346	402	47523	0.008459061927908592	8.135506638767279	9.181088088711888	0.05959333856915072
arz-x-bible.txt.clean.txt	347	403	47483	0.008487248067729504	8.138251285539532	9.184439892704102	0.059665679906849345
arz-x-bible.txt.clean.txt	348	404	47443	0.00851548173597791	8.141848123539685	9.187148879491719	0.05963857088046065
arz-x-bible.txt.clean.txt	349	405	47403	0.008543763052971332	8.14580439240497	9.189596455734772	0.0595690283845689
arz-x-bible.txt.clean.txt	350	406	47363	0.008572092139433735	8.14854578248524	9.192780807545855	0.05963878834460801
