file	merge	types	tokens	TTR	H	Hcross	R
fra-x-bible-perret.txt.clean.txt	0	69	113343	0.0006087716047748869	4.835936138044709	8.844990945820332	0.2083299048301861
fra-x-bible-perret.txt.clean.txt	1	70	111513	0.0006277295023898559	4.904894357295544	8.791637087081751	0.19976050318846228
fra-x-bible-perret.txt.clean.txt	2	71	109835	0.0006464241817271362	4.963756961300493	8.743802686503354	0.19285185799635163
fra-x-bible-perret.txt.clean.txt	3	72	108172	0.0006656066264837481	5.01939439496681	8.697668740219427	0.1864740019054606
fra-x-bible-perret.txt.clean.txt	4	73	106597	0.0006848222745480642	5.084267193945034	8.65079890324415	0.1786088368771186
fra-x-bible-perret.txt.clean.txt	5	74	105040	0.0007044935262757045	5.142217079282986	8.606940188167185	0.17187282414478122
fra-x-bible-perret.txt.clean.txt	6	74	103514	0.0007148791467820778	5.1507048811071225	8.592621573340008	0.17050590803729915
fra-x-bible-perret.txt.clean.txt	7	75	102160	0.0007341425215348473	5.196407933609279	8.555819014922449	0.1657474407566052
fra-x-bible-perret.txt.clean.txt	8	76	101051	0.0007520954765415483	5.246692334183102	8.521466583607063	0.16025076749148226
fra-x-bible-perret.txt.clean.txt	9	77	100061	0.0007695305863423312	5.28525634329914	8.493152241379638	0.1566241631212355
fra-x-bible-perret.txt.clean.txt	10	78	99172	0.0007865123220263784	5.3235547604587365	8.467171139866398	0.15302878398410924
fra-x-bible-perret.txt.clean.txt	11	79	98292	0.0008037276685793351	5.338905997302787	8.476070044610893	0.1530628664636432
fra-x-bible-perret.txt.clean.txt	12	80	97485	0.0008206390726778479	5.367527316974165	8.455394425162773	0.1509667246429196
fra-x-bible-perret.txt.clean.txt	13	81	96681	0.0008378068079560617	5.4009086227750345	8.433508906818545	0.14810151339264688
fra-x-bible-perret.txt.clean.txt	14	82	95878	0.0008552535513882226	5.422917894719987	8.417881108353985	0.1470116342295249
fra-x-bible-perret.txt.clean.txt	15	83	95104	0.000872728802153432	5.461851257892949	8.395116886775062	0.14324431766864165
fra-x-bible-perret.txt.clean.txt	16	84	94415	0.0008896891383784356	5.499030689513981	8.374805148605983	0.13974380090725602
fra-x-bible-perret.txt.clean.txt	17	85	93781	0.0009063669613247886	5.52299792698816	8.362098117187097	0.13829598131576626
fra-x-bible-perret.txt.clean.txt	18	86	93166	0.000923083528325784	5.552061314627912	8.346405506549903	0.1360360136787908
fra-x-bible-perret.txt.clean.txt	19	87	92562	0.0009399105464445453	5.580290464829546	8.33151609736411	0.1338911371138053
fra-x-bible-perret.txt.clean.txt	20	88	91962	0.0009569169874513386	5.611374962752405	8.315906700741122	0.13128967159246752
fra-x-bible-perret.txt.clean.txt	21	89	91366	0.0009741041525293873	5.633955950770729	8.304172193566526	0.12998951997782393
fra-x-bible-perret.txt.clean.txt	22	90	90771	0.0009915060977625013	5.6683214906592765	8.288086036454759	0.12685616779221354
fra-x-bible-perret.txt.clean.txt	23	91	90187	0.001009014602991562	5.70077172739529	8.272988779295401	0.12400866306051206
fra-x-bible-perret.txt.clean.txt	24	92	89619	0.0010265680268693022	5.718088563513165	8.265878793207142	0.1234714099397769
fra-x-bible-perret.txt.clean.txt	25	93	89061	0.0010442281133155927	5.734963640754332	8.259749069494342	0.12298144051611315
fra-x-bible-perret.txt.clean.txt	26	94	88533	0.0010617509855082286	5.756418701805574	8.251018345472806	0.1217727256329394
fra-x-bible-perret.txt.clean.txt	27	95	88007	0.0010794595884418285	5.781496957652586	8.240254254569837	0.11999634355413813
fra-x-bible-perret.txt.clean.txt	28	96	87519	0.001096904672128338	5.801159531388505	8.233228981079254	0.11902922290701157
fra-x-bible-perret.txt.clean.txt	29	97	87041	0.0011144173435507405	5.825743082757107	8.223725916027963	0.11729999743049191
fra-x-bible-perret.txt.clean.txt	30	98	86564	0.0011321103461023059	5.842898016319852	8.217871519107986	0.11668113129436819
fra-x-bible-perret.txt.clean.txt	31	99	86089	0.001149972702668169	5.860020548118464	8.214625876457893	0.1160498847853364
fra-x-bible-perret.txt.clean.txt	32	100	85616	0.0011680059801906185	5.874106393145273	8.214627620133584	0.11585888897085705
fra-x-bible-perret.txt.clean.txt	33	101	85175	0.0011857939536248899	5.8927806140211825	8.208822014961873	0.11496043204897788
fra-x-bible-perret.txt.clean.txt	34	102	84747	0.0012035824276965556	5.897939568368428	8.218297036739683	0.11607260237612949
fra-x-bible-perret.txt.clean.txt	35	103	84331	0.0012213776665757551	5.91496449818412	8.214716184355964	0.11538711854766259
fra-x-bible-perret.txt.clean.txt	36	104	83919	0.0012392902679965205	5.9257484167923185	8.220795190726506	0.1156179794068346
fra-x-bible-perret.txt.clean.txt	37	105	83508	0.0012573645638741199	5.94874299221866	8.213985612538567	0.11401169698565794
fra-x-bible-perret.txt.clean.txt	38	106	83100	0.0012755716004813477	5.973923285340573	8.206117986286797	0.1120698697784438
fra-x-bible-perret.txt.clean.txt	39	107	82694	0.0012939270080054176	5.995345194199754	8.199598684585998	0.11067647348959286
fra-x-bible-perret.txt.clean.txt	40	108	82297	0.0013123200116650668	6.01251942492021	8.195417264798555	0.1099008794751194
fra-x-bible-perret.txt.clean.txt	41	109	81911	0.0013307126027029337	6.035048079384587	8.189067016439164	0.10832096323211515
fra-x-bible-perret.txt.clean.txt	42	110	81526	0.0013492628118637	6.044775348129772	8.190003626809899	0.10861897856942371
fra-x-bible-perret.txt.clean.txt	43	111	81152	0.0013678036277602523	6.064744666937119	8.184838922276901	0.10739277868267427
fra-x-bible-perret.txt.clean.txt	44	112	80780	0.0013864818024263432	6.091845465901471	8.17757062456004	0.1051082930666205
fra-x-bible-perret.txt.clean.txt	45	113	80409	0.0014053153253988982	6.099342858755185	8.18587367335026	0.10569166991546763
fra-x-bible-perret.txt.clean.txt	46	114	80040	0.001424287856071964	6.12076957375244	8.180569087911561	0.10421950871974506
fra-x-bible-perret.txt.clean.txt	47	115	79676	0.0014433455494753753	6.142313359129599	8.175246901884192	0.102721161901005
fra-x-bible-perret.txt.clean.txt	48	116	79333	0.0014621910176093177	6.164626187655665	8.17043742658393	0.1011018852289789
fra-x-bible-perret.txt.clean.txt	49	117	78996	0.0014810876500075953	6.184189637353547	8.166511552095338	0.09987462241618306
fra-x-bible-perret.txt.clean.txt	50	118	78679	0.0014997648673724883	6.195940698461543	8.167310753300097	0.09977305897971411
fra-x-bible-perret.txt.clean.txt	51	119	78367	0.0015184963058430207	6.219812829944031	8.162706799795602	0.09790032986166464
fra-x-bible-perret.txt.clean.txt	52	120	78059	0.0015372987099501658	6.236749190078429	8.160895627256368	0.09702505002123141
fra-x-bible-perret.txt.clean.txt	53	121	77752	0.0015562300648214837	6.259767673220618	8.156653125903638	0.09526067237507652
fra-x-bible-perret.txt.clean.txt	54	122	77445	0.0015753115113951836	6.267406576485886	8.16088897294776	0.09570854135272322
fra-x-bible-perret.txt.clean.txt	55	123	77144	0.001594420823395209	6.276485685760686	8.170687978457513	0.0959348113808528
fra-x-bible-perret.txt.clean.txt	56	124	76848	0.0016135748490526754	6.294641233428436	8.168393312661255	0.09484274638225543
fra-x-bible-perret.txt.clean.txt	57	125	76560	0.0016327063740856843	6.311244410148093	8.16734098227088	0.09396499342582587
fra-x-bible-perret.txt.clean.txt	58	126	76274	0.001651939061803498	6.328587377457067	8.165429047704784	0.09297212569299573
fra-x-bible-perret.txt.clean.txt	59	127	75992	0.0016712285503737235	6.33597562152464	8.171511110252599	0.09339512290244556
fra-x-bible-perret.txt.clean.txt	60	128	75712	0.0016906170752324597	6.34584058136549	8.174975466053237	0.09345134551921574
fra-x-bible-perret.txt.clean.txt	61	129	75437	0.0017100361891379562	6.364434165883395	8.172637201990792	0.09225105191670369
fra-x-bible-perret.txt.clean.txt	62	130	75165	0.0017295283709173152	6.378100381466116	8.17325543255125	0.09174504223020641
fra-x-bible-perret.txt.clean.txt	63	131	74894	0.0017491387828130424	6.39244466457087	8.173699158311091	0.09113319884592008
fra-x-bible-perret.txt.clean.txt	64	132	74623	0.0017688916285863608	6.407719700419535	8.172941971416362	0.09038029504756073
fra-x-bible-perret.txt.clean.txt	65	133	74357	0.001788668181879312	6.418785737560932	8.174471680113395	0.09021562265707406
fra-x-bible-perret.txt.clean.txt	66	134	74096	0.0018084646944504428	6.434277190867354	8.173803168448355	0.08941466524985753
fra-x-bible-perret.txt.clean.txt	67	135	73837	0.00182835163942197	6.447324454654117	8.175731006342236	0.08895118627353327
fra-x-bible-perret.txt.clean.txt	68	136	73580	0.0018483283500951345	6.455018974369672	8.179741250348624	0.08923417040012227
fra-x-bible-perret.txt.clean.txt	69	137	73325	0.0018683941356972384	6.456485679013847	8.192662093327092	0.09038370022118813
fra-x-bible-perret.txt.clean.txt	70	138	73073	0.0018885224364676419	6.461360988086179	8.216501175005194	0.09104047860099884
fra-x-bible-perret.txt.clean.txt	71	138	72827	0.001894901616158842	6.465060132402357	8.213091471330221	0.09052009714368381
fra-x-bible-perret.txt.clean.txt	72	139	72597	0.0019146796699588138	6.476490211354401	8.216075403420383	0.09024528434863466
fra-x-bible-perret.txt.clean.txt	73	140	72368	0.0019345567101481317	6.4937884241581925	8.21491196537722	0.08913864006749661
fra-x-bible-perret.txt.clean.txt	74	141	72140	0.001954532852786249	6.506043577250746	8.217664655215398	0.0887321547081803
fra-x-bible-perret.txt.clean.txt	75	142	71921	0.0019743885652312955	6.514148062622407	8.225320826529076	0.0888981171303731
fra-x-bible-perret.txt.clean.txt	76	143	71710	0.0019941430762794587	6.5205007206719525	8.235028392314558	0.08929917676343657
fra-x-bible-perret.txt.clean.txt	77	144	71499	0.002014014182016532	6.53842536597754	8.234096052292616	0.08807618424707908
fra-x-bible-perret.txt.clean.txt	78	145	71289	0.0020339743859501464	6.548209214182119	8.23688355434347	0.08798159808336814
fra-x-bible-perret.txt.clean.txt	79	146	71083	0.002053936946949341	6.559907760422934	8.238595197539173	0.08761226276086043
fra-x-bible-perret.txt.clean.txt	80	147	70884	0.00207381073302861	6.577194619070587	8.238173808049655	0.08645917424453642
fra-x-bible-perret.txt.clean.txt	81	148	70690	0.0020936483236667137	6.5922989284683275	8.238634777680431	0.08560349944184464
fra-x-bible-perret.txt.clean.txt	82	149	70500	0.0021134751773049646	6.604914004950811	8.240491239978176	0.08508660156225667
fra-x-bible-perret.txt.clean.txt	83	150	70311	0.002133378845415369	6.615120182597643	8.243352354478812	0.08489609909639872
fra-x-bible-perret.txt.clean.txt	84	151	70122	0.002153389806337526	6.630926234029468	8.243551510599755	0.08392436278055548
fra-x-bible-perret.txt.clean.txt	85	152	69936	0.002173415694349119	6.6413273167790265	8.247489502395528	0.08369291711864191
fra-x-bible-perret.txt.clean.txt	86	153	69754	0.0021934225994208216	6.6501835458185745	8.252632633345826	0.08366705900738958
fra-x-bible-perret.txt.clean.txt	87	154	69577	0.002213375109590813	6.662773833294995	8.254240043209833	0.0831196436027617
fra-x-bible-perret.txt.clean.txt	88	155	69400	0.0022334293948126803	6.675171091548833	8.255819009928274	0.08259250120707007
fra-x-bible-perret.txt.clean.txt	89	156	69225	0.0022535211267605635	6.683552093902975	8.25968629483849	0.0826104183240639
fra-x-bible-perret.txt.clean.txt	90	157	69050	0.002273714699493121	6.693351523684326	8.26245564286237	0.0824263859500386
fra-x-bible-perret.txt.clean.txt	91	158	68876	0.0022939775829026077	6.703868535690041	8.26522647211278	0.08213721539173946
fra-x-bible-perret.txt.clean.txt	92	159	68706	0.002314208366081565	6.714611866676137	8.267537096393474	0.08181056530870667
fra-x-bible-perret.txt.clean.txt	93	160	68538	0.002334471388135049	6.718973936174066	8.27725490888459	0.08234909588012995
fra-x-bible-perret.txt.clean.txt	94	161	68370	0.002354833991516747	6.7302298322394245	8.27935682250082	0.08193887011165768
fra-x-bible-perret.txt.clean.txt	95	162	68205	0.0023751924345722453	6.744165493982916	8.280463786385798	0.08115758614516644
fra-x-bible-perret.txt.clean.txt	96	163	68043	0.0023955439942389373	6.7520721954259955	8.284390796991799	0.08119173090673559
fra-x-bible-perret.txt.clean.txt	97	164	67881	0.0024159926930952696	6.761326542566023	8.287827548383943	0.08103584747723569
fra-x-bible-perret.txt.clean.txt	98	165	67725	0.0024363233665559247	6.769912458028555	8.291738697810082	0.08096438614426305
fra-x-bible-perret.txt.clean.txt	99	166	67573	0.0024566024891598715	6.781635680973583	8.293951384596935	0.08046109527918366
fra-x-bible-perret.txt.clean.txt	100	167	67423	0.0024768995743292346	6.790119707455743	8.299865670674723	0.08039116431346371
fra-x-bible-perret.txt.clean.txt	101	168	67274	0.0024972500520260427	6.7991549451254	8.303268975960581	0.08024039603948607
fra-x-bible-perret.txt.clean.txt	102	169	67125	0.0025176908752327747	6.81347758948968	8.304615955281138	0.07936919549220278
fra-x-bible-perret.txt.clean.txt	103	170	66978	0.0025381468541909283	6.8248968155267695	8.306897436331688	0.07888558258684775
fra-x-bible-perret.txt.clean.txt	104	171	66832	0.002558654536748863	6.830464530060766	8.31385198973513	0.07918571899972149
fra-x-bible-perret.txt.clean.txt	105	172	66688	0.0025791746641074856	6.840343507921043	8.317513786968675	0.07889851306608298
fra-x-bible-perret.txt.clean.txt	106	173	66544	0.0025997836018273623	6.852014604436585	8.319615799065332	0.07836486309219759
fra-x-bible-perret.txt.clean.txt	107	174	66401	0.0026204424632159154	6.862022826961875	8.32275763961654	0.07804985611013437
fra-x-bible-perret.txt.clean.txt	108	175	66259	0.0026411506361399962	6.872933485483459	8.325405319403886	0.07760854143973717
fra-x-bible-perret.txt.clean.txt	109	176	66120	0.002661826981246219	6.883840996040933	8.328090295526081	0.07716279899372747
fra-x-bible-perret.txt.clean.txt	110	177	65982	0.002682549786305356	6.8976594870648995	8.329689521929799	0.07632246497162176
fra-x-bible-perret.txt.clean.txt	111	178	65844	0.00270335945568313	6.9074480074321425	8.33256142601407	0.07601734716493125
fra-x-bible-perret.txt.clean.txt	112	179	65707	0.002724215076019298	6.9184628601625455	8.33505847349074	0.07554340378330082
fra-x-bible-perret.txt.clean.txt	113	180	65570	0.0027451578465761783	6.93032538749583	8.33709504958798	0.07495177783303608
fra-x-bible-perret.txt.clean.txt	114	181	65434	0.002766146040284867	6.931127561162583	8.35836765237601	0.07583066832081331
fra-x-bible-perret.txt.clean.txt	115	182	65300	0.0027871362940275653	6.939669416545895	8.362456005811818	0.0756713856571023
fra-x-bible-perret.txt.clean.txt	116	183	65166	0.0028082128717429335	6.945400768812666	8.368886511853104	0.07588103326936291
fra-x-bible-perret.txt.clean.txt	117	184	65032	0.0028293763070488375	6.958115967542611	8.370484010983859	0.07515668666211717
fra-x-bible-perret.txt.clean.txt	118	185	64904	0.0028503636139529153	6.96789132903988	8.373788867554719	0.07481896042984426
fra-x-bible-perret.txt.clean.txt	119	186	64776	0.00287143386439422	6.963236206641129	8.4116473345929	0.07639083071421049
fra-x-bible-perret.txt.clean.txt	120	187	64648	0.0028925875510456625	6.970311221922552	8.415712944730554	0.07640006641535424
fra-x-bible-perret.txt.clean.txt	121	188	64520	0.0029138251704897704	6.978645532136295	8.419601129286296	0.07623754658910964
fra-x-bible-perret.txt.clean.txt	122	189	64393	0.00293510164148277	6.988430594235039	8.422169129793085	0.0758785288538456
fra-x-bible-perret.txt.clean.txt	123	190	64268	0.002956370199788386	6.995470603095394	8.426491268013	0.07587793413171828
fra-x-bible-perret.txt.clean.txt	124	191	64144	0.0029776752307308554	6.999586073380011	8.433266584480481	0.0762584206027479
fra-x-bible-perret.txt.clean.txt	125	192	64020	0.002999062792877226	7.011490107065352	8.434969780954095	0.07560649028934285
fra-x-bible-perret.txt.clean.txt	126	193	63898	0.0030204388243763496	7.02172184938495	8.43747741344039	0.07517134243653123
fra-x-bible-perret.txt.clean.txt	127	194	63777	0.0030418489424087055	7.028801773268387	8.443032324898812	0.07514705507522434
fra-x-bible-perret.txt.clean.txt	128	195	63657	0.0030632923323436543	7.038357572982564	8.445570675192936	0.07479269563708524
fra-x-bible-perret.txt.clean.txt	129	196	63538	0.0030847681702288396	7.044230974701575	8.450096486043503	0.07491800490001732
fra-x-bible-perret.txt.clean.txt	130	197	63420	0.0031062756228319144	7.052311522148731	8.453652339233855	0.07474894041697566
fra-x-bible-perret.txt.clean.txt	131	198	63303	0.0031278138476849436	7.0586874542470355	8.459013523887899	0.07479912058778804
fra-x-bible-perret.txt.clean.txt	132	199	63186	0.0031494318361662394	7.067304407987294	8.461974912859738	0.07455128945644385
fra-x-bible-perret.txt.clean.txt	133	200	63070	0.003171079752655779	7.074841094928639	8.465975885962045	0.0744408425170614
fra-x-bible-perret.txt.clean.txt	134	201	62955	0.0031927567309983323	7.0715161435523015	8.493613620616795	0.0757458674988154
fra-x-bible-perret.txt.clean.txt	135	202	62841	0.0032144618958959916	7.0737940095754155	8.501990025188237	0.07631252734305305
fra-x-bible-perret.txt.clean.txt	136	203	62728	0.0032361943629639076	7.07447338092259	8.514154349361275	0.07708240612624839
fra-x-bible-perret.txt.clean.txt	137	204	62619	0.0032577971542183683	7.082002072492433	8.517446798353829	0.0769539282773064
fra-x-bible-perret.txt.clean.txt	138	205	62510	0.0032794752839545673	7.0927217857340805	8.51943753257719	0.07640599443823715
fra-x-bible-perret.txt.clean.txt	139	206	62401	0.0033012291469687984	7.1031708076387075	8.521487824925831	0.07589015540707666
fra-x-bible-perret.txt.clean.txt	140	207	62292	0.0033230591408206513	7.104061198833657	8.53589268463137	0.07661360341829371
fra-x-bible-perret.txt.clean.txt	141	208	62186	0.0033448042967870583	7.110875194250442	8.54002882634067	0.07656244908998167
fra-x-bible-perret.txt.clean.txt	142	209	62080	0.0033666237113402064	7.115036133662123	8.547990625708563	0.07685161522489481
fra-x-bible-perret.txt.clean.txt	143	210	61975	0.003388463089955627	7.124364006870215	8.55033288362703	0.07646652021186517
fra-x-bible-perret.txt.clean.txt	144	211	61871	0.003410321475327698	7.131054673275612	8.55484150065759	0.07641975591954153
fra-x-bible-perret.txt.clean.txt	145	212	61768	0.0034321979018261885	7.135958865974766	8.559574360105378	0.0766003729035396
fra-x-bible-perret.txt.clean.txt	146	213	61667	0.0034540353835925213	7.145252259081375	8.56199336678656	0.07620937179116127
fra-x-bible-perret.txt.clean.txt	147	214	61568	0.003475831600831601	7.147077632340662	8.570291491746826	0.07677993784700032
fra-x-bible-perret.txt.clean.txt	148	215	61469	0.0034976980266475783	7.153477367522157	8.574094981787779	0.07675537943003241
fra-x-bible-perret.txt.clean.txt	149	216	61371	0.0035195776506819184	7.160061391395339	8.578048948598287	0.0767033835890184
fra-x-bible-perret.txt.clean.txt	150	217	61274	0.003541469465025949	7.164610266269532	8.583019094964087	0.07691000784477753
fra-x-bible-perret.txt.clean.txt	151	218	61177	0.0035634307010804713	7.16468763831802	8.598502466079996	0.07768825522510203
fra-x-bible-perret.txt.clean.txt	152	219	61080	0.0035854616895874265	7.174475114812641	8.600689351820668	0.07721265420989254
fra-x-bible-perret.txt.clean.txt	153	220	60984	0.0036075036075036075	7.1829236412665844	8.603286617455653	0.07690636267822748
fra-x-bible-perret.txt.clean.txt	154	221	60888	0.003629615030876363	7.190111473444681	8.606451207166272	0.076758932381078
fra-x-bible-perret.txt.clean.txt	155	222	60792	0.003651796288985393	7.1969792025212405	8.609785570769445	0.07664931844451706
fra-x-bible-perret.txt.clean.txt	156	223	60696	0.0036740477131936206	7.202352440831095	8.613865200159536	0.07672800148292191
fra-x-bible-perret.txt.clean.txt	157	224	60601	0.003696308641771588	7.209170421515688	8.617043752850808	0.07661807443285362
fra-x-bible-perret.txt.clean.txt	158	225	60507	0.003718578015766771	7.214477843859035	8.621594380421676	0.07669825052583257
fra-x-bible-perret.txt.clean.txt	159	226	60416	0.00374073093220339	7.222939410372428	8.624361936759048	0.07637159647025626
fra-x-bible-perret.txt.clean.txt	160	227	60325	0.0037629506837961045	7.226918414844814	8.631273750889282	0.07661487990776594
fra-x-bible-perret.txt.clean.txt	161	228	60235	0.0037851747322984975	7.234856959666365	8.634127998589523	0.07634896614364728
fra-x-bible-perret.txt.clean.txt	162	229	60146	0.003807401988494663	7.238060140954331	8.643595891879203	0.07668427347881812
fra-x-bible-perret.txt.clean.txt	163	230	60057	0.003829695122966515	7.24515087402259	8.646779073023133	0.07652029038638841
fra-x-bible-perret.txt.clean.txt	164	231	59969	0.0038519901949340494	7.254404132074761	8.649105128328996	0.07607794214899732
fra-x-bible-perret.txt.clean.txt	165	232	59882	0.003874286095988778	7.26222507114147	8.652113596665112	0.07581539384677904
fra-x-bible-perret.txt.clean.txt	166	233	59795	0.0038966468768291663	7.270057712089982	8.654961971473742	0.07554862278637176
fra-x-bible-perret.txt.clean.txt	167	234	59709	0.003919007184846506	7.275332010098907	8.660828518281956	0.07560421031110665
fra-x-bible-perret.txt.clean.txt	168	235	59623	0.003941431997719001	7.276170240068079	8.67443440582354	0.07621982033044894
fra-x-bible-perret.txt.clean.txt	169	236	59538	0.003963855016963956	7.273742165026238	8.698224419693224	0.07724577664149057
fra-x-bible-perret.txt.clean.txt	170	237	59454	0.003986275103441316	7.281066788887591	8.70100189957862	0.07703083252145848
fra-x-bible-perret.txt.clean.txt	171	238	59371	0.00400869111182227	7.287910567241978	8.704510983664626	0.07687412354046164
fra-x-bible-perret.txt.clean.txt	172	239	59288	0.004031169882606936	7.289170132715305	8.71426064647012	0.0774214640155132
fra-x-bible-perret.txt.clean.txt	173	240	59206	0.0040536432118366385	7.289955444817914	8.725180380258642	0.07802500152629532
fra-x-bible-perret.txt.clean.txt	174	241	59125	0.004076109936575053	7.2982424481307	8.727654812413938	0.07767666929007078
fra-x-bible-perret.txt.clean.txt	175	242	59044	0.0040986383036379645	7.305382619561536	8.730433651449903	0.07747079338677876
fra-x-bible-perret.txt.clean.txt	176	243	58963	0.004121228567067483	7.307422918462624	8.73918670125691	0.07790589176239127
fra-x-bible-perret.txt.clean.txt	177	244	58883	0.004143810607475842	7.316119796427541	8.741435492084776	0.07749815874298227
fra-x-bible-perret.txt.clean.txt	178	245	58803	0.004166454092478275	7.324019304040998	8.743878188983448	0.07718868363025799
fra-x-bible-perret.txt.clean.txt	179	246	58724	0.004189087936789047	7.328152769021187	8.748507670992037	0.07735103737047722
fra-x-bible-perret.txt.clean.txt	180	247	58646	0.004211710943627869	7.331955427561288	8.754566146159714	0.07755200358306724
fra-x-bible-perret.txt.clean.txt	181	248	58568	0.00423439420844147	7.338577709518969	8.75756512959956	0.07739544975323398
fra-x-bible-perret.txt.clean.txt	182	249	58491	0.004257065189516336	7.344039453912153	8.761132749536653	0.07738220209148805
fra-x-bible-perret.txt.clean.txt	183	250	58414	0.004279795939329613	7.350831411919794	8.764219218576608	0.07719928769931284
fra-x-bible-perret.txt.clean.txt	184	251	58338	0.004302512941821797	7.358338010490538	8.766866663229653	0.07692431701716329
fra-x-bible-perret.txt.clean.txt	185	252	58263	0.004325214973482313	7.360306967339025	8.77550503657909	0.07734126946496866
fra-x-bible-perret.txt.clean.txt	186	253	58189	0.00434790080599426	7.364242978181927	8.779966725520538	0.0775085925753205
fra-x-bible-perret.txt.clean.txt	187	254	58115	0.004370644411941839	7.368368425714667	8.784240470030769	0.0776493609873764
fra-x-bible-perret.txt.clean.txt	188	255	58041	0.004393446012301649	7.372143206842974	8.788950771571706	0.07783121360973533
fra-x-bible-perret.txt.clean.txt	189	256	57967	0.004416305829178671	7.376898069319692	8.792718244257694	0.07788774133503851
fra-x-bible-perret.txt.clean.txt	190	257	57894	0.004439147407330639	7.381097101926555	8.797554315071851	0.0780110837611302
fra-x-bible-perret.txt.clean.txt	191	258	57821	0.004462046661247643	7.386982193241724	8.80070534095637	0.07792127751199962
fra-x-bible-perret.txt.clean.txt	192	259	57749	0.004484926145907288	7.39287827947066	8.803943429664798	0.07782773216296346
fra-x-bible-perret.txt.clean.txt	193	260	57678	0.004507784597246784	7.399886520097241	8.806676146563479	0.07759321280685905
fra-x-bible-perret.txt.clean.txt	194	261	57608	0.004530620747118456	7.402201616976912	8.814454892786298	0.07794116919908134
fra-x-bible-perret.txt.clean.txt	195	262	57538	0.004553512461329904	7.410001716903574	8.816923900566984	0.07760344307956457
fra-x-bible-perret.txt.clean.txt	196	263	57469	0.00457638030938419	7.4118849367821795	8.823881361800861	0.07799979740377039
fra-x-bible-perret.txt.clean.txt	197	264	57400	0.004599303135888502	7.418290041905471	8.826914478288547	0.07783110426505502
fra-x-bible-perret.txt.clean.txt	198	265	57331	0.004622281139348695	7.4233364909712485	8.830402605730242	0.07782904915920141
fra-x-bible-perret.txt.clean.txt	199	266	57262	0.004645314519227411	7.427940960809753	8.834351329605978	0.07787951319082498
fra-x-bible-perret.txt.clean.txt	200	267	57193	0.004668403475949854	7.429824335619942	8.840621210444972	0.07826515246501009
fra-x-bible-perret.txt.clean.txt	201	268	57124	0.0046915482109096	7.433677556291851	8.84596112375749	0.07840374923129634
fra-x-bible-perret.txt.clean.txt	202	269	57056	0.0047146662927650025	7.4400838517619405	8.849029024173088	0.07822355880932275
fra-x-bible-perret.txt.clean.txt	203	270	56988	0.004737839545167404	7.446952541733874	8.851607740490351	0.07798408268067258
fra-x-bible-perret.txt.clean.txt	204	271	56920	0.004761068165846803	7.452615171718298	8.854991019427008	0.0778918906858116
fra-x-bible-perret.txt.clean.txt	205	272	56852	0.004784352353479209	7.45765098274503	8.858901848570998	0.07787508528545384
fra-x-bible-perret.txt.clean.txt	206	273	56784	0.004807692307692308	7.462512911246394	8.86250936509745	0.07787756616181152
fra-x-bible-perret.txt.clean.txt	207	274	56716	0.004831088229071161	7.469370472117465	8.864975854190526	0.07763140530967527
fra-x-bible-perret.txt.clean.txt	208	275	56649	0.004854454624088686	7.476204214091386	8.86746860209192	0.07738631641216798
fra-x-bible-perret.txt.clean.txt	209	276	56583	0.004877790148984678	7.48230042351015	8.870599441837324	0.07723033168439641
fra-x-bible-perret.txt.clean.txt	210	277	56517	0.004901180175876285	7.486120254408973	8.875557458174711	0.07735295241034545
fra-x-bible-perret.txt.clean.txt	211	278	56451	0.0049246248959274415	7.491777702942041	8.879042940140527	0.07724694195508952
fra-x-bible-perret.txt.clean.txt	212	279	56385	0.004948124501197127	7.495221523203716	8.883343997610904	0.07741142266176615
fra-x-bible-perret.txt.clean.txt	213	280	56319	0.0049716791846446135	7.499263329277992	8.887145179760715	0.07750003122707616
fra-x-bible-perret.txt.clean.txt	214	281	56253	0.004995289140134748	7.502222902737898	8.894810582555296	0.07771948415236962
fra-x-bible-perret.txt.clean.txt	215	282	56188	0.005018865238129138	7.509632639926503	8.897072526714577	0.07738985666410825
fra-x-bible-perret.txt.clean.txt	216	283	56123	0.005042495946403435	7.510476220952507	8.905849342798305	0.07786477995409069
fra-x-bible-perret.txt.clean.txt	217	284	56059	0.005066091082609393	7.51662364829905	8.908616487977971	0.07768627196914923
fra-x-bible-perret.txt.clean.txt	218	285	55995	0.005089740155371015	7.522992826839052	8.911265828232045	0.07747877068057563
fra-x-bible-perret.txt.clean.txt	219	286	55931	0.005113443349841769	7.5246926730423045	8.917250009558156	0.07784174989049031
fra-x-bible-perret.txt.clean.txt	220	287	55867	0.005137200852023556	7.529802484726092	8.920398025713405	0.07778465176065097
fra-x-bible-perret.txt.clean.txt	221	288	55804	0.005160920364131604	7.536418132388393	8.92290815551813	0.07754133225728266
fra-x-bible-perret.txt.clean.txt	222	289	55741	0.005184693493119966	7.543121843185842	8.92528541317902	0.07728557590037555
fra-x-bible-perret.txt.clean.txt	223	290	55678	0.005208520420992133	7.539313824111501	8.964640999566711	0.07831325004398848
fra-x-bible-perret.txt.clean.txt	224	291	55615	0.005232401330576284	7.542922121075069	8.97027116333079	0.07843164311469064
fra-x-bible-perret.txt.clean.txt	225	292	55553	0.005256241787122208	7.547401811410177	8.974457375559254	0.07844157623294601
fra-x-bible-perret.txt.clean.txt	226	293	55491	0.005280135517471302	7.550098887696631	8.982412316423794	0.07866712559967315
fra-x-bible-perret.txt.clean.txt	227	294	55429	0.005304082700391492	7.5557295891535095	8.98513594561065	0.07853274235870766
fra-x-bible-perret.txt.clean.txt	228	295	55367	0.005328083515451442	7.55604479264218	8.998712129984854	0.07904451557612402
fra-x-bible-perret.txt.clean.txt	229	296	55306	0.005352041369833291	7.5590586927109555	9.007430526819835	0.07922508892504865
fra-x-bible-perret.txt.clean.txt	230	297	55245	0.005376052131414608	7.5630047421353845	9.010711667271876	0.0792901236349689
fra-x-bible-perret.txt.clean.txt	231	298	55184	0.005400115975645115	7.568160245714722	9.013395923181207	0.0792060989048603
fra-x-bible-perret.txt.clean.txt	232	299	55124	0.005424134678180103	7.571253129150154	9.017711933025907	0.07937115906674452
fra-x-bible-perret.txt.clean.txt	233	300	55064	0.005448205724248148	7.573224794813896	9.023027931122321	0.07967047523348436
fra-x-bible-perret.txt.clean.txt	234	301	55004	0.005472329285142899	7.576422587477019	9.028284129520541	0.0798187328396639
fra-x-bible-perret.txt.clean.txt	235	302	54945	0.005496405496405497	7.580377249418134	9.031502667752505	0.07987316849898451
fra-x-bible-perret.txt.clean.txt	236	303	54886	0.005520533469372882	7.583819733524094	9.037097020685938	0.07998790893784624
fra-x-bible-perret.txt.clean.txt	237	304	54827	0.005544713371149252	7.590898743265454	9.039002745926721	0.07965986232386468
fra-x-bible-perret.txt.clean.txt	238	305	54769	0.005568843688948127	7.597688642564917	9.041034729102018	0.07936548443002456
fra-x-bible-perret.txt.clean.txt	239	306	54711	0.0055930251686132585	7.604263345158084	9.043092116977494	0.0790957758042754
fra-x-bible-perret.txt.clean.txt	240	307	54653	0.005617257973029843	7.606851047512202	9.053223631290896	0.07930722294057846
fra-x-bible-perret.txt.clean.txt	241	308	54596	0.0056414389332551836	7.61277123737674	9.05546457247128	0.07911360721589233
fra-x-bible-perret.txt.clean.txt	242	309	54539	0.005665670437668457	7.615878311133383	9.059195788503478	0.0792586165904785
fra-x-bible-perret.txt.clean.txt	243	310	54482	0.005689952644910246	7.615341909102128	9.069165145457218	0.07984202071092661
fra-x-bible-perret.txt.clean.txt	244	311	54425	0.005714285714285714	7.6192311794199945	9.07236549532924	0.07988864914566096
fra-x-bible-perret.txt.clean.txt	245	312	54368	0.005738669805768099	7.621893194108222	9.076493110339584	0.0800816915373771
fra-x-bible-perret.txt.clean.txt	246	313	54311	0.00576310508000221	7.626017024981061	9.08018138085466	0.08009653949064832
fra-x-bible-perret.txt.clean.txt	247	314	54255	0.005787485024421712	7.632270909585386	9.082226265960287	0.07985293835100882
fra-x-bible-perret.txt.clean.txt	248	315	54199	0.005811915348991678	7.634941008899654	9.088309059515973	0.08003980717387871
fra-x-bible-perret.txt.clean.txt	249	315	54143	0.005817926601776776	7.634697091600502	9.08792858245594	0.08006919760470188
fra-x-bible-perret.txt.clean.txt	250	316	54088	0.005842331016121876	7.638911445990949	9.091697601569855	0.08006826316218785
fra-x-bible-perret.txt.clean.txt	251	317	54033	0.005866785112801436	7.642162559897363	9.096665773433209	0.08018166661536275
fra-x-bible-perret.txt.clean.txt	252	318	53978	0.005891289043684464	7.646879003033121	9.09971378555436	0.08011708523188898
fra-x-bible-perret.txt.clean.txt	253	319	53923	0.005915842961259574	7.646563387914898	9.110958515017774	0.08065599928753708
fra-x-bible-perret.txt.clean.txt	254	320	53869	0.00594033674283911	7.649526860823263	9.114802224630292	0.08079873154361827
fra-x-bible-perret.txt.clean.txt	255	321	53815	0.0059648796803865095	7.6509530381313855	9.121338783969746	0.08112438231004204
fra-x-bible-perret.txt.clean.txt	256	322	53761	0.00598947192202526	7.6488983467091956	9.137651893919937	0.08186596282062186
fra-x-bible-perret.txt.clean.txt	257	323	53707	0.006014113616474575	7.651074530550636	9.141998320154652	0.08209763370685197
fra-x-bible-perret.txt.clean.txt	258	324	53654	0.006038692362172438	7.6543477142379075	9.145777894254827	0.08219599733923422
fra-x-bible-perret.txt.clean.txt	259	325	53601	0.006063319714184437	7.659548710803811	9.148088309905772	0.08206171073852009
fra-x-bible-perret.txt.clean.txt	260	326	53548	0.00608799581683723	7.6616194403518145	9.155914402335075	0.08230100455852551
fra-x-bible-perret.txt.clean.txt	261	327	53495	0.006112720815029442	7.665514014238731	9.158694647588902	0.08232021124785505
fra-x-bible-perret.txt.clean.txt	262	328	53443	0.006137380012349606	7.668122952548233	9.162512139938174	0.08249174539253812
fra-x-bible-perret.txt.clean.txt	263	329	53391	0.006162087243168324	7.673793721484169	9.164538750724041	0.08229546513007446
fra-x-bible-perret.txt.clean.txt	264	330	53339	0.006186842647968653	7.675604820956585	9.176648181398697	0.08255926267256442
fra-x-bible-perret.txt.clean.txt	265	331	53287	0.006211646367782011	7.67662079634094	9.182311677051285	0.08291632177087971
fra-x-bible-perret.txt.clean.txt	266	332	53236	0.0062363813960477875	7.679884366736909	9.185475312903987	0.08300319900681563
fra-x-bible-perret.txt.clean.txt	267	333	53185	0.006261163861991163	7.680028172006989	9.195769513319384	0.083460868387628
fra-x-bible-perret.txt.clean.txt	268	334	53135	0.00628587559988708	7.682484730931184	9.199543995302616	0.08364077943115722
fra-x-bible-perret.txt.clean.txt	269	335	53085	0.006310633889045869	7.6837475949811695	9.205092377662865	0.08396140189105339
fra-x-bible-perret.txt.clean.txt	270	336	53035	0.006335438861129443	7.689507172360573	9.207008029049625	0.08374447902918825
fra-x-bible-perret.txt.clean.txt	271	337	52985	0.006360290648296687	7.694851520918183	9.209026438452494	0.08357583553728976
fra-x-bible-perret.txt.clean.txt	272	338	52935	0.006385189383205818	7.699904883690582	9.211131342829056	0.08344061570080319
fra-x-bible-perret.txt.clean.txt	273	339	52886	0.006410013992360927	7.702527950095737	9.215284629425494	0.08359330013922572
fra-x-bible-perret.txt.clean.txt	274	340	52837	0.006434884645229668	7.707042149701365	9.218105706276585	0.08351957850099845
fra-x-bible-perret.txt.clean.txt	275	341	52788	0.006459801470031067	7.711525363849545	9.220545124211146	0.0834482545576577
fra-x-bible-perret.txt.clean.txt	276	342	52739	0.006484764595460665	7.715732432625096	9.223443601183234	0.08340845613761849
fra-x-bible-perret.txt.clean.txt	277	343	52690	0.006509774150692731	7.720542819518766	9.22568652146181	0.08329571977072736
fra-x-bible-perret.txt.clean.txt	278	344	52641	0.0065348302653824965	7.724547010117065	9.228285140001908	0.08327743846328284
fra-x-bible-perret.txt.clean.txt	279	345	52592	0.00655993306966839	7.729306958360192	9.230430394836164	0.0831682034871094
fra-x-bible-perret.txt.clean.txt	280	346	52543	0.006585082694174295	7.734888969369192	9.232274885348962	0.08296029645678782
fra-x-bible-perret.txt.clean.txt	281	347	52495	0.006610153347937899	7.740877058635508	9.234073367735311	0.08270316487656015
fra-x-bible-perret.txt.clean.txt	282	348	52448	0.006635143380109823	7.745839787862882	9.236253912323708	0.08256643057348456
fra-x-bible-perret.txt.clean.txt	283	349	52401	0.006660178240873266	7.748845088645378	9.240193557368844	0.08266026495367984
fra-x-bible-perret.txt.clean.txt	284	350	52354	0.006685258050960767	7.754660713720378	9.242077602988584	0.08242018675130813
fra-x-bible-perret.txt.clean.txt	285	351	52307	0.0067103829315388	7.755588228744408	9.255347497900043	0.08275717465786603
fra-x-bible-perret.txt.clean.txt	286	352	52261	0.006735424121237634	7.756705857436782	9.261478941008829	0.08307009180762359
fra-x-bible-perret.txt.clean.txt	287	353	52215	0.006760509432155511	7.759958065931022	9.266022824090784	0.08312923509290115
fra-x-bible-perret.txt.clean.txt	288	354	52169	0.006785638981004045	7.761391807440065	9.270835667726354	0.08340182339221147
fra-x-bible-perret.txt.clean.txt	289	355	52123	0.006810812884906855	7.764978860049107	9.273666380478687	0.08341872610299927
fra-x-bible-perret.txt.clean.txt	290	356	52077	0.006836031261401386	7.768063770027161	9.277009647800266	0.08349361936676081
fra-x-bible-perret.txt.clean.txt	291	357	52031	0.006861294228440737	7.769741603136856	9.286224209166877	0.08373314387687614
fra-x-bible-perret.txt.clean.txt	292	358	51986	0.006886469434078406	7.7727853607401	9.29001736313906	0.08381021408192812
fra-x-bible-perret.txt.clean.txt	293	359	51941	0.006911688261681523	7.775783238554128	9.292989112069428	0.08389140139675821
fra-x-bible-perret.txt.clean.txt	294	360	51896	0.006936950824726376	7.781360955686441	9.294825029662741	0.08366750255610511
fra-x-bible-perret.txt.clean.txt	295	361	51851	0.006962257237083181	7.7850652802623586	9.29755880537547	0.08366312094254758
fra-x-bible-perret.txt.clean.txt	296	362	51807	0.006987472735344644	7.785706928952285	9.304195127509075	0.08401787133766292
fra-x-bible-perret.txt.clean.txt	297	363	51763	0.0070127311013658405	7.7913766826502275	9.306009281774568	0.08377982772650738
fra-x-bible-perret.txt.clean.txt	298	364	51719	0.007038032444556159	7.795690625321818	9.308276967557099	0.08370018847331362
fra-x-bible-perret.txt.clean.txt	299	365	51675	0.007063376874697629	7.797856990785184	9.312993710360734	0.08387175849925788
fra-x-bible-perret.txt.clean.txt	300	366	51631	0.007088764501946505	7.801697253746774	9.315470767242145	0.08384543820195811
fra-x-bible-perret.txt.clean.txt	301	367	51587	0.007114195436834862	7.805867107701956	9.317700323964457	0.08377929807778528
fra-x-bible-perret.txt.clean.txt	302	368	51543	0.0071396697902722	7.810820709769461	9.319610375826091	0.08362011679648362
fra-x-bible-perret.txt.clean.txt	303	369	51500	0.00716504854368932	7.812282368787137	9.324183876893672	0.08386943016849846
fra-x-bible-perret.txt.clean.txt	304	370	51457	0.007190469712575549	7.81446143366552	9.330459202909868	0.08403328700852686
fra-x-bible-perret.txt.clean.txt	305	370	51414	0.007196483448088069	7.8146815347224425	9.329865165462248	0.08400748801478353
fra-x-bible-perret.txt.clean.txt	306	370	51371	0.007202507251172841	7.815008471106927	9.329218844890041	0.08396916639172658
fra-x-bible-perret.txt.clean.txt	307	371	51328	0.007228023690773067	7.8195623445505955	9.331278242218913	0.08385353728956835
fra-x-bible-perret.txt.clean.txt	308	372	51285	0.007253582918982158	7.820571394369897	9.336769029175622	0.08415201457588195
fra-x-bible-perret.txt.clean.txt	309	373	51242	0.007279185043518988	7.8240318162973015	9.339732063998579	0.08416215918255288
fra-x-bible-perret.txt.clean.txt	310	374	51199	0.007304830172464306	7.826663326943061	9.343961885000153	0.0842681673822897
fra-x-bible-perret.txt.clean.txt	311	375	51157	0.00733037511972946	7.828567184220629	9.34807923867103	0.08445807357985591
fra-x-bible-perret.txt.clean.txt	312	376	51115	0.0073559620463660375	7.832713126507457	9.35035151960855	0.08438461949326925
fra-x-bible-perret.txt.clean.txt	313	377	51073	0.007381591055939538	7.834694242910149	9.353944529910088	0.08456308641575372
fra-x-bible-perret.txt.clean.txt	314	378	51031	0.0074072622523564105	7.839484704803036	9.355853362295003	0.08441219993648885
fra-x-bible-perret.txt.clean.txt	315	379	50989	0.007432975739865461	7.842108257277503	9.359466656218018	0.08451333340504541
fra-x-bible-perret.txt.clean.txt	316	380	50947	0.0074587316230592575	7.846698104359116	9.361429793443566	0.08438386094496542
fra-x-bible-perret.txt.clean.txt	317	381	50906	0.0074843829803952384	7.8461760949271735	9.375641172254532	0.08484966510254066
fra-x-bible-perret.txt.clean.txt	318	382	50865	0.007510075690553426	7.850348242937857	9.377910420631329	0.08476672901340698
fra-x-bible-perret.txt.clean.txt	319	383	50824	0.007535809853612466	7.853622463223579	9.380602451825638	0.08478745039871394
fra-x-bible-perret.txt.clean.txt	320	384	50783	0.007561585569974204	7.8554372795330965	9.384286813027085	0.08497710049715157
fra-x-bible-perret.txt.clean.txt	321	385	50742	0.007587402940364984	7.859294264822995	9.386617700264727	0.08492776878828256
fra-x-bible-perret.txt.clean.txt	322	386	50701	0.007613262065836966	7.861820177316426	9.389754396815029	0.08503235533010645
fra-x-bible-perret.txt.clean.txt	323	387	50661	0.0076390122579499025	7.86392732202299	9.393177612104493	0.08518453581111463
fra-x-bible-perret.txt.clean.txt	324	388	50621	0.007664803144939847	7.867051168762709	9.396198254723782	0.08521733730013448
fra-x-bible-perret.txt.clean.txt	325	389	50581	0.007690634823352642	7.87062230747782	9.398694478094775	0.0851971027234969
fra-x-bible-perret.txt.clean.txt	326	390	50541	0.00771650739003977	7.869520283147168	9.411309838168329	0.08571880056977044
fra-x-bible-perret.txt.clean.txt	327	391	50502	0.007742267632965031	7.870490355322675	9.41597464103923	0.08599841010982123
fra-x-bible-perret.txt.clean.txt	328	392	50463	0.007768067693161326	7.873058698081829	9.420322635884459	0.08609125083185565
fra-x-bible-perret.txt.clean.txt	329	393	50424	0.0077939076630176105	7.876529555514617	9.422799581565467	0.0860782969791235
fra-x-bible-perret.txt.clean.txt	330	394	50385	0.007819787635208892	7.87550459715939	9.432653698359449	0.08658579627326524
fra-x-bible-perret.txt.clean.txt	331	395	50346	0.007845707702697335	7.879555129859294	9.434713206747526	0.08650346618239024
fra-x-bible-perret.txt.clean.txt	332	396	50307	0.007871667958733376	7.882178950302892	9.437568002743415	0.08658555934959433
fra-x-bible-perret.txt.clean.txt	333	397	50268	0.007897668496856847	7.883740202111133	9.444791407209664	0.08678969209664178
fra-x-bible-perret.txt.clean.txt	334	398	50229	0.007923709410898087	7.887493855969713	9.446914000727997	0.08673883577063246
fra-x-bible-perret.txt.clean.txt	335	399	50191	0.007949632404215895	7.88835933873117	9.452436899433204	0.08702132902958093
fra-x-bible-perret.txt.clean.txt	336	400	50153	0.007975594680278348	7.8914247385198735	9.45516292037226	0.08704812235827597
fra-x-bible-perret.txt.clean.txt	337	401	50115	0.008001596328444577	7.892475026961265	9.460739848218982	0.08730697070297044
fra-x-bible-perret.txt.clean.txt	338	402	50077	0.00802763743834495	7.893913965881778	9.465045124917228	0.08751973197306961
fra-x-bible-perret.txt.clean.txt	339	403	50039	0.008053718099882092	7.896919343299432	9.46785342753127	0.08755038140609273
fra-x-bible-perret.txt.clean.txt	340	404	50001	0.008079838403231935	7.9012435909077015	9.469780478352323	0.0874277434031342
fra-x-bible-perret.txt.clean.txt	341	405	49963	0.008105998438844745	7.905320927497259	9.471825597578885	0.08733278106827824
fra-x-bible-perret.txt.clean.txt	342	406	49925	0.008132198297446169	7.907555106250038	9.478394096038386	0.08744967513980617
fra-x-bible-perret.txt.clean.txt	343	407	49887	0.008158438070038286	7.910260085861691	9.48128292344023	0.08751124277014133
fra-x-bible-perret.txt.clean.txt	344	408	49849	0.00818471784790066	7.910340098866154	9.49033755750806	0.08787452333744705
fra-x-bible-perret.txt.clean.txt	345	409	49812	0.008210872882036457	7.915291041558225	9.491999766314617	0.08767516811060161
fra-x-bible-perret.txt.clean.txt	346	410	49775	0.008237066800602712	7.920014516225006	9.49367821858445	0.08750127594897228
fra-x-bible-perret.txt.clean.txt	347	411	49738	0.008263299690377578	7.920959104395818	9.502662714999556	0.08776182824275747
fra-x-bible-perret.txt.clean.txt	348	412	49701	0.008289571638397619	7.9252592318283845	9.504413734984464	0.08763497946873233
fra-x-bible-perret.txt.clean.txt	349	413	49664	0.008315882731958763	7.929221563995559	9.5062649908009	0.08754621231512438
fra-x-bible-perret.txt.clean.txt	350	414	49628	0.008342064963327154	7.931222139733179	9.511093550622299	0.08768228692269309
