file	merge	types	tokens	TTR	H	Hcross	R
gug-x-bible.txt.clean.txt	0	85	108621	0.0007825374467184062	4.95843931651998	9.783063107602562	0.22637901698847918
gug-x-bible.txt.clean.txt	1	86	106301	0.0008090234334578226	5.026477080675128	9.71829458818305	0.2178229076233975
gug-x-bible.txt.clean.txt	2	87	104368	0.0008335888394910317	5.091973878027	9.659171643220684	0.20968205272825613
gug-x-bible.txt.clean.txt	3	88	102749	0.0008564560239029091	5.095609872377456	9.663589372610941	0.2111364941653423
gug-x-bible.txt.clean.txt	4	89	101215	0.0008793163068715112	5.121201665806579	9.63202601523422	0.2091704020246672
gug-x-bible.txt.clean.txt	5	90	99757	0.0009021923273554738	5.182004810558427	9.58117752500933	0.20176801081832896
gug-x-bible.txt.clean.txt	6	91	98376	0.000925022363178011	5.220784346105329	9.538236745935428	0.19776442946485973
gug-x-bible.txt.clean.txt	7	92	97175	0.0009467455621301775	5.267760973181319	9.496803127687384	0.19250234631552865
gug-x-bible.txt.clean.txt	8	93	95987	0.0009688812026628606	5.319967280566688	9.453543302733486	0.1864447042439632
gug-x-bible.txt.clean.txt	9	94	94827	0.0009912788551783775	5.3223468045546545	9.447688532408753	0.18799684846862552
gug-x-bible.txt.clean.txt	10	95	93684	0.0010140472225780282	5.3396130098705505	9.424471764429352	0.18725565245305853
gug-x-bible.txt.clean.txt	11	96	92565	0.0010371090584994328	5.374549823711871	9.3896056663795	0.18381466513692768
gug-x-bible.txt.clean.txt	12	97	91652	0.0010583511543665169	5.410919620634043	9.356111039294152	0.1801528671640863
gug-x-bible.txt.clean.txt	13	98	90771	0.001079639973119168	5.452978895249562	9.322158053216675	0.1756284064219661
gug-x-bible.txt.clean.txt	14	99	89963	0.001100452408212265	5.486742215987358	9.292356499025242	0.1723567564055002
gug-x-bible.txt.clean.txt	15	100	89179	0.0011213402258379215	5.52605054737297	9.26240862139617	0.16824651384268696
gug-x-bible.txt.clean.txt	16	101	88428	0.0011421721626634098	5.558434997764552	9.234621298807342	0.16517596171828297
gug-x-bible.txt.clean.txt	17	102	87681	0.00116330790022924	5.599897930718952	9.205065015514236	0.160740264039529
gug-x-bible.txt.clean.txt	18	103	87043	0.0011833231850924256	5.622875924709293	9.183438824741001	0.15907044322360842
gug-x-bible.txt.clean.txt	19	104	86416	0.001203480836882059	5.656407780468886	9.158989987020348	0.15581543623854177
gug-x-bible.txt.clean.txt	20	105	85800	0.0012237762237762239	5.692067263328623	9.134933332216267	0.15224022589701336
gug-x-bible.txt.clean.txt	21	106	85222	0.0012438102837295534	5.7039341644806765	9.122001367443533	0.15219952390905656
gug-x-bible.txt.clean.txt	22	107	84651	0.001264013419806027	5.7203380669379	9.106270718666591	0.15146983906070643
gug-x-bible.txt.clean.txt	23	108	84082	0.001284460407697248	5.747424359582874	9.086012173024548	0.14914580624146911
gug-x-bible.txt.clean.txt	24	109	83531	0.0013049047658952964	5.76303529352848	9.073736719753727	0.14851088312840455
gug-x-bible.txt.clean.txt	25	110	82989	0.001325476870428611	5.771583985828081	9.066643661634934	0.14890461063180216
gug-x-bible.txt.clean.txt	26	111	82456	0.0013461725041234113	5.797497262308269	9.048087654617985	0.14672616802559246
gug-x-bible.txt.clean.txt	27	112	81931	0.0013670039423417267	5.814367279223505	9.03352562362879	0.1458698208340159
gug-x-bible.txt.clean.txt	28	113	81426	0.0013877631223442144	5.812013938161102	9.05157079239784	0.1478209046727229
gug-x-bible.txt.clean.txt	29	114	80925	0.0014087117701575534	5.8426673746579265	9.032329136439815	0.1449200320002313
gug-x-bible.txt.clean.txt	30	115	80433	0.0014297614163340916	5.874072114620474	9.01385427385148	0.14190626662146533
gug-x-bible.txt.clean.txt	31	116	79941	0.0014510701642461315	5.898272070323106	8.999909666180837	0.13994044682922213
gug-x-bible.txt.clean.txt	32	117	79450	0.0014726242920075519	5.924614509750708	8.982593779702544	0.13765647799408876
gug-x-bible.txt.clean.txt	33	118	78982	0.0014940112937124916	5.928188239120658	8.983330534992184	0.13867562263448785
gug-x-bible.txt.clean.txt	34	119	78543	0.0015150936429726392	5.946557120490315	8.970255631998134	0.1375323721917604
gug-x-bible.txt.clean.txt	35	120	78105	0.0015363933166890724	5.974211653936248	8.954054263068356	0.13503600915081515
gug-x-bible.txt.clean.txt	36	121	77670	0.0015578730526586843	5.9661425212289565	8.977735892546834	0.13769902415659308
gug-x-bible.txt.clean.txt	37	122	77245	0.0015793902517962327	5.975499775917656	8.979709897659296	0.13782625356007638
gug-x-bible.txt.clean.txt	38	123	76822	0.0016011038504595038	5.97575088433681	8.984392102264982	0.1392526613028935
gug-x-bible.txt.clean.txt	39	124	76408	0.00162286671552717	6.004164378343333	8.9686788442913	0.13661275719590515
gug-x-bible.txt.clean.txt	40	125	76008	0.0016445637301336702	6.009797780222633	8.980497340626705	0.1372403257655328
gug-x-bible.txt.clean.txt	41	126	75627	0.0016660716410805665	6.0302098855741235	8.967897877146944	0.1357362823778937
gug-x-bible.txt.clean.txt	42	127	75271	0.0016872367844189661	6.035496035104546	8.979964231533422	0.13639027862735997
gug-x-bible.txt.clean.txt	43	128	74920	0.0017084890549919915	6.051561189137295	8.975888506669783	0.13549125869467216
gug-x-bible.txt.clean.txt	44	129	74575	0.0017298022125377137	6.067922992182011	8.965833162504113	0.13454196089730053
gug-x-bible.txt.clean.txt	45	130	74238	0.0017511247609041192	6.08600718598536	8.955337746135811	0.13333972984238784
gug-x-bible.txt.clean.txt	46	131	73901	0.0017726417775131595	6.097021250839522	8.94934977858511	0.13313599231743034
gug-x-bible.txt.clean.txt	47	132	73577	0.001794038898025198	6.104923075684857	8.948521799974042	0.13336435011378323
gug-x-bible.txt.clean.txt	48	133	73261	0.0018154270348480091	6.120536321274052	8.93976790038835	0.13248882986223576
gug-x-bible.txt.clean.txt	49	134	72955	0.0018367486806935781	6.137117976631525	8.932274325591143	0.1314689340577181
gug-x-bible.txt.clean.txt	50	135	72651	0.0018581987859767931	6.151063736334644	8.924693968225569	0.1308147496597173
gug-x-bible.txt.clean.txt	51	136	72351	0.0018797252284004369	6.159348621558086	8.922191691522425	0.13095154648155005
gug-x-bible.txt.clean.txt	52	137	72055	0.0019013253764485463	6.173763443006523	8.914731004953364	0.13021477349655752
gug-x-bible.txt.clean.txt	53	138	71764	0.0019229697341285323	6.19345836676235	8.906710386732863	0.12872799349283792
gug-x-bible.txt.clean.txt	54	139	71480	0.001944599888080582	6.2097909957226225	8.901551612531545	0.12770861111413434
gug-x-bible.txt.clean.txt	55	140	71199	0.0019663197516819057	6.224114964481428	8.89615293040536	0.1269648084263345
gug-x-bible.txt.clean.txt	56	141	70921	0.0019881276349741264	6.244661606848866	8.887696136115226	0.12534257425703044
gug-x-bible.txt.clean.txt	57	142	70645	0.0020100502512562816	6.26325176669114	8.88028555231658	0.12398974928709872
gug-x-bible.txt.clean.txt	58	143	70371	0.0020320870813261144	6.275559676093951	8.876044349974503	0.12350943460980368
gug-x-bible.txt.clean.txt	59	144	70107	0.002054003166588215	6.288222424772592	8.87234011846168	0.12297235696222142
gug-x-bible.txt.clean.txt	60	145	69843	0.0020760849333505147	6.3047030821887695	8.865198256865433	0.12189653056238692
gug-x-bible.txt.clean.txt	61	146	69581	0.0020982739540966644	6.317898016190111	8.8600125849865	0.12127229747393575
gug-x-bible.txt.clean.txt	62	147	69325	0.002120447169130905	6.326006979290254	8.859045824954917	0.12134793414212897
gug-x-bible.txt.clean.txt	63	148	69071	0.0021427227056217517	6.342652027803226	8.85235404154405	0.12023121502639822
gug-x-bible.txt.clean.txt	64	149	68819	0.002165099754428283	6.365680393518124	8.844040240015266	0.11822526715159687
gug-x-bible.txt.clean.txt	65	150	68571	0.00218751367196045	6.378081263458484	8.839308949386366	0.11768692278254356
gug-x-bible.txt.clean.txt	66	151	68324	0.002210057959135882	6.386474610130364	8.839771827126494	0.11769584043377912
gug-x-bible.txt.clean.txt	67	152	68078	0.002232733041511208	6.403284884843332	8.833280024928932	0.1165357444639995
gug-x-bible.txt.clean.txt	68	153	67834	0.002255506088392252	6.423410240363697	8.826164792013495	0.11491429428960098
gug-x-bible.txt.clean.txt	69	154	67591	0.0022784098474648994	6.439128515934444	8.821896659717542	0.11389601443849628
gug-x-bible.txt.clean.txt	70	155	67349	0.002301444713358773	6.450048844618198	8.823716066786336	0.11353235797579853
gug-x-bible.txt.clean.txt	71	156	67112	0.0023244725235427345	6.459276777896935	8.822358755053743	0.11339462340547735
gug-x-bible.txt.clean.txt	72	157	66880	0.002347488038277512	6.477560839664406	8.816134991555105	0.11200855224054906
gug-x-bible.txt.clean.txt	73	158	66649	0.0023706282164773665	6.497335914255103	8.809616107297119	0.11041471009699666
gug-x-bible.txt.clean.txt	74	159	66419	0.0023938933136602478	6.494459203534085	8.828882821600585	0.11191533581962643
gug-x-bible.txt.clean.txt	75	160	66192	0.00241721053903795	6.498962534474007	8.833529092505849	0.11239738355092599
gug-x-bible.txt.clean.txt	76	161	65972	0.0024404292730249195	6.505610805836145	8.83428426052797	0.11257883372573796
gug-x-bible.txt.clean.txt	77	162	65760	0.0024635036496350364	6.511625475321287	8.840890858281028	0.11283943503448135
gug-x-bible.txt.clean.txt	78	163	65551	0.002486613476529725	6.52869051040746	8.835770173227129	0.11158905685624998
gug-x-bible.txt.clean.txt	79	164	65344	0.002509794319294809	6.5446268955399995	8.830831234834847	0.11048853050142748
gug-x-bible.txt.clean.txt	80	165	65139	0.0025330447197531433	6.557312410728642	8.827229470071194	0.10982547056557213
gug-x-bible.txt.clean.txt	81	166	64941	0.0025561663663941116	6.563333792524381	8.8308170685627	0.11006119307951945
gug-x-bible.txt.clean.txt	82	167	64941	0.002571564958962751	6.564762795300424	8.849026248685565	0.11091201174027865
gug-x-bible.txt.clean.txt	83	168	64745	0.0025947949648621516	6.560284301956836	8.888769693415632	0.11255375996951777
gug-x-bible.txt.clean.txt	84	169	64555	0.002617922701572303	6.572556405345802	8.885690047924628	0.11192224357494585
gug-x-bible.txt.clean.txt	85	170	64367	0.002641104914008731	6.585621146442562	8.881980102933749	0.11117915045855942
gug-x-bible.txt.clean.txt	86	171	64182	0.0026642984014209592	6.589832492312915	8.892195818630913	0.11162530138087001
gug-x-bible.txt.clean.txt	87	172	64001	0.0026874580084686175	6.60592957765683	8.887866341424033	0.11046403597795995
gug-x-bible.txt.clean.txt	88	173	63822	0.0027106640343455236	6.615535128215166	8.886462842686937	0.1101727045848434
gug-x-bible.txt.clean.txt	89	174	63645	0.002733914683007306	6.628605875005003	8.883006018927695	0.10941069501574463
gug-x-bible.txt.clean.txt	90	175	63469	0.0027572515716333956	6.6453549530974545	8.878769611946407	0.10815103030099305
gug-x-bible.txt.clean.txt	91	176	63296	0.002780586450960566	6.659871433075681	8.875093402620926	0.10718781623574714
gug-x-bible.txt.clean.txt	92	177	63125	0.0028039603960396038	6.671607159353954	8.87239632902233	0.10659352390676247
gug-x-bible.txt.clean.txt	93	178	62957	0.002827326587988627	6.682785208281753	8.870034706048887	0.106069622466747
gug-x-bible.txt.clean.txt	94	179	62790	0.0028507724159898074	6.694495198084725	8.867485843360425	0.10547033794945593
gug-x-bible.txt.clean.txt	95	180	62626	0.002874205601507361	6.708388867734289	8.864340776856542	0.1045754926747311
gug-x-bible.txt.clean.txt	96	181	62463	0.0028977154475449468	6.710334469486864	8.871088175525816	0.10527035214898173
gug-x-bible.txt.clean.txt	97	182	62300	0.0029213483146067415	6.7255805424662345	8.867837165963156	0.10418693307676308
gug-x-bible.txt.clean.txt	98	183	62139	0.0029450103799546178	6.739762347679016	8.86498268935436	0.1032422139389465
gug-x-bible.txt.clean.txt	99	184	61982	0.0029686037881965733	6.750918391308527	8.862974115258014	0.1026965112085575
gug-x-bible.txt.clean.txt	100	185	61828	0.002992171831532639	6.761669013652146	8.861362825697785	0.10220069862341019
gug-x-bible.txt.clean.txt	101	186	61675	0.0030158086745034453	6.772904796422435	8.860983074957812	0.10163653981616805
gug-x-bible.txt.clean.txt	102	187	61524	0.0030394642741044145	6.77971103173397	8.861959993525963	0.10165551303669473
gug-x-bible.txt.clean.txt	103	188	61374	0.0030631863655619642	6.786262065771412	8.863824151821982	0.10170332244296842
gug-x-bible.txt.clean.txt	104	189	61224	0.0030870246961975695	6.798572672758253	8.862280746938055	0.10098456365493724
gug-x-bible.txt.clean.txt	105	190	61076	0.003110878250049119	6.796678173197465	8.877527064400471	0.10213899381152902
gug-x-bible.txt.clean.txt	106	191	60928	0.0031348476890756304	6.803279667896777	8.879616748173678	0.10216515096449275
gug-x-bible.txt.clean.txt	107	192	60782	0.00315882991675167	6.814974960854666	8.877743501925547	0.10151500944049252
gug-x-bible.txt.clean.txt	108	193	60636	0.0031829276337489282	6.8308215303230995	8.874695111516605	0.10031476018980978
gug-x-bible.txt.clean.txt	109	194	60491	0.0032070886578168655	6.84499424543697	8.872171846836622	0.09933253346796345
gug-x-bible.txt.clean.txt	110	195	60346	0.003231365790607497	6.8573009350183245	8.870749306023562	0.09859298174231645
gug-x-bible.txt.clean.txt	111	196	60202	0.003255705790505299	6.867369460565429	8.8694989623879	0.0981443021269337
gug-x-bible.txt.clean.txt	112	197	60060	0.0032800532800532803	6.875952662363195	8.869009585975572	0.09788691742932742
gug-x-bible.txt.clean.txt	113	198	59919	0.0033044610223802134	6.880512502299325	8.873160699481037	0.09815298393699556
gug-x-bible.txt.clean.txt	114	199	59779	0.0033289282189397614	6.881894930429881	8.88302228823342	0.09883027222307528
gug-x-bible.txt.clean.txt	115	200	59639	0.003353510286892805	6.897004044001658	8.880284710127707	0.09770620053947887
gug-x-bible.txt.clean.txt	116	201	59500	0.003378151260504202	6.905514723956783	8.879785509025837	0.09744241671791243
gug-x-bible.txt.clean.txt	117	202	59361	0.0034029076329576656	6.919030365569571	8.877525522169197	0.09652137693599139
gug-x-bible.txt.clean.txt	118	203	59224	0.0034276644603539108	6.932535050417	8.875495037891007	0.09559931550100564
gug-x-bible.txt.clean.txt	119	204	59089	0.003452419232005957	6.944041290028999	8.874500014053336	0.09493530656569815
gug-x-bible.txt.clean.txt	120	205	58955	0.003477228394538207	6.955239071075759	8.873433004908463	0.09430860149977183
gug-x-bible.txt.clean.txt	121	206	58822	0.0035020910543674135	6.961462374343189	8.875255227597627	0.09432616966276663
gug-x-bible.txt.clean.txt	122	207	58691	0.0035269462098107035	6.963407611851932	8.892221982072948	0.0948957669884316
gug-x-bible.txt.clean.txt	123	208	58562	0.003551791263959564	6.976360258085896	8.890517297732416	0.09403092376002531
gug-x-bible.txt.clean.txt	124	209	58434	0.003576684806790567	6.984387550817563	8.890839531093846	0.09380276290150336
gug-x-bible.txt.clean.txt	125	210	58309	0.0036015023409765217	6.989589710356094	8.897334470194988	0.09393735338738174
gug-x-bible.txt.clean.txt	126	211	58184	0.0036264265090059124	6.994583747452461	8.899983371487973	0.09409482037445127
gug-x-bible.txt.clean.txt	127	212	58060	0.0036513951085084396	7.003775630371003	8.899667936963189	0.09370500491689215
gug-x-bible.txt.clean.txt	128	213	57936	0.003676470588235294	7.009190051046641	8.902827871287075	0.09380049217129027
gug-x-bible.txt.clean.txt	129	214	57812	0.003701653635923338	7.020526024159038	8.90144852134138	0.09312717647811863
gug-x-bible.txt.clean.txt	130	215	57689	0.0037268803411395586	7.022866164707889	8.909113682809364	0.09361236858217892
gug-x-bible.txt.clean.txt	131	216	57566	0.0037522148490428376	7.0269545579947135	8.916171439010721	0.09386763431006251
gug-x-bible.txt.clean.txt	132	217	57445	0.0037775263295325963	7.035588017074493	8.915932588240555	0.0935332633424294
gug-x-bible.txt.clean.txt	133	218	57325	0.0038028783253379853	7.044410606362751	8.917222592473037	0.09317154281543893
gug-x-bible.txt.clean.txt	134	219	57205	0.003828336683856306	7.049248569769612	8.920954840969914	0.09331940338296285
gug-x-bible.txt.clean.txt	135	220	57088	0.0038536995515695066	7.060272967825732	8.919805189871479	0.09266847597928396
gug-x-bible.txt.clean.txt	136	221	56973	0.003879030417917259	7.0693245326348	8.919435818003043	0.09226849222581734
gug-x-bible.txt.clean.txt	137	222	56860	0.0039043264157580023	7.077331280933756	8.919709305919696	0.09199978519392749
gug-x-bible.txt.clean.txt	138	223	56748	0.003929653908507789	7.086784148529024	8.919842386424694	0.09154274001113327
gug-x-bible.txt.clean.txt	139	224	56637	0.003955011741441108	7.092150121790056	8.922384099675295	0.09160654375362476
gug-x-bible.txt.clean.txt	140	225	56526	0.003980469164632205	7.101063229742426	8.922806809187088	0.09121294083275988
gug-x-bible.txt.clean.txt	141	226	56416	0.004005955757231991	7.109759989442839	8.923178052318061	0.09084433698854155
gug-x-bible.txt.clean.txt	142	227	56308	0.004031398735526035	7.11397763912786	8.929433499725853	0.09104535023582339
gug-x-bible.txt.clean.txt	143	228	56200	0.004056939501779359	7.12624217954652	8.928379194659165	0.09021546751458809
gug-x-bible.txt.clean.txt	144	229	56092	0.004082578620837196	7.134195799428906	8.928624362737631	0.08993362179696396
gug-x-bible.txt.clean.txt	145	230	55985	0.004108243279449852	7.145753767194549	8.9278151619969	0.0891896209422377
gug-x-bible.txt.clean.txt	146	231	55880	0.004133858267716535	7.148898320293223	8.931741877613664	0.0895151790276878
gug-x-bible.txt.clean.txt	147	232	55775	0.00415956969968624	7.157393776139041	8.931784412855297	0.0891561355802385
gug-x-bible.txt.clean.txt	148	233	55671	0.004185302940489663	7.160513834671747	8.938779454425486	0.08947808419576353
gug-x-bible.txt.clean.txt	149	234	55568	0.004211056723293982	7.16489434471479	8.943551559853505	0.08963630022294022
gug-x-bible.txt.clean.txt	150	235	55465	0.004236906157035969	7.17371972638673	8.94445019531206	0.08922690383910925
gug-x-bible.txt.clean.txt	151	236	55363	0.004262774777378394	7.182073816181587	8.944946030376956	0.08887491527819091
gug-x-bible.txt.clean.txt	152	237	55262	0.004288661286236474	7.193646211831791	8.944185933819224	0.0881125187036027
gug-x-bible.txt.clean.txt	153	238	55161	0.004314642591686155	7.20035202821062	8.945145238535755	0.08796475813855154
gug-x-bible.txt.clean.txt	154	239	55062	0.004340561548799535	7.204576385853536	8.949343262208723	0.08812835845098443
gug-x-bible.txt.clean.txt	155	240	54964	0.004366494432719598	7.211823922676839	8.95030671827018	0.08790644875214526
gug-x-bible.txt.clean.txt	156	241	54867	0.004392439900122114	7.216456929081744	8.962613442590325	0.08801240325193627
gug-x-bible.txt.clean.txt	157	242	54771	0.00441839659673915	7.226806670587542	8.962347090580469	0.08739342326680155
gug-x-bible.txt.clean.txt	158	243	54675	0.0044444444444444444	7.236802577322711	8.962266795998948	0.08681718664889881
gug-x-bible.txt.clean.txt	159	244	54580	0.004470502015390253	7.2412244149707465	8.973527288496378	0.08694184326674814
gug-x-bible.txt.clean.txt	160	245	54487	0.004496485400187201	7.24275722933719	8.985971330164006	0.08742753732729602
gug-x-bible.txt.clean.txt	161	246	54394	0.004522557635033276	7.245969698955407	8.997691493393162	0.08769827312441048
gug-x-bible.txt.clean.txt	162	247	54301	0.004548719176442423	7.2449149700754365	9.008762323508922	0.0885027378596589
gug-x-bible.txt.clean.txt	163	248	54208	0.004574970484061393	7.253494909706817	9.008821772821808	0.08809204265741555
gug-x-bible.txt.clean.txt	164	249	54116	0.004601226993865031	7.262462717763321	9.008746122315344	0.08763053329103054
gug-x-bible.txt.clean.txt	165	250	54024	0.004627572930549386	7.27107627396029	9.00874468100838	0.08721150182781623
gug-x-bible.txt.clean.txt	166	251	53933	0.00465392245934771	7.280554320723599	9.008665630679037	0.08668198681354655
gug-x-bible.txt.clean.txt	167	252	53842	0.004680361056424353	7.283601415348546	9.01227172583615	0.08695677158173853
gug-x-bible.txt.clean.txt	168	253	53752	0.004706801607382051	7.287968149671217	9.016935986299703	0.08706325747602872
gug-x-bible.txt.clean.txt	169	254	53663	0.004733242643907348	7.291519304843627	9.02248707453691	0.08726910740173788
gug-x-bible.txt.clean.txt	170	255	53575	0.004759682687820812	7.29702146796058	9.024426103138477	0.08722806345828438
gug-x-bible.txt.clean.txt	171	256	53487	0.004786209733206199	7.303332342951427	9.025440663756836	0.08708345713107157
gug-x-bible.txt.clean.txt	172	257	53400	0.004812734082397004	7.311468835331783	9.026285693966207	0.08670850220324078
gug-x-bible.txt.clean.txt	173	258	53314	0.004839254229658251	7.317875068858539	9.027853363608326	0.08654756187266377
gug-x-bible.txt.clean.txt	174	259	53228	0.00486586007364545	7.322409963446592	9.03104213387046	0.08661780341018332
gug-x-bible.txt.clean.txt	175	260	53143	0.004892459966505466	7.332266590331589	9.030866923132507	0.08602213695265004
gug-x-bible.txt.clean.txt	176	261	53058	0.0049191450865091035	7.338662965231363	9.033565488040034	0.08585589213837552
gug-x-bible.txt.clean.txt	177	262	52973	0.004945915843920488	7.342559486130012	9.037670550301435	0.08599864780868871
gug-x-bible.txt.clean.txt	178	263	52889	0.00497267862882641	7.348870733018712	9.04022457213241	0.08583843887377418
gug-x-bible.txt.clean.txt	179	264	52806	0.004999431882740598	7.355495410890635	9.041407461648866	0.08563711551750275
gug-x-bible.txt.clean.txt	180	265	52723	0.0050262693701041295	7.362130825408943	9.042447105483284	0.08543238047485491
gug-x-bible.txt.clean.txt	181	266	52640	0.0050531914893617025	7.365089010039227	9.047056970225938	0.08568208886384243
gug-x-bible.txt.clean.txt	182	267	52558	0.005080101982571635	7.373580523288795	9.047224554587148	0.08524269048502708
gug-x-bible.txt.clean.txt	183	268	52477	0.005106999256817272	7.381051029444652	9.047781330955926	0.08492816591013197
gug-x-bible.txt.clean.txt	184	269	52396	0.005133979693106344	7.388624500617568	9.048571015846814	0.08459902695039856
gug-x-bible.txt.clean.txt	185	270	52316	0.005160945026378164	7.391495879887019	9.056251455500071	0.08485023694413063
gug-x-bible.txt.clean.txt	186	271	52237	0.005187893638608649	7.395880665482508	9.058827676048304	0.08491162095130123
gug-x-bible.txt.clean.txt	187	272	52158	0.005214923885118294	7.403822995985097	9.059239530568144	0.084530817474464
gug-x-bible.txt.clean.txt	188	273	52080	0.005241935483870968	7.411725336432827	9.0599286091246	0.0841532487171136
gug-x-bible.txt.clean.txt	189	274	52002	0.005269028114303296	7.420074553334292	9.060277027156681	0.08371880015797417
gug-x-bible.txt.clean.txt	190	275	51924	0.005296202141591557	7.420836070517108	9.066829410514007	0.08421911624395972
gug-x-bible.txt.clean.txt	191	276	51847	0.005323355256813316	7.427806110893699	9.067748464538967	0.0839509518054713
gug-x-bible.txt.clean.txt	192	277	51771	0.00535048579320469	7.434074229875832	9.068991548721286	0.08376750484102535
gug-x-bible.txt.clean.txt	193	278	51696	0.005377592076756422	7.4383213774366475	9.072069588549033	0.08383109191092386
gug-x-bible.txt.clean.txt	194	279	51621	0.005404777125588424	7.443468729168701	9.075666157122331	0.08378168623225957
gug-x-bible.txt.clean.txt	195	280	51547	0.005431935903156343	7.443215741835676	9.09102135309978	0.08439456144892832
gug-x-bible.txt.clean.txt	196	281	51473	0.005459172770190197	7.448541579277526	9.092556376871546	0.08431876003823369
gug-x-bible.txt.clean.txt	197	282	51400	0.0054863813229571986	7.451034000637808	9.100602082366091	0.08458910349623561
gug-x-bible.txt.clean.txt	198	283	51327	0.005513667270637287	7.4552491102429235	9.105028766615959	0.08464555688333619
gug-x-bible.txt.clean.txt	199	284	51254	0.0055410309439263275	7.454748609784209	9.11431852565811	0.08527853680970554
gug-x-bible.txt.clean.txt	200	285	51181	0.005568472675406889	7.4634556875850375	9.114636967862978	0.08477962502923675
gug-x-bible.txt.clean.txt	201	286	51108	0.005595992799561712	7.466205482472654	9.12123824389986	0.08500941077088131
gug-x-bible.txt.clean.txt	202	287	51035	0.005623591652787303	7.469558222499785	9.12410357662504	0.08516309009036205
gug-x-bible.txt.clean.txt	203	288	50963	0.005651158683750957	7.471304599506899	9.129781521312497	0.08551123808505945
gug-x-bible.txt.clean.txt	204	289	50891	0.0056788037177497004	7.47438286638533	9.136416953166439	0.0856940898698243
gug-x-bible.txt.clean.txt	205	290	50820	0.005706414797323888	7.481658760261204	9.137327676088617	0.08536162469165731
gug-x-bible.txt.clean.txt	206	291	50749	0.005734103135037144	7.483996327937266	9.144604910816172	0.08563099443882038
gug-x-bible.txt.clean.txt	207	292	50678	0.005761869055605983	7.4910453861218045	9.145299179950086	0.08532285004817897
gug-x-bible.txt.clean.txt	208	293	50608	0.005789598482453367	7.497454262705218	9.146224450973511	0.08509130949269539
gug-x-bible.txt.clean.txt	209	293	50538	0.005797617634255412	7.493423017795549	9.155440538798288	0.08558323926941513
gug-x-bible.txt.clean.txt	210	294	50469	0.005825358140640789	7.497502421845788	9.15849771363169	0.08563390016831063
gug-x-bible.txt.clean.txt	211	295	50400	0.005853174603174603	7.50222727697916	9.161240048824611	0.08560397063073011
gug-x-bible.txt.clean.txt	212	296	50331	0.005881067334247283	7.509546226252589	9.161731801517316	0.08525624157958023
gug-x-bible.txt.clean.txt	213	297	50262	0.005909036647964665	7.512363117383571	9.168139859144807	0.0854551659235715
gug-x-bible.txt.clean.txt	214	298	50194	0.005936964577439535	7.519967629394473	9.168643656152952	0.08506954071168904
gug-x-bible.txt.clean.txt	215	299	50126	0.005964968279934565	7.526137187467331	9.169548981175463	0.08485704580049469
gug-x-bible.txt.clean.txt	216	300	50059	0.005992928344553427	7.531892136040404	9.17087894198174	0.08469339046932867
gug-x-bible.txt.clean.txt	217	301	49992	0.006020963354136662	7.539554930510419	9.171440706661276	0.08429643018469224
gug-x-bible.txt.clean.txt	218	302	49925	0.006049073610415624	7.544955512412789	9.172720106278312	0.08417275538821112
gug-x-bible.txt.clean.txt	219	303	49858	0.006077259416743552	7.551083894073934	9.17368783467475	0.08395917528692398
gug-x-bible.txt.clean.txt	220	304	49792	0.006105398457583547	7.558228862990048	9.174303055765325	0.0836208428516586
gug-x-bible.txt.clean.txt	221	305	49726	0.006133612194827656	7.565200731064946	9.174916114909195	0.08330214123089574
gug-x-bible.txt.clean.txt	222	306	49660	0.0061619009262988324	7.5721683338635914	9.17569590240062	0.08298259956814824
gug-x-bible.txt.clean.txt	223	307	49594	0.006190264951405412	7.5781310207027595	9.17666637298588	0.0827833421751012
gug-x-bible.txt.clean.txt	224	308	49529	0.0062185790143148454	7.5860483184622325	9.17724294488017	0.08234617149984458
gug-x-bible.txt.clean.txt	225	309	49464	0.006246967491508976	7.589706036368544	9.179645642561699	0.08242278170571204
gug-x-bible.txt.clean.txt	226	310	49400	0.006275303643724696	7.596626581174051	9.180319349403451	0.08210338448599863
gug-x-bible.txt.clean.txt	227	311	49336	0.006303713312793903	7.603123205218168	9.1811255045041	0.08183387558037036
gug-x-bible.txt.clean.txt	228	312	49272	0.0063321967851924016	7.607966931203927	9.183247521847537	0.0817625107102341
gug-x-bible.txt.clean.txt	229	313	49209	0.006360625088906501	7.616102755644885	9.183727612667191	0.08129246793414568
gug-x-bible.txt.clean.txt	230	314	49147	0.006388996276476692	7.6175692805063075	9.188759139996035	0.08162536767890105
gug-x-bible.txt.clean.txt	231	315	49085	0.006417439136192319	7.617294267664729	9.198127745042092	0.08216612346765362
gug-x-bible.txt.clean.txt	232	316	49023	0.006445953939987353	7.620834571883919	9.200529144944138	0.08224520817738445
gug-x-bible.txt.clean.txt	233	317	48961	0.006474540961173178	7.626286391326591	9.202422463368656	0.08209253815216211
gug-x-bible.txt.clean.txt	234	318	48900	0.006503067484662577	7.63309813138963	9.203173845466067	0.08177485807888074
gug-x-bible.txt.clean.txt	235	319	48839	0.0065316652675116195	7.6353326341264465	9.206842582916439	0.08200626941479583
gug-x-bible.txt.clean.txt	236	320	48779	0.006560200086102626	7.640729433757907	9.208294326295922	0.08185586962088198
gug-x-bible.txt.clean.txt	237	321	48720	0.0065886699507389165	7.6461858740011674	9.209612031659244	0.08169691632808551
gug-x-bible.txt.clean.txt	238	322	48661	0.006617208853085634	7.650086240257047	9.21245048980617	0.08172337424781151
gug-x-bible.txt.clean.txt	239	323	48602	0.006645817044566067	7.655129573897353	9.213940951092994	0.08161114859047902
gug-x-bible.txt.clean.txt	240	324	48543	0.006674494777825845	7.661646117624007	9.215092261487122	0.08132087328021931
gug-x-bible.txt.clean.txt	241	325	48484	0.006703242306740368	7.66690909719994	9.21785269376722	0.08117962476298002
gug-x-bible.txt.clean.txt	242	326	48426	0.0067319208689546935	7.670308462665609	9.220754323149599	0.08126024455852587
gug-x-bible.txt.clean.txt	243	327	48368	0.0067606682103870325	7.672639365079565	9.224250390149077	0.08146719728920127
gug-x-bible.txt.clean.txt	244	328	48310	0.006789484578762161	7.679494968437305	9.22505360236115	0.08113105797081599
gug-x-bible.txt.clean.txt	245	329	48253	0.006818228918409218	7.683998451698836	9.226778647576527	0.08107508736973601
gug-x-bible.txt.clean.txt	246	329	48197	0.00682615100524929	7.688317643821673	9.223528128008727	0.08055855769198295
gug-x-bible.txt.clean.txt	247	330	48141	0.0068548638374774104	7.693232660642009	9.225416367308828	0.08045226281838624
gug-x-bible.txt.clean.txt	248	331	48085	0.006883643547883955	7.699734001715505	9.226621817492033	0.08015511420795363
gug-x-bible.txt.clean.txt	249	332	48029	0.006912490370401216	7.706603691297775	9.227550238783197	0.07981284691595159
gug-x-bible.txt.clean.txt	250	333	47974	0.006941259849084921	7.712611360465408	9.228685012926519	0.07957237129022265
gug-x-bible.txt.clean.txt	251	334	47919	0.006970095369268975	7.712567120246367	9.23641094165227	0.08005258162912032
gug-x-bible.txt.clean.txt	252	335	47864	0.0069989971586160785	7.718205258360714	9.23762335880564	0.07985343904269993
gug-x-bible.txt.clean.txt	253	336	47809	0.007027965445836558	7.718912203378095	9.24399542764558	0.08024067554605141
gug-x-bible.txt.clean.txt	254	337	47754	0.007057000460694392	7.725560726808554	9.244840763232524	0.07991849942457951
gug-x-bible.txt.clean.txt	255	338	47699	0.007086102434013292	7.730556194328426	9.24692762881547	0.07979203213638897
gug-x-bible.txt.clean.txt	256	339	47644	0.007115271597682814	7.7371882079859216	9.247931887267224	0.07946960299002248
gug-x-bible.txt.clean.txt	257	340	47590	0.007144358058415633	7.740868549212394	9.250163425628674	0.07949712315697743
gug-x-bible.txt.clean.txt	258	341	47536	0.007173510602490744	7.741282509581779	9.25712198876182	0.07991147518218977
gug-x-bible.txt.clean.txt	259	342	47482	0.007202729455372562	7.747480405293141	9.25808123601265	0.07963695115913338
gug-x-bible.txt.clean.txt	260	343	47429	0.007231862362689493	7.755438998972372	9.258648791636862	0.07915229646273203
gug-x-bible.txt.clean.txt	261	344	47377	0.00726090719125314	7.760331990622352	9.260475385502247	0.07903060056451894
gug-x-bible.txt.clean.txt	262	345	47325	0.007290015847860539	7.764981538044154	9.262494694210218	0.07893657066961446
gug-x-bible.txt.clean.txt	263	346	47273	0.00731918854314302	7.770982557336502	9.263764915550292	0.0786810814169302
gug-x-bible.txt.clean.txt	264	347	47221	0.007348425488659707	7.772173201708357	9.271162784194543	0.07899456018295259
gug-x-bible.txt.clean.txt	265	348	47170	0.007377570489718041	7.7778995546411664	9.272552031782398	0.07876920431062395
gug-x-bible.txt.clean.txt	266	349	47119	0.00740677858188841	7.776283139269965	9.287277576976486	0.07941203714654144
gug-x-bible.txt.clean.txt	267	350	47068	0.0074360499702558	7.780116226511028	9.290805214121356	0.07940813173886019
gug-x-bible.txt.clean.txt	268	351	47017	0.007465384860795032	7.779757002537428	9.300143095329439	0.07989876679696362
gug-x-bible.txt.clean.txt	269	352	46966	0.007494783460375591	7.784274263487129	9.301753373169461	0.07981119602204745
gug-x-bible.txt.clean.txt	270	353	46915	0.007524245976766493	7.785071149101379	9.308967957307866	0.08016202166469066
gug-x-bible.txt.clean.txt	271	354	46864	0.007553772618641174	7.789690718815342	9.311624533058842	0.08005980288737125
gug-x-bible.txt.clean.txt	272	355	46814	0.0075832016063570725	7.794386664286585	9.313086064398187	0.07994741688808527
gug-x-bible.txt.clean.txt	273	356	46764	0.00761269352493371	7.7995302930984405	9.314377607787678	0.07978107657296363
gug-x-bible.txt.clean.txt	274	357	46715	0.0076420849834100395	7.8035764899855895	9.316589575301283	0.07974307741344899
gug-x-bible.txt.clean.txt	275	358	46666	0.007671538164830926	7.809852341151306	9.317509549108367	0.07944107389968347
gug-x-bible.txt.clean.txt	276	359	46617	0.007701053263830792	7.812080702952047	9.320787301275507	0.07961499370607628
gug-x-bible.txt.clean.txt	277	360	46568	0.007730630475863254	7.81717703596936	9.322069966445715	0.07944980355959297
gug-x-bible.txt.clean.txt	278	361	46519	0.0077602699972054425	7.818077619118231	9.32722649301485	0.0797774215336714
gug-x-bible.txt.clean.txt	279	362	46471	0.00778980439413828	7.821585978787103	9.329764249692587	0.07979673011799204
gug-x-bible.txt.clean.txt	280	363	46424	0.007819231432017923	7.821473531937876	9.337468699219865	0.08024061488102607
gug-x-bible.txt.clean.txt	281	364	46377	0.007848718114582659	7.822356446751107	9.344935041439271	0.08056590719866985
gug-x-bible.txt.clean.txt	282	365	46330	0.007878264623354198	7.824844836054504	9.348327331606683	0.08070110183580614
gug-x-bible.txt.clean.txt	283	366	46283	0.007907871140591579	7.826882704821703	9.352256101638584	0.0808879066363547
gug-x-bible.txt.clean.txt	284	367	46236	0.007937537849294922	7.828809348671422	9.355659034375872	0.08108643182286623
gug-x-bible.txt.clean.txt	285	368	46189	0.007967264933209206	7.831043395905603	9.359238444982182	0.08124755398290873
gug-x-bible.txt.clean.txt	286	369	46143	0.007996879266627658	7.830128084104864	9.372551343380923	0.08177669918780583
gug-x-bible.txt.clean.txt	287	370	46098	0.00802637858475422	7.831845799175366	9.376631045588027	0.08199559058265471
gug-x-bible.txt.clean.txt	288	371	46053	0.00805593555251558	7.836653913075871	9.378043088048585	0.08185107482982257
gug-x-bible.txt.clean.txt	289	372	46008	0.008085550339071466	7.839356343564266	9.381697250616543	0.081952155127205
gug-x-bible.txt.clean.txt	290	373	45963	0.008115223114244065	7.84012298787296	9.388933005440663	0.0822786157387011
gug-x-bible.txt.clean.txt	291	374	45918	0.008144954048521277	7.846582613322851	9.389806269082744	0.08193757976672067
gug-x-bible.txt.clean.txt	292	375	45874	0.008174565113135981	7.851569218841913	9.391121377057955	0.0817680120918226
gug-x-bible.txt.clean.txt	293	376	45830	0.008204233035129828	7.8553206591454074	9.394484541542877	0.08174188200699994
gug-x-bible.txt.clean.txt	294	377	45786	0.008233957978421351	7.860903502821318	9.395582201478163	0.08150069198700882
gug-x-bible.txt.clean.txt	295	378	45742	0.008263740107559791	7.86638761868076	9.396798025426635	0.08127015927181191
gug-x-bible.txt.clean.txt	296	379	45698	0.008293579587728129	7.870811937265461	9.398291329432753	0.08116246965143714
gug-x-bible.txt.clean.txt	297	380	45654	0.008323476584746133	7.875117565290674	9.40011573285123	0.08106764860365934
gug-x-bible.txt.clean.txt	298	381	45611	0.00835324811997106	7.876612514881813	9.4067789855085	0.08129966831715407
gug-x-bible.txt.clean.txt	299	382	45568	0.00838307584269663	7.881211287312045	9.408285778106734	0.08116855932958389
gug-x-bible.txt.clean.txt	300	383	45525	0.008412959912136189	7.880229328915396	9.42028824490838	0.08168685096186357
gug-x-bible.txt.clean.txt	301	383	45482	0.008420913768084078	7.879920475128737	9.4199801433945	0.0817228428704212
gug-x-bible.txt.clean.txt	302	384	45439	0.008450890204449921	7.881514118130153	9.424167922704704	0.0819395987497804
gug-x-bible.txt.clean.txt	303	385	45396	0.008480923429377037	7.887512694488277	9.425088142522698	0.08164224460188385
gug-x-bible.txt.clean.txt	304	386	45353	0.008511013604392213	7.891466166157374	9.426765660047469	0.081582121163981
gug-x-bible.txt.clean.txt	305	387	45310	0.0085411608916354	7.895267523949647	9.42855320323568	0.08153871099620102
gug-x-bible.txt.clean.txt	306	388	45268	0.00857117610674207	7.898573317384038	9.430963758443902	0.08155193403387151
gug-x-bible.txt.clean.txt	307	389	45226	0.008601247070269314	7.902664750865408	9.432732100603614	0.08147280762945663
gug-x-bible.txt.clean.txt	308	390	45184	0.008631373937677054	7.901934802574784	9.443419971301347	0.08195288033131554
gug-x-bible.txt.clean.txt	309	391	45142	0.008661556865003766	7.907107871510233	9.444665321580164	0.08174601076717758
gug-x-bible.txt.clean.txt	310	392	45100	0.00869179600886918	7.910925014733161	9.446318256825972	0.08169570909724932
gug-x-bible.txt.clean.txt	311	393	45059	0.008721897956013228	7.913334961638836	9.450534597964326	0.08180772842372841
gug-x-bible.txt.clean.txt	312	394	45018	0.008752054733662092	7.912235769758846	9.464405399509243	0.0823256534014063
gug-x-bible.txt.clean.txt	313	395	44977	0.008782266491762456	7.915389754272368	9.467378438531009	0.0823490685479411
gug-x-bible.txt.clean.txt	314	396	44936	0.00881253338080826	7.91826131405811	9.47011391153261	0.08240420894958211
gug-x-bible.txt.clean.txt	315	397	44895	0.00884285555184319	7.919082650206191	9.477097111131599	0.08269581189770991
gug-x-bible.txt.clean.txt	316	398	44855	0.008873035336082934	7.923283333034749	9.478545457878003	0.08259491628385696
gug-x-bible.txt.clean.txt	317	399	44815	0.00890326899475622	7.929992884604775	9.479439158265912	0.08220276819236838
gug-x-bible.txt.clean.txt	318	400	44775	0.00893355667225014	7.932002780253359	9.482905422463901	0.08235368496336803
gug-x-bible.txt.clean.txt	319	401	44735	0.008963898513468202	7.936256015627559	9.484473154340805	0.0822440971385997
gug-x-bible.txt.clean.txt	320	402	44695	0.008994294663832643	7.940203771527139	9.485984472342103	0.08216895991693207
gug-x-bible.txt.clean.txt	321	403	44655	0.009024745269286753	7.943797707687388	9.487831473453976	0.08213382035910799
gug-x-bible.txt.clean.txt	322	404	44615	0.009055250476297209	7.945722095602054	9.493938605839041	0.08229059645506542
gug-x-bible.txt.clean.txt	323	405	44575	0.009085810431856422	7.947349578310721	9.497860507993597	0.08248058440160622
gug-x-bible.txt.clean.txt	324	406	44535	0.0091164252834849	7.949114726963439	9.500926478086704	0.08265359786010384
gug-x-bible.txt.clean.txt	325	407	44495	0.009147095179233622	7.951045294205043	9.50418099147266	0.08280646142659187
gug-x-bible.txt.clean.txt	326	408	44456	0.009177613820406695	7.955499729656702	9.50550038205126	0.08266725674133224
gug-x-bible.txt.clean.txt	327	409	44417	0.009208186054888894	7.955923920579302	9.510499050953229	0.08299177942312908
gug-x-bible.txt.clean.txt	328	410	44378	0.009238812023975845	7.958881521102459	9.512491929572935	0.08302324219212698
gug-x-bible.txt.clean.txt	329	411	44339	0.009269491869460295	7.961957852959298	9.51463312469818	0.08304009910100141
gug-x-bible.txt.clean.txt	330	412	44300	0.009300225733634312	7.964665180112678	9.516867119384049	0.08309852106860016
gug-x-bible.txt.clean.txt	331	413	44261	0.009331013759291476	7.965996228227461	9.521719036349456	0.08331437424647925
gug-x-bible.txt.clean.txt	332	414	44223	0.009361644393189065	7.969263928036817	9.523639573597976	0.08330639167034881
gug-x-bible.txt.clean.txt	333	415	44185	0.009392327713024782	7.968362457678438	9.532854377278337	0.08377691032627421
gug-x-bible.txt.clean.txt	334	416	44147	0.009423063854848574	7.973144347937762	9.533966856591064	0.08359294400797512
gug-x-bible.txt.clean.txt	335	417	44109	0.009453852955179216	7.976685387112722	9.535754338953474	0.08355080915081148
gug-x-bible.txt.clean.txt	336	418	44071	0.00948469515100633	7.978795532875016	9.543148885044427	0.08367216605567473
gug-x-bible.txt.clean.txt	337	419	44033	0.009515590579792428	7.978610413635096	9.55358573299	0.08405605446949449
gug-x-bible.txt.clean.txt	338	420	43995	0.00954653937947494	7.980613177683297	9.557788400572283	0.08418770603783832
gug-x-bible.txt.clean.txt	339	421	43957	0.009577541688468276	7.983399621394091	9.560317203679253	0.08422849920529929
gug-x-bible.txt.clean.txt	340	422	43920	0.009608378870673952	7.987858467263667	9.561486470371893	0.08407664052175678
gug-x-bible.txt.clean.txt	341	423	43883	0.009639268053688217	7.989766173277309	9.56428379338383	0.08421646090686064
gug-x-bible.txt.clean.txt	342	424	43846	0.00967020936915568	7.989851057804471	9.569750951738822	0.0845641754643679
gug-x-bible.txt.clean.txt	343	425	43809	0.009701202949165696	7.99359537427441	9.571258400900792	0.08449166204204606
gug-x-bible.txt.clean.txt	344	426	43772	0.009732248926254227	7.998207318905335	9.57262738365631	0.08431903673306773
gug-x-bible.txt.clean.txt	345	427	43736	0.009763124199743917	8.001362204189276	9.574408007871876	0.08431246015056515
gug-x-bible.txt.clean.txt	346	428	43700	0.009794050343249427	8.005757995249878	9.575612345115378	0.08416310354952894
gug-x-bible.txt.clean.txt	347	429	43664	0.009825027482594357	8.0086283960798	9.578613644425555	0.08418747057980147
gug-x-bible.txt.clean.txt	348	430	43628	0.009856055744017603	8.012324783362594	9.58005712371801	0.08411658029022517
gug-x-bible.txt.clean.txt	349	431	43592	0.009887135254175079	8.014328928348368	9.582764894760215	0.08423829278161277
gug-x-bible.txt.clean.txt	350	432	43556	0.009918266140141426	8.018629653351777	9.583937789054922	0.08409678007053212
