file	merge	types	tokens	TTR	H	Hcross	R
kal-x-bible.txt.clean.txt	0	49	119047	0.0004116021403311297	4.1098522502543275	9.777190069209944	0.26802054525366537
kal-x-bible.txt.clean.txt	1	50	115044	0.00043461632071207536	4.270396548864195	9.645126911949285	0.2433548259785392
kal-x-bible.txt.clean.txt	2	51	112397	0.0004537487655364467	4.34411795750028	9.55208471532061	0.23416921411777492
kal-x-bible.txt.clean.txt	3	52	110065	0.00047244809885067915	4.434994513036008	9.459951497250065	0.2219908055650388
kal-x-bible.txt.clean.txt	4	53	107902	0.0004911864469611314	4.506951102726912	9.377026097548685	0.21316101742711713
kal-x-bible.txt.clean.txt	5	54	105822	0.0005102908657935023	4.516890086831146	9.332025026924804	0.21512104534917753
kal-x-bible.txt.clean.txt	6	55	103759	0.0005300744995614838	4.608005865853876	9.249361927069126	0.20295465181415562
kal-x-bible.txt.clean.txt	7	56	102073	0.0005486269630558522	4.675484119833138	9.180403566517143	0.1949029837879157
kal-x-bible.txt.clean.txt	8	57	100842	0.0005652406735288868	4.734210077041947	9.12281467059648	0.18835944693877849
kal-x-bible.txt.clean.txt	9	58	99633	0.0005821364407375066	4.793109731123627	9.066943230689946	0.18178127667018062
kal-x-bible.txt.clean.txt	10	59	98430	0.0005994107487554607	4.834663872107648	9.02123312211543	0.1781476741764707
kal-x-bible.txt.clean.txt	11	60	97340	0.0006163961372508733	4.888000734649998	8.972194012415082	0.17249174408546097
kal-x-bible.txt.clean.txt	12	61	96287	0.0006335226977681307	4.915186773715907	8.935321540825637	0.17123512744610936
kal-x-bible.txt.clean.txt	13	62	95283	0.0006506931981570689	4.965004862807447	8.890768319842243	0.16613349577571368
kal-x-bible.txt.clean.txt	14	63	94302	0.0006680664248902462	5.012217968994103	8.84899091236817	0.16145503755171875
kal-x-bible.txt.clean.txt	15	64	93331	0.0006857314290000107	5.032605171339291	8.825113230967123	0.16123247144345143
kal-x-bible.txt.clean.txt	16	65	92377	0.0007036383515377204	5.076962246862257	8.787303173688963	0.1569823689813432
kal-x-bible.txt.clean.txt	17	66	91433	0.0007218400358732624	5.118039184463454	8.750297041704709	0.15325852626455172
kal-x-bible.txt.clean.txt	18	67	90510	0.0007402496961661695	5.12560480265411	8.738538001314566	0.15503965706325018
kal-x-bible.txt.clean.txt	19	68	89665	0.0007583784085206045	5.119637197409752	8.74950721523806	0.1589867025195344
kal-x-bible.txt.clean.txt	20	69	88856	0.000776537318807959	5.163359019645841	8.715755850333833	0.1547289273899115
kal-x-bible.txt.clean.txt	21	70	88071	0.0007948132756525985	5.20733727779932	8.68297510896724	0.150416571823628
kal-x-bible.txt.clean.txt	22	71	87299	0.0008132968304333383	5.236466110406702	8.660346692640692	0.14850708351915753
kal-x-bible.txt.clean.txt	23	72	86529	0.000832090975279964	5.282030872453376	8.62894637019225	0.1439067944555854
kal-x-bible.txt.clean.txt	24	73	85828	0.0008505382858740737	5.302830804418493	8.609736904262457	0.14329869062104994
kal-x-bible.txt.clean.txt	25	74	85148	0.0008690750223140884	5.314724023922022	8.60058995686502	0.14409148261898608
kal-x-bible.txt.clean.txt	26	75	84485	0.0008877315499792863	5.342564720096742	8.578904666797074	0.14228283314
kal-x-bible.txt.clean.txt	27	76	83828	0.0009066183136899365	5.383596737844469	8.553007124489817	0.13833879694336193
kal-x-bible.txt.clean.txt	28	77	83186	0.0009256365253768663	5.420363840955002	8.529129269041947	0.13506486845266674
kal-x-bible.txt.clean.txt	29	78	82551	0.0009448704437256968	5.45824113125772	8.505512562848152	0.13160034295374923
kal-x-bible.txt.clean.txt	30	79	81972	0.0009637437173669058	5.485100179879374	8.487329601681333	0.1298713583169071
kal-x-bible.txt.clean.txt	31	80	81397	0.0009828372053024067	5.519909234403936	8.467227102602566	0.12686301527725863
kal-x-bible.txt.clean.txt	32	81	80840	0.0010019792182088074	5.540635261018577	8.45348353812696	0.12606209003405522
kal-x-bible.txt.clean.txt	33	82	80324	0.0010208654947462775	5.574281916374833	8.43550523869774	0.12320309573154709
kal-x-bible.txt.clean.txt	34	83	79819	0.0010398526666583145	5.607573742468767	8.418101803924577	0.12038603010115134
kal-x-bible.txt.clean.txt	35	84	79329	0.0010588813674696517	5.624230129080969	8.410745765614646	0.12015787747972972
kal-x-bible.txt.clean.txt	36	85	78878	0.0010776135297548113	5.647936375815072	8.398638900348693	0.11880295146756681
kal-x-bible.txt.clean.txt	37	86	78457	0.0010961418356551997	5.671350929076179	8.387386221624606	0.11747319079462892
kal-x-bible.txt.clean.txt	38	87	78044	0.001114755778791451	5.699837134523637	8.374980721310394	0.11533647032662697
kal-x-bible.txt.clean.txt	39	88	77645	0.0011333633846351986	5.728807230625403	8.36292647908418	0.11310970239298379
kal-x-bible.txt.clean.txt	40	89	77269	0.0011518202642715708	5.751405840440566	8.354618367573536	0.11185259526931102
kal-x-bible.txt.clean.txt	41	90	76899	0.0011703663246596184	5.759897400565279	8.355204646758322	0.11274988588053914
kal-x-bible.txt.clean.txt	42	91	76534	0.0011890140329788067	5.784260153131225	8.3460928518797	0.11117967407855711
kal-x-bible.txt.clean.txt	43	92	76182	0.001207634349321362	5.803497194476118	8.342028056853163	0.11037907916430956
kal-x-bible.txt.clean.txt	44	93	75832	0.0012263951893659668	5.816936077184504	8.340270272207277	0.11044581647056673
kal-x-bible.txt.clean.txt	45	94	75488	0.001245231030097499	5.83607144194336	8.334816966837451	0.10962051564079023
kal-x-bible.txt.clean.txt	46	95	75144	0.0012642393271585224	5.840496016616527	8.341449306273871	0.11101607633348165
kal-x-bible.txt.clean.txt	47	96	74806	0.001283319519824613	5.84899012297846	8.347009095114052	0.11176561410366359
kal-x-bible.txt.clean.txt	48	97	74478	0.0013023980235774323	5.864334354815116	8.34295222087425	0.11145275778039665
kal-x-bible.txt.clean.txt	49	98	74150	0.0013216453135536075	5.8885271449586485	8.335029526300083	0.10978300126083529
kal-x-bible.txt.clean.txt	50	99	73825	0.0013410091432441585	5.904124502086233	8.331755900540786	0.10939705910475928
kal-x-bible.txt.clean.txt	51	100	73503	0.001360488687536563	5.9207758763650435	8.327591059192697	0.10883443180521324
kal-x-bible.txt.clean.txt	52	101	73188	0.001380007651527573	5.948154354102725	8.31948147118638	0.10664382326822819
kal-x-bible.txt.clean.txt	53	102	72873	0.0013996953604215553	5.944134863903019	8.348596906186385	0.10914928841351235
kal-x-bible.txt.clean.txt	54	103	72559	0.0014195344478286635	5.969441211485025	8.340974450301292	0.10723985031977035
kal-x-bible.txt.clean.txt	55	104	72248	0.0014394862141512569	5.991825843442372	8.334156445021346	0.1057563241379792
kal-x-bible.txt.clean.txt	56	105	71942	0.0014595090489561036	6.014928256734585	8.327741748632008	0.10415425815030677
kal-x-bible.txt.clean.txt	57	106	71649	0.0014794344652402686	6.0348070196905095	8.32247785570623	0.10302045625444134
kal-x-bible.txt.clean.txt	58	107	71356	0.0014995235158921465	6.054095535482547	8.317470486047224	0.10196170244624225
kal-x-bible.txt.clean.txt	59	108	71068	0.0015196713007260651	6.076508535918012	8.311918419969066	0.10042787034250145
kal-x-bible.txt.clean.txt	60	109	70786	0.0015398525132088265	6.0961834327019755	8.30721868155518	0.09928820786025194
kal-x-bible.txt.clean.txt	61	110	70509	0.001560084528216256	6.114600613530569	8.303169673368144	0.0983223318273937
kal-x-bible.txt.clean.txt	62	111	70236	0.0015803861267725953	6.126095772915602	8.304039557376825	0.09836314211268893
kal-x-bible.txt.clean.txt	63	112	69964	0.00160082328054428	6.1305381632034495	8.311075053946864	0.09942433832281783
kal-x-bible.txt.clean.txt	64	113	69700	0.0016212338593974175	6.140240525027957	8.313734097688265	0.09969510201040954
kal-x-bible.txt.clean.txt	65	114	69439	0.001641728711530984	6.157239314307838	8.310952446127018	0.09888212724868439
kal-x-bible.txt.clean.txt	66	115	69185	0.0016622100166221	6.177128997297818	8.307418652113515	0.09763523848148059
kal-x-bible.txt.clean.txt	67	116	68932	0.0016828178494748447	6.198314781537433	8.303286962628215	0.0961895657131181
kal-x-bible.txt.clean.txt	68	117	68681	0.0017035279043694763	6.214814206820227	8.300894559650207	0.0954171342453749
kal-x-bible.txt.clean.txt	69	118	68430	0.001724389887476253	6.231583378018184	8.298196472966595	0.09459442639612459
kal-x-bible.txt.clean.txt	70	119	68180	0.0017453798767967145	6.252057100530991	8.29448450796927	0.09322373481682478
kal-x-bible.txt.clean.txt	71	120	67935	0.0017663943475380878	6.260985037799297	8.30076717156306	0.09351611247757363
kal-x-bible.txt.clean.txt	72	121	67693	0.0017874817189369654	6.278699144191362	8.297953557713956	0.09252446119102631
kal-x-bible.txt.clean.txt	73	122	67454	0.0018086399620482105	6.288883638028405	8.299215599302114	0.09260972798028178
kal-x-bible.txt.clean.txt	74	123	67216	0.0018299214472744586	6.304057954460799	8.297727093807913	0.09196330096068606
kal-x-bible.txt.clean.txt	75	124	66982	0.001851243617688334	6.3236018523284425	8.294732336868192	0.09067826531105672
kal-x-bible.txt.clean.txt	76	125	66753	0.0018725750153551152	6.343335189692167	8.291841624734602	0.0893580779325146
kal-x-bible.txt.clean.txt	77	126	66528	0.001893939393939394	6.344282351712069	8.305535363427097	0.09072268544879103
kal-x-bible.txt.clean.txt	78	127	66308	0.0019153043373348615	6.347548325230997	8.331098390762048	0.09173920276510383
kal-x-bible.txt.clean.txt	79	128	66090	0.00193675291269481	6.363296054800963	8.330138017019387	0.0909577064570053
kal-x-bible.txt.clean.txt	80	129	65877	0.0019581948176146456	6.375556897842785	8.330953777246314	0.09066463465276664
kal-x-bible.txt.clean.txt	81	130	65666	0.0019797155301069045	6.3930956127416	8.328877761100443	0.08960968964333915
kal-x-bible.txt.clean.txt	82	131	65459	0.002001252692525092	6.396924986601156	8.339333723308574	0.09049619435617073
kal-x-bible.txt.clean.txt	83	132	65264	0.0020225545476832557	6.412159976171711	8.33907356768889	0.08974996748823594
kal-x-bible.txt.clean.txt	84	133	65072	0.0020438898450946645	6.423608287347873	8.340220200256383	0.08953208520396305
kal-x-bible.txt.clean.txt	85	134	64882	0.002065287753151876	6.42999732799705	8.348075108999794	0.09002035571808475
kal-x-bible.txt.clean.txt	86	135	64692	0.002086811352253756	6.445566020567679	8.347169327061946	0.08919966442904304
kal-x-bible.txt.clean.txt	87	136	64502	0.002108461753123934	6.45866665051504	8.347204043515156	0.08871950440086818
kal-x-bible.txt.clean.txt	88	137	64313	0.002130206956602864	6.4733674902245335	8.347135066148685	0.08800532111365866
kal-x-bible.txt.clean.txt	89	138	64126	0.0021520132239653184	6.4880787549735395	8.347108545024863	0.08728192546527969
kal-x-bible.txt.clean.txt	90	139	63940	0.002173913043478261	6.499504617490274	8.348575704357266	0.08701244312958678
kal-x-bible.txt.clean.txt	91	140	63760	0.00219573400250941	6.5087842407849585	8.352096948845556	0.08703522846339506
kal-x-bible.txt.clean.txt	92	141	63585	0.002217504128332154	6.521530958942158	8.352644813671585	0.08656291732518862
kal-x-bible.txt.clean.txt	93	142	63414	0.002239253161762387	6.525786550174893	8.360102530907115	0.08727029906101291
kal-x-bible.txt.clean.txt	94	143	63246	0.0022610125541536225	6.535324634938563	8.362633138370079	0.0872287604711125
kal-x-bible.txt.clean.txt	95	144	63079	0.0022828516622013665	6.546305609208311	8.365862269453302	0.08697711511745987
kal-x-bible.txt.clean.txt	96	145	62916	0.0023046601818297414	6.557070994367582	8.367831120427038	0.08674735123227828
kal-x-bible.txt.clean.txt	97	146	62756	0.002326470775702722	6.5691227265032355	8.369683881444663	0.08633059503658747
kal-x-bible.txt.clean.txt	98	147	62597	0.002348355352492931	6.580994693206794	8.370931197880871	0.08593136215056907
kal-x-bible.txt.clean.txt	99	148	62439	0.002370313425903682	6.588698688415899	8.374558858171973	0.0861028771158292
kal-x-bible.txt.clean.txt	100	149	62282	0.0023923444976076554	6.59667943143873	8.378276912659636	0.08622725557092004
kal-x-bible.txt.clean.txt	101	150	62128	0.0024143703322173577	6.601517435948502	8.386197607465515	0.0867778376254098
kal-x-bible.txt.clean.txt	102	151	61977	0.0024363876922084	6.6158001330672125	8.386826511876418	0.08601406368938669
kal-x-bible.txt.clean.txt	103	152	61828	0.002458433072394384	6.620491808960898	8.393558204475687	0.08656760202401426
kal-x-bible.txt.clean.txt	104	153	61680	0.002480544747081712	6.631232344129433	8.395355418568895	0.08627835691511032
kal-x-bible.txt.clean.txt	105	154	61532	0.0025027627900929598	6.644167442675267	8.396227066540103	0.08568011383475915
kal-x-bible.txt.clean.txt	106	155	61388	0.0025249234378054344	6.659223867556138	8.39666960300448	0.08478422074132319
kal-x-bible.txt.clean.txt	107	156	61247	0.002547063529642268	6.671214412334663	8.398599562679493	0.08430389813446737
kal-x-bible.txt.clean.txt	108	157	61107	0.002569263750470486	6.683642808644285	8.400164609337908	0.08375732766370025
kal-x-bible.txt.clean.txt	109	158	60967	0.0025915659291091903	6.693857103137616	8.402331680220296	0.08350793459835348
kal-x-bible.txt.clean.txt	110	159	60827	0.0026139707695595708	6.699810081157824	8.409827740587899	0.08383463510564182
kal-x-bible.txt.clean.txt	111	160	60687	0.002636478982319113	6.71184118629903	8.411337898879527	0.08332325866657087
kal-x-bible.txt.clean.txt	112	161	60552	0.002658871713568503	6.719444706236704	8.415097695103004	0.08341005389153622
kal-x-bible.txt.clean.txt	113	162	60419	0.0026812757576259124	6.7285313988473305	8.418048272854044	0.08328761538683216
kal-x-bible.txt.clean.txt	114	163	60286	0.002703778655077464	6.732141282781027	8.428323788099652	0.08390388901446111
kal-x-bible.txt.clean.txt	115	164	60154	0.002726335738271769	6.741322225411677	8.430975642731614	0.08375472967362241
kal-x-bible.txt.clean.txt	116	165	60025	0.002748854643898376	6.752520309953296	8.432849591910726	0.08332542162023282
kal-x-bible.txt.clean.txt	117	166	59896	0.002771470548951516	6.75024167307001	8.45657149334578	0.08471788715071393
kal-x-bible.txt.clean.txt	118	167	59768	0.0027941373310132515	6.762483030900631	8.457849182780487	0.08413409272180761
kal-x-bible.txt.clean.txt	119	168	59640	0.0028169014084507044	6.771547715232133	8.461977539366242	0.08397497997499159
kal-x-bible.txt.clean.txt	120	169	59513	0.0028397156923697345	6.7838726828721185	8.463191332887531	0.08336938315536424
kal-x-bible.txt.clean.txt	121	170	59386	0.002862627555316068	6.7949451585068275	8.464804153180797	0.08292797382765271
kal-x-bible.txt.clean.txt	122	171	59259	0.0028856376246646077	6.800882481125557	8.47000221969146	0.08317367223495298
kal-x-bible.txt.clean.txt	123	172	59134	0.0029086481550377108	6.811162669908255	8.47211727886976	0.08282792293452479
kal-x-bible.txt.clean.txt	124	173	59010	0.0029317064904253514	6.823754832700607	8.473255587163877	0.08216596395033171
kal-x-bible.txt.clean.txt	125	174	58889	0.002954711406204894	6.832815217193774	8.476546270589061	0.08197405757483589
kal-x-bible.txt.clean.txt	126	175	58768	0.002977811053634631	6.844269251656281	8.47830165496796	0.08145546422812255
kal-x-bible.txt.clean.txt	127	176	58648	0.0030009548492702224	6.852226612315345	8.481382063314095	0.08140097494893017
kal-x-bible.txt.clean.txt	128	177	58528	0.0030241935483870967	6.859971779530765	8.484524305407259	0.08136929119742797
kal-x-bible.txt.clean.txt	129	178	58411	0.0030473712143260687	6.871915979274259	8.486054535833402	0.08077032939550421
kal-x-bible.txt.clean.txt	130	179	58295	0.00307058924436058	6.881776992428141	8.488899289056642	0.08044543088100886
kal-x-bible.txt.clean.txt	131	180	58179	0.003093899860774506	6.890681667295002	8.491852484503465	0.08024335518927772
kal-x-bible.txt.clean.txt	132	181	58065	0.003117196245586842	6.900021761510658	8.494406277729912	0.07997819349936375
kal-x-bible.txt.clean.txt	133	182	57951	0.003140584286724992	6.909061772385337	8.497080695013542	0.07974816793836992
kal-x-bible.txt.clean.txt	134	183	57841	0.003163845714977265	6.9198369867626	8.499067060067647	0.07928241738529673
kal-x-bible.txt.clean.txt	135	184	57731	0.0031871957873586113	6.930746603528276	8.501048462502837	0.07879450664342269
kal-x-bible.txt.clean.txt	136	185	57622	0.0032105792926312867	6.940099708421224	8.504146670359159	0.07850906970984217
kal-x-bible.txt.clean.txt	137	186	57513	0.0032340514318501905	6.948993300063538	8.507102894923333	0.07828002113113153
kal-x-bible.txt.clean.txt	138	187	57405	0.003257555962024214	6.959355760911539	8.509170673933594	0.07785171796146273
kal-x-bible.txt.clean.txt	139	187	57297	0.0032636961795556485	6.954962088671179	8.516144463592108	0.07843390077370582
kal-x-bible.txt.clean.txt	140	188	57189	0.0032873454685341586	6.9602243221599664	8.523051001638954	0.07867595989498244
kal-x-bible.txt.clean.txt	141	189	57082	0.0033110262429487405	6.960968424412149	8.534353828517654	0.07951001383969203
kal-x-bible.txt.clean.txt	142	190	56977	0.003334678905523281	6.972575098246292	8.535963874876263	0.07890249708690922
kal-x-bible.txt.clean.txt	143	191	56874	0.003358300805288884	6.982553631409532	8.538359737029761	0.07850620706924183
kal-x-bible.txt.clean.txt	144	192	56772	0.0033819488480236735	6.990190590000843	8.54162957013081	0.07841461453023191
kal-x-bible.txt.clean.txt	145	193	56670	0.0034056820187047822	6.99525535827672	8.547087515987608	0.07865723520857038
kal-x-bible.txt.clean.txt	146	194	56569	0.0034294401527338297	7.004659353793941	8.549447034911337	0.07832372564708034
kal-x-bible.txt.clean.txt	147	195	56468	0.0034532832754834595	7.013289374774822	8.5524200961121	0.0780879644336081
kal-x-bible.txt.clean.txt	148	196	56369	0.0034770884706132803	7.0177529928308395	8.557799559665215	0.07839521971355323
kal-x-bible.txt.clean.txt	149	197	56270	0.003500977430247023	7.028926403677862	8.559572486173	0.07781702746555419
kal-x-bible.txt.clean.txt	150	198	56172	0.0035248878444776757	7.0387384882759205	8.561917464128967	0.07741388444855868
kal-x-bible.txt.clean.txt	151	199	56076	0.0035487552607175975	7.046908208493563	8.564803752250274	0.07722212906257842
kal-x-bible.txt.clean.txt	152	200	55981	0.003572640717386256	7.054225059486451	8.568092933133922	0.07713791516342627
kal-x-bible.txt.clean.txt	153	201	55887	0.0035965430243169254	7.065494191708604	8.570019988079808	0.07653294254245169
kal-x-bible.txt.clean.txt	154	202	55793	0.0036205258724212714	7.072545284067879	8.573567049235583	0.07647558441066582
kal-x-bible.txt.clean.txt	155	203	55700	0.003644524236983842	7.081794320255607	8.576018918972245	0.0761273352184485
kal-x-bible.txt.clean.txt	156	204	55607	0.0036686028737389176	7.089842466848138	8.579026719830521	0.07593203571970597
kal-x-bible.txt.clean.txt	157	205	55516	0.0036926291519561926	7.09913554081913	8.581504941741828	0.07557081354031892
kal-x-bible.txt.clean.txt	158	206	55425	0.0037167343256653135	7.108027404895291	8.584304186561603	0.07525832077187322
kal-x-bible.txt.clean.txt	159	207	55335	0.0037408511791813498	7.117786241703581	8.586627739847337	0.0748296213376397
kal-x-bible.txt.clean.txt	160	208	55245	0.003765046610552991	7.124023202580391	8.590436808555097	0.0748550130459108
kal-x-bible.txt.clean.txt	161	209	55155	0.003789321004442027	7.129636704101658	8.595064078132856	0.07495724775228518
kal-x-bible.txt.clean.txt	162	210	55066	0.003813605491591908	7.1393271700082845	8.597326221019932	0.07452684080915462
kal-x-bible.txt.clean.txt	163	211	54977	0.003837968605053022	7.140798483741083	8.611539944140123	0.07515778398687656
kal-x-bible.txt.clean.txt	164	212	54889	0.0038623403596348997	7.149814692647394	8.614195958758382	0.07480741621433795
kal-x-bible.txt.clean.txt	165	213	54801	0.0038867903870367327	7.15380105621389	8.61963008474893	0.07510412058558791
kal-x-bible.txt.clean.txt	166	214	54714	0.003911247578316335	7.1591154390214635	8.62391135460502	0.07522496038575843
kal-x-bible.txt.clean.txt	167	215	54627	0.003935782671572665	7.168423718654561	8.62614374196289	0.07482636818540445
kal-x-bible.txt.clean.txt	168	216	54541	0.003960323426413157	7.171452195575284	8.63560637321434	0.07523452873112813
kal-x-bible.txt.clean.txt	169	217	54456	0.003984868517702365	7.175477262798735	8.648878216561744	0.07550990157687365
kal-x-bible.txt.clean.txt	170	218	54371	0.004009490353313347	7.179855060097784	8.654275790963887	0.07573574983315501
kal-x-bible.txt.clean.txt	171	219	54287	0.0040341149814872804	7.187312164531686	8.65729076422357	0.07556154150151384
kal-x-bible.txt.clean.txt	172	220	54205	0.0040586661747071305	7.190164773921325	8.664011081433081	0.07597578846994935
kal-x-bible.txt.clean.txt	173	221	54123	0.004083291761358387	7.19774471879818	8.667243409931034	0.07577879102783336
kal-x-bible.txt.clean.txt	174	222	54042	0.004107916065282558	7.201144560680753	8.673086990332646	0.07611491558085992
kal-x-bible.txt.clean.txt	175	223	53961	0.00413261429550972	7.208032616427664	8.676579954098045	0.07599985784956653
kal-x-bible.txt.clean.txt	176	224	53881	0.004157309626770104	7.213998748036952	8.680162589285846	0.07599964135667536
kal-x-bible.txt.clean.txt	177	225	53801	0.004182078400029739	7.222086269909053	8.682709732561358	0.0757245316739954
kal-x-bible.txt.clean.txt	178	226	53721	0.004206920943392714	7.229562020549642	8.685644177667022	0.07552473475404198
kal-x-bible.txt.clean.txt	179	227	53642	0.004231758696543753	7.237941290598025	8.688138683441476	0.07520648439713828
kal-x-bible.txt.clean.txt	180	228	53563	0.004256669716035323	7.245238385307038	8.691361807057234	0.07502360275645559
kal-x-bible.txt.clean.txt	181	229	53485	0.0042815742731607	7.252047995576508	8.695222509473712	0.0748999271344335
kal-x-bible.txt.clean.txt	182	230	53407	0.004306551575636153	7.261284105530626	8.697368944286225	0.0744639202421048
kal-x-bible.txt.clean.txt	183	231	53330	0.004331520720045003	7.264922026192634	8.702667665529404	0.07473838149029643
kal-x-bible.txt.clean.txt	184	232	53253	0.0043565620716203785	7.272965453115276	8.70515021909012	0.07444858194172788
kal-x-bible.txt.clean.txt	185	233	53176	0.004381675944034903	7.278770178217572	8.710291822843539	0.07444075657271254
kal-x-bible.txt.clean.txt	186	234	53100	0.004406779661016949	7.282828199209844	8.71934661044479	0.07465175265786927
kal-x-bible.txt.clean.txt	187	235	53025	0.004431871758604432	7.28782528341398	8.723508230714273	0.07474009986200203
kal-x-bible.txt.clean.txt	188	236	52950	0.004457034938621341	7.29140449451323	8.729104817600584	0.07500511581537062
kal-x-bible.txt.clean.txt	189	237	52875	0.0044822695035460994	7.2970732717675455	8.732936713528982	0.0750018042751418
kal-x-bible.txt.clean.txt	190	238	52800	0.004507575757575758	7.303646860387703	8.736247467345413	0.07488088017278549
kal-x-bible.txt.clean.txt	191	239	52726	0.004532868034745666	7.311815624532269	8.738594398670365	0.07455526055109207
kal-x-bible.txt.clean.txt	192	240	52652	0.004558231406214389	7.313458563544594	8.746736789843329	0.07505251588956052
kal-x-bible.txt.clean.txt	193	241	52578	0.004583666172163262	7.320376029760681	8.749476914580324	0.07487951382769875
kal-x-bible.txt.clean.txt	194	242	52504	0.004609172634465946	7.325531177383422	8.753121978961595	0.07492641836498959
kal-x-bible.txt.clean.txt	195	243	52430	0.0046347510967003624	7.333580653842354	8.755497426210646	0.07460515305496718
kal-x-bible.txt.clean.txt	196	244	52357	0.004660312852149665	7.339456949939178	8.759729636877342	0.074555537834192
kal-x-bible.txt.clean.txt	197	245	52284	0.00468594598730013	7.3419556997221065	8.766036396848772	0.07492873479311069
kal-x-bible.txt.clean.txt	198	246	52212	0.004711560560790623	7.34988284612006	8.768382393623138	0.07461511827530076
kal-x-bible.txt.clean.txt	199	247	52140	0.004737245876486383	7.35764158716886	8.77076920368812	0.07432037639987654
kal-x-bible.txt.clean.txt	200	248	52068	0.0047630022278558806	7.364209488467088	8.77383138961239	0.07417302753131216
kal-x-bible.txt.clean.txt	201	249	51997	0.004788737811796834	7.3718505241765815	8.776382170821275	0.07388834989122828
kal-x-bible.txt.clean.txt	202	250	51926	0.004814543773831992	7.374119731064843	8.786537016779656	0.07427574391343728
kal-x-bible.txt.clean.txt	203	251	51855	0.004840420403046958	7.37293028408994	8.801401219403076	0.07509377146464358
kal-x-bible.txt.clean.txt	204	252	51784	0.004866367990112776	7.378080840724364	8.804991609949354	0.07511320757472717
kal-x-bible.txt.clean.txt	205	253	51713	0.004892386827296811	7.3851997215171945	8.807413554883853	0.0748834190562413
kal-x-bible.txt.clean.txt	206	254	51643	0.00491838196851461	7.390183236602567	8.810883345669199	0.07491864726625264
kal-x-bible.txt.clean.txt	207	255	51573	0.004944447676109592	7.396349348679973	8.814045904275616	0.0748033087230946
kal-x-bible.txt.clean.txt	208	256	51504	0.004970487729108419	7.405131976779368	8.815884709054199	0.07435850290257895
kal-x-bible.txt.clean.txt	209	257	51435	0.004996597647516283	7.4138295767979425	8.817718900026788	0.07392239902825903
kal-x-bible.txt.clean.txt	210	258	51366	0.005022777712884009	7.4156909769917405	8.824575017269261	0.0743377087484769
kal-x-bible.txt.clean.txt	211	259	51297	0.0050490282082772875	7.4209829212914045	8.827899287524643	0.07432201756780321
kal-x-bible.txt.clean.txt	212	260	51228	0.005075349418286875	7.4277661581744585	8.830270461008	0.07411797473164383
kal-x-bible.txt.clean.txt	213	261	51159	0.005101741629038879	7.429497228255502	8.836947299953767	0.07454107815538291
kal-x-bible.txt.clean.txt	214	262	51091	0.005128104754262003	7.437136135636455	8.839191064851066	0.07422575230843398
kal-x-bible.txt.clean.txt	215	263	51024	0.005154437127626215	7.443837816113257	8.84168498256659	0.07402502425658009
kal-x-bible.txt.clean.txt	216	264	50958	0.005180737077593312	7.449923755604514	8.84455368974146	0.07389871193945796
kal-x-bible.txt.clean.txt	217	265	50892	0.0052071052424742595	7.45701984652267	8.847061067791927	0.07364470266566148
kal-x-bible.txt.clean.txt	218	266	50826	0.005233541888010074	7.46452228161015	8.849142597404189	0.07333822974194482
kal-x-bible.txt.clean.txt	219	267	50762	0.005259840037823569	7.472528938102908	8.851263256983458	0.07296727212752097
kal-x-bible.txt.clean.txt	220	268	50699	0.005286100317560504	7.477767644489916	8.854640334985877	0.07293764451102824
kal-x-bible.txt.clean.txt	221	269	50636	0.005312425942017537	7.484820466104348	8.857002960891261	0.07268099262578454
kal-x-bible.txt.clean.txt	222	270	50573	0.005338817155399126	7.48864163624283	8.86158574925556	0.07282250705621751
kal-x-bible.txt.clean.txt	223	271	50511	0.005365167983211578	7.4940693804438485	8.864646560585776	0.07276278349990817
kal-x-bible.txt.clean.txt	224	272	50449	0.005391583579456481	7.500292181862649	8.867317575012018	0.07260257894389432
kal-x-bible.txt.clean.txt	225	273	50387	0.005418064183221862	7.506859451719448	8.869865252998654	0.07239778471021918
kal-x-bible.txt.clean.txt	226	274	50325	0.005444610034773969	7.5110507079858895	8.873694739209082	0.07248444671017473
kal-x-bible.txt.clean.txt	227	275	50263	0.005471221375564531	7.517388402749394	8.876223997829634	0.07230391163626271
kal-x-bible.txt.clean.txt	228	276	50202	0.005497788932711844	7.524985562925936	8.87834931313622	0.07196610147293003
kal-x-bible.txt.clean.txt	229	277	50141	0.005524421132406613	7.5268766916026735	8.886871085248057	0.0723298155692168
kal-x-bible.txt.clean.txt	230	278	50082	0.005550896529691306	7.532315745212886	8.88982777122759	0.07225392107863116
kal-x-bible.txt.clean.txt	231	279	50023	0.005577434380185115	7.537131996092375	8.894300591621118	0.07225265271237657
kal-x-bible.txt.clean.txt	232	280	49965	0.005603922745922145	7.543711871075573	8.897040028632892	0.07203232371770174
kal-x-bible.txt.clean.txt	233	281	49907	0.005630472679183281	7.5472522723096676	8.902499807700675	0.07218383015550034
kal-x-bible.txt.clean.txt	234	282	49849	0.005657084394872515	7.55122180164576	8.906389856818224	0.07228034141951178
kal-x-bible.txt.clean.txt	235	283	49791	0.005683758108895182	7.557884049713674	8.90896700689435	0.07204405336892172
kal-x-bible.txt.clean.txt	236	284	49733	0.005710494038163795	7.560692973333817	8.914331418937802	0.07227882503999283
kal-x-bible.txt.clean.txt	237	285	49676	0.005737176906353169	7.56664469342998	8.917076943841126	0.07212587794806036
kal-x-bible.txt.clean.txt	238	286	49619	0.005763921078619077	7.570177020561832	8.92119275775881	0.07226759980377029
kal-x-bible.txt.clean.txt	239	287	49563	0.00579060993079515	7.576683053879707	8.923805280563563	0.07204293668972339
kal-x-bible.txt.clean.txt	240	288	49508	0.005817241657913873	7.579162239711822	8.929550732732896	0.07230944734819444
kal-x-bible.txt.clean.txt	241	289	49453	0.005843932622894466	7.585634116651064	8.932027457031317	0.07208525052540327
kal-x-bible.txt.clean.txt	242	290	49398	0.005870683023604195	7.588837609670831	8.937883757063307	0.07225893024478891
kal-x-bible.txt.clean.txt	243	291	49343	0.0058974930587925335	7.593740618054625	8.940978370778033	0.0722228134318309
kal-x-bible.txt.clean.txt	244	292	49288	0.0059243629280960886	7.600728499074255	8.943206348825546	0.07193024167618112
kal-x-bible.txt.clean.txt	245	293	49234	0.005951171954340496	7.606642128102096	8.946168942015323	0.07176719660727704
kal-x-bible.txt.clean.txt	246	294	49180	0.005978039853599024	7.610708425697463	8.95136604189223	0.0718277382766146
kal-x-bible.txt.clean.txt	247	295	49126	0.006004966820013842	7.6185789902071654	8.953387520225288	0.07142264278526922
kal-x-bible.txt.clean.txt	248	296	49072	0.006031953048581676	7.621978099911776	8.960024046587163	0.07156082622709004
kal-x-bible.txt.clean.txt	249	297	49019	0.006058875130051613	7.624036528565068	8.965984042243784	0.0718601972427576
kal-x-bible.txt.clean.txt	250	298	48966	0.006085855491565576	7.627370542025122	8.969944089509031	0.0720021711397838
kal-x-bible.txt.clean.txt	251	299	48913	0.006112894322572731	7.6321443229152806	8.973180743112293	0.07196707572904704
kal-x-bible.txt.clean.txt	252	300	48861	0.00613986615091791	7.637388077844207	8.975996151269786	0.07187308833706163
kal-x-bible.txt.clean.txt	253	301	48809	0.006166895449609703	7.643364288166975	8.978621160840827	0.07168844466532598
kal-x-bible.txt.clean.txt	254	302	48757	0.006193982402526816	7.644853346684416	8.986900996716003	0.07204688424779782
kal-x-bible.txt.clean.txt	255	303	48705	0.006221127194333231	7.651443940138662	8.989140141966178	0.07178424773281167
kal-x-bible.txt.clean.txt	256	304	48653	0.006248330010482396	7.652724285447496	8.995870577530296	0.07216397416513987
kal-x-bible.txt.clean.txt	257	305	48601	0.0062755910372214565	7.659304994194664	8.99813492707036	0.07189924795962721
kal-x-bible.txt.clean.txt	258	306	48549	0.0063029104615955015	7.6645632212934585	9.000763529670543	0.07179323930191928
kal-x-bible.txt.clean.txt	259	307	48497	0.006330288471451843	7.67236027443165	9.002619497886363	0.0713783346688398
kal-x-bible.txt.clean.txt	260	308	48445	0.006357725255444318	7.675404891521508	9.007054509005489	0.07153706537143545
kal-x-bible.txt.clean.txt	261	309	48394	0.00638508906062735	7.679842708346157	9.010982911706545	0.0715254747028844
kal-x-bible.txt.clean.txt	262	310	48343	0.0064125106013280106	7.6867038091219415	9.013063656781775	0.0712193977868033
kal-x-bible.txt.clean.txt	263	311	48292	0.006439990060465501	7.692300712191007	9.015655256644143	0.07106464775745924
kal-x-bible.txt.clean.txt	264	312	48241	0.0064675276217325516	7.6943084397604125	9.020849380079076	0.07134159132989026
kal-x-bible.txt.clean.txt	265	313	48190	0.006495123469599502	7.700710457742361	9.023028964783105	0.07108649570903047
kal-x-bible.txt.clean.txt	266	314	48139	0.006522777789318432	7.704793909030897	9.028032980427742	0.07110956096932419
kal-x-bible.txt.clean.txt	267	315	48089	0.006550354550936804	7.7078234951203655	9.034494115405854	0.07125794677717123
kal-x-bible.txt.clean.txt	268	316	48039	0.006577988717500365	7.71043340532867	9.038911974588828	0.07145508303295312
kal-x-bible.txt.clean.txt	269	317	47990	0.00660554282142113	7.717260830779345	9.040986964529576	0.07114276357956284
kal-x-bible.txt.clean.txt	270	318	47941	0.006633153250870862	7.7236031036005315	9.04314670528941	0.07088754344955961
kal-x-bible.txt.clean.txt	271	319	47892	0.006660820178735488	7.727736444465153	9.046182611346758	0.07089658727809589
kal-x-bible.txt.clean.txt	272	320	47843	0.006688543778609201	7.732146564117726	9.049279260031767	0.07087077946899978
kal-x-bible.txt.clean.txt	273	321	47794	0.006716324224798092	7.739372082651369	9.051150199148253	0.07050529946586104
kal-x-bible.txt.clean.txt	274	322	47745	0.006744161692323804	7.741249189327652	9.057332468588925	0.0707806472461665
kal-x-bible.txt.clean.txt	275	323	47697	0.006771914376166216	7.74086834160258	9.068453921064851	0.07132503551636904
kal-x-bible.txt.clean.txt	276	324	47649	0.006799722974249197	7.7409326710764885	9.077196134224197	0.07181392130565656
kal-x-bible.txt.clean.txt	277	325	47601	0.006827587655721518	7.746133031230843	9.079630220189031	0.07168524262394937
kal-x-bible.txt.clean.txt	278	326	47554	0.006855364427808386	7.7527052378869605	9.081660771131618	0.07139086401346728
kal-x-bible.txt.clean.txt	279	327	47507	0.006883196160565811	7.758022745654477	9.08416276792936	0.07124549493455357
kal-x-bible.txt.clean.txt	280	328	47460	0.006911083017277707	7.763433361728515	9.08672259414834	0.07108763936632168
kal-x-bible.txt.clean.txt	281	329	47413	0.006939025161875435	7.770273621680417	9.088625292096058	0.07075748989287067
kal-x-bible.txt.clean.txt	282	330	47367	0.006966875672936855	7.7749614071071855	9.091321368153649	0.07068348457004037
kal-x-bible.txt.clean.txt	283	331	47321	0.006994780330086008	7.7789436992254295	9.094352583980282	0.07069236716456162
kal-x-bible.txt.clean.txt	284	332	47275	0.007022739291380222	7.784723571026785	9.096624947452149	0.07048514399951933
kal-x-bible.txt.clean.txt	285	333	47229	0.0070507527154926	7.789758440580391	9.099166914737308	0.07036559284730726
kal-x-bible.txt.clean.txt	286	334	47184	0.007078670735842659	7.79527485193565	9.10147907482683	0.07018728476225333
kal-x-bible.txt.clean.txt	287	335	47139	0.007106642058592673	7.800694448848702	9.103960619553138	0.07001926873977193
kal-x-bible.txt.clean.txt	288	336	47094	0.007134666836539687	7.805403875096102	9.106577028335623	0.06993462212113588
kal-x-bible.txt.clean.txt	289	337	47049	0.007162745223065315	7.809639018629244	9.10935258325733	0.0699051316394097
kal-x-bible.txt.clean.txt	290	338	47005	0.007190724391022232	7.812053791103672	9.113470775368672	0.07009095293469614
kal-x-bible.txt.clean.txt	291	339	46961	0.007218755989012159	7.81670737306085	9.116181023964092	0.07000882646131246
kal-x-bible.txt.clean.txt	292	340	46917	0.0072468401645459	7.8221605122749915	9.118568908367777	0.06983031569375664
kal-x-bible.txt.clean.txt	293	341	46873	0.007274977065688136	7.827855101987175	9.120781376164846	0.06962190769290855
kal-x-bible.txt.clean.txt	294	342	46829	0.007303166841060027	7.834091727442589	9.122818087636166	0.0693479466896102
kal-x-bible.txt.clean.txt	295	343	46786	0.00733125293891335	7.83895770908064	9.125327537916236	0.06923564152987993
kal-x-bible.txt.clean.txt	296	344	46743	0.007359390710908585	7.843298631807163	9.128035929373922	0.06918440612367693
kal-x-bible.txt.clean.txt	297	345	46700	0.0073875802997858675	7.847208308532969	9.130987564680522	0.06918302897242878
kal-x-bible.txt.clean.txt	298	346	46657	0.00741582184881154	7.849766491698668	9.134865501214504	0.06934054710576476
kal-x-bible.txt.clean.txt	299	347	46614	0.007444115501780581	7.85266157347779	9.139265090954428	0.06945665793633637
kal-x-bible.txt.clean.txt	300	348	46571	0.007472461403019046	7.855493374487194	9.142831480758778	0.06957882895347756
kal-x-bible.txt.clean.txt	301	349	46528	0.0075008596973865195	7.861249387073376	9.1449577967501	0.06935338784381206
kal-x-bible.txt.clean.txt	302	350	46485	0.007529310530278584	7.866241254186285	9.147426945852997	0.06921728139379246
kal-x-bible.txt.clean.txt	303	351	46442	0.007557814047629301	7.868444653366513	9.151525384717436	0.06940979948460335
kal-x-bible.txt.clean.txt	304	352	46400	0.007586206896551724	7.87339206330538	9.153963623586856	0.06927646936004428
kal-x-bible.txt.clean.txt	305	353	46358	0.007614651192890116	7.87664436481732	9.157331343320344	0.06934227191538522
kal-x-bible.txt.clean.txt	306	354	46316	0.007643147076604197	7.88098485750459	9.160364382761678	0.0692782261890621
kal-x-bible.txt.clean.txt	307	355	46275	0.007671528903295516	7.883587610993634	9.164143520180708	0.06941810073164068
kal-x-bible.txt.clean.txt	308	356	46234	0.0076999610676125796	7.887121870532256	9.167180425687965	0.06944668154423417
kal-x-bible.txt.clean.txt	309	357	46193	0.007728443703591453	7.893058485397377	9.169236221124702	0.06919068187657795
kal-x-bible.txt.clean.txt	310	358	46152	0.007756976945744496	7.899160999971043	9.171227018780128	0.06891412928366825
kal-x-bible.txt.clean.txt	311	359	46111	0.007785560929062479	7.899180403030102	9.185988911224785	0.06935328993562662
kal-x-bible.txt.clean.txt	312	360	46070	0.007814195789016714	7.903143181381605	9.188969573963629	0.06932643655864934
kal-x-bible.txt.clean.txt	313	361	46029	0.007842881661561189	7.907200409113116	9.192115121849051	0.06928727195922191
kal-x-bible.txt.clean.txt	314	362	45988	0.007871618683134731	7.911815525313057	9.19455849181041	0.06918129688254104
kal-x-bible.txt.clean.txt	315	363	45948	0.007900235048315487	7.915079581049328	9.197653312134573	0.06923309285559076
kal-x-bible.txt.clean.txt	316	364	45908	0.007928901280822515	7.919332823319531	9.200854390476042	0.06916737436264941
kal-x-bible.txt.clean.txt	317	365	45868	0.007957617511118863	7.920870781604885	9.207218282689379	0.06941953040669768
kal-x-bible.txt.clean.txt	318	366	45828	0.007986383870123069	7.9250465315443135	9.209714644939545	0.06936051269495536
kal-x-bible.txt.clean.txt	319	367	45788	0.008015200489211147	7.929192329744416	9.212528087959189	0.06930388875484572
kal-x-bible.txt.clean.txt	320	368	45749	0.008043891669763274	7.934585862256176	9.214727890234272	0.0690997609728522
kal-x-bible.txt.clean.txt	321	369	45710	0.008072631809232116	7.939836270809204	9.216865301125985	0.06891144178208408
kal-x-bible.txt.clean.txt	322	370	45671	0.00810142103304066	7.94210811311955	9.22251248552367	0.06907126942148245
kal-x-bible.txt.clean.txt	323	371	45632	0.008130259467040673	7.942786366408604	9.228470071494282	0.06941650785340814
kal-x-bible.txt.clean.txt	324	372	45593	0.008159147237514531	7.946004199271393	9.231463161451268	0.0694628856258116
kal-x-bible.txt.clean.txt	325	373	45554	0.008188084471177064	7.950842954553191	9.233628469601836	0.06931834952293947
kal-x-bible.txt.clean.txt	326	374	45515	0.008217071295177415	7.955900563028404	9.235835063052555	0.06914720892283055
kal-x-bible.txt.clean.txt	327	375	45476	0.008246107837100888	7.960863822732637	9.238053225299337	0.06898613389639363
kal-x-bible.txt.clean.txt	328	376	45437	0.008275194224970838	7.965582936230228	9.240261475506168	0.06885262701221462
kal-x-bible.txt.clean.txt	329	377	45399	0.008304147668450846	7.97081435834349	9.242422895859628	0.06865826939474595
kal-x-bible.txt.clean.txt	330	378	45361	0.008333149621921915	7.976607269013563	9.24435024425738	0.06839740411353579
kal-x-bible.txt.clean.txt	331	379	45323	0.008362200207400217	7.982286957584844	9.24627536319136	0.06814889072435582
kal-x-bible.txt.clean.txt	332	380	45285	0.008391299547311472	7.987219354342635	9.248454752056752	0.067986706032937
kal-x-bible.txt.clean.txt	333	381	45247	0.008420447764492673	7.989658938118685	9.252323845712379	0.06811433181278093
kal-x-bible.txt.clean.txt	334	382	45209	0.008449644982193812	7.991308542758787	9.257760179881	0.06833286489783486
kal-x-bible.txt.clean.txt	335	383	45171	0.00847889132407961	7.994962483923203	9.26098458524947	0.0683165592512287
kal-x-bible.txt.clean.txt	336	384	45133	0.008508186914231271	7.99893406198028	9.26368680486594	0.06826220134236449
kal-x-bible.txt.clean.txt	337	385	45095	0.008537531877148242	8.003007628622038	9.266188668966286	0.06819495486946259
kal-x-bible.txt.clean.txt	338	386	45057	0.00856692633774996	8.006649258441497	9.26878808944096	0.06817698084328583
kal-x-bible.txt.clean.txt	339	387	45019	0.00859637042137764	8.009661180240597	9.271675312586913	0.06823122715323637
kal-x-bible.txt.clean.txt	340	388	44982	0.008625672491218709	8.013784270555478	9.274017138867862	0.06815517580089625
kal-x-bible.txt.clean.txt	341	389	44945	0.008655022805651351	8.018269920048116	9.276196504014198	0.0680360119636293
kal-x-bible.txt.clean.txt	342	390	44908	0.008684421483922686	8.022621775853153	9.278455399576941	0.06793146266995542
kal-x-bible.txt.clean.txt	343	391	44871	0.008713868645673152	8.022395542156334	9.2864198676732	0.06835763094481884
kal-x-bible.txt.clean.txt	344	392	44834	0.008743364410938127	8.02115286155568	9.298659822961458	0.06890040329854996
kal-x-bible.txt.clean.txt	345	392	44797	0.008750585976739514	8.021177901569018	9.29824308460029	0.06889749664077616
kal-x-bible.txt.clean.txt	346	392	44760	0.00875781948168007	8.021397546502016	9.297709002282403	0.06887200014269657
kal-x-bible.txt.clean.txt	347	393	44723	0.008787424814972161	8.027092169822618	9.299432698728014	0.06860836432543305
kal-x-bible.txt.clean.txt	348	394	44686	0.008817079174685584	8.031972220868452	9.301466514207192	0.06843841940921302
kal-x-bible.txt.clean.txt	349	395	44650	0.008846584546472564	8.03461642982931	9.304781319829205	0.06852682185191383
kal-x-bible.txt.clean.txt	350	396	44614	0.00887613753530282	8.03777945828348	9.307497548102827	0.06855402874642968
