file	merge	types	tokens	TTR	H	Hcross	R
mig-x-bible.txt.clean.txt	0	60	133776	0.0004485109436670255	4.989808965944332	7.781782287997446	0.15525624096474577
mig-x-bible.txt.clean.txt	1	61	130493	0.00046745802456836765	5.061882250689391	7.734396991956463	0.1465003485098758
mig-x-bible.txt.clean.txt	2	62	127690	0.00048555094369175344	5.123621080387437	7.692674715886285	0.13949409571036986
mig-x-bible.txt.clean.txt	3	63	125088	0.0005036454336147352	5.164519960642817	7.663685805278087	0.13597488711574324
mig-x-bible.txt.clean.txt	4	64	122720	0.0005215123859191656	5.214864197552604	7.632992673955136	0.13085596707456604
mig-x-bible.txt.clean.txt	5	65	120383	0.000539943347482618	5.187174893254417	7.725308552733756	0.13868181846469552
mig-x-bible.txt.clean.txt	6	66	118178	0.0005584795816480225	5.235395030159822	7.707545796570107	0.13384287543521367
mig-x-bible.txt.clean.txt	7	67	116184	0.0005766714866074503	5.286449758098044	7.677601116242273	0.12852422835888
mig-x-bible.txt.clean.txt	8	68	114420	0.0005943016955077783	5.320248702993163	7.676088286134853	0.12603183925137418
mig-x-bible.txt.clean.txt	9	69	112706	0.0006122123045800579	5.355758907679376	7.656349537518032	0.1232319776117956
mig-x-bible.txt.clean.txt	10	70	111064	0.0006302672333069222	5.345051176212913	7.690921781123158	0.12794838133007924
mig-x-bible.txt.clean.txt	11	71	109607	0.0006477688468802175	5.392470695344448	7.665959478931462	0.12313944125579379
mig-x-bible.txt.clean.txt	12	72	108278	0.000664955023181071	5.448472438848986	7.64005962799134	0.11693052385963776
mig-x-bible.txt.clean.txt	13	73	107026	0.0006820772522564611	5.482476390873437	7.62387284194279	0.11427596392725026
mig-x-bible.txt.clean.txt	14	74	105815	0.0006993337428530926	5.499476589174828	7.622856338129658	0.11433804791643032
mig-x-bible.txt.clean.txt	15	75	104663	0.0007165856128717885	5.546941852870956	7.602418628993457	0.10947129327513616
mig-x-bible.txt.clean.txt	16	76	103579	0.0007337394645632802	5.5802888761148255	7.5897590041080765	0.10685761572812913
mig-x-bible.txt.clean.txt	17	77	102509	0.0007511535572486319	5.593608869747809	7.591490141441939	0.10741991395041939
mig-x-bible.txt.clean.txt	18	78	101517	0.000768344218209758	5.617159127850643	7.586044335563937	0.10631667914683873
mig-x-bible.txt.clean.txt	19	79	100530	0.0007858350741072317	5.625539816546613	7.598324115402212	0.10759272232407835
mig-x-bible.txt.clean.txt	20	80	99563	0.0008035113445757962	5.663131144458563	7.583933271296246	0.10420823213120345
mig-x-bible.txt.clean.txt	21	81	98759	0.0008201784141192196	5.683684058118856	7.583317710856762	0.10349865445826223
mig-x-bible.txt.clean.txt	22	82	98024	0.0008365298294295275	5.723314956641926	7.572603553821326	0.09976120486556028
mig-x-bible.txt.clean.txt	23	83	97317	0.0008528828467790828	5.759869866922406	7.56350348470714	0.09649658971513919
mig-x-bible.txt.clean.txt	24	84	96662	0.0008690074693261054	5.792831777406441	7.55662231258061	0.09378220850486507
mig-x-bible.txt.clean.txt	25	85	96027	0.0008851677132473159	5.820083664900978	7.551638688639775	0.09194434808369478
mig-x-bible.txt.clean.txt	26	86	95457	0.0009009292142011586	5.842174020317599	7.550181836838059	0.09089117188287632
mig-x-bible.txt.clean.txt	27	87	94897	0.0009167834599618533	5.869697770893388	7.547312348162339	0.08897264508445402
mig-x-bible.txt.clean.txt	28	88	94349	0.0009327072888954838	5.886937772503233	7.551320959852395	0.08862913642157877
mig-x-bible.txt.clean.txt	29	89	93809	0.0009487362619791278	5.908083690285809	7.55078842818287	0.0876579844942561
mig-x-bible.txt.clean.txt	30	90	93298	0.0009646509035563463	5.923218187715014	7.554853305360476	0.0875920788990362
mig-x-bible.txt.clean.txt	31	91	92789	0.000980719697377922	5.955061086302188	7.550605300670204	0.08493408050743778
mig-x-bible.txt.clean.txt	32	92	92292	0.0009968361288085642	5.97321330553415	7.555774490656845	0.08436321356799159
mig-x-bible.txt.clean.txt	33	92	91802	0.001002156815755648	5.976210513527202	7.5516555807908645	0.08390377009014294
mig-x-bible.txt.clean.txt	34	93	91315	0.001018452609100367	5.986389380778323	7.561617634242473	0.0845321923350022
mig-x-bible.txt.clean.txt	35	94	90830	0.001034900363316085	5.993038479207306	7.586683427271003	0.08567285991196893
mig-x-bible.txt.clean.txt	36	95	90354	0.0010514199703388892	5.999656947426519	7.604040549342514	0.08679013587169015
mig-x-bible.txt.clean.txt	37	96	89880	0.001068090787716956	6.004790041011189	7.618427936801734	0.08810565886235933
mig-x-bible.txt.clean.txt	38	97	89413	0.0010848534329459922	6.009835812002084	7.635999762693938	0.0894067913159744
mig-x-bible.txt.clean.txt	39	97	88961	0.0010903654410359595	6.013792021739704	7.6315237451233235	0.08880735768219494
mig-x-bible.txt.clean.txt	40	98	88512	0.0011071945046999276	6.024035251431589	7.63844004082685	0.0892971281588586
mig-x-bible.txt.clean.txt	41	99	88065	0.0011241696474195196	6.039687441726187	7.640621723344071	0.08894817584068082
mig-x-bible.txt.clean.txt	42	100	87619	0.001141304968100526	6.057524068549462	7.642997267189275	0.0882517779550468
mig-x-bible.txt.clean.txt	43	101	87176	0.0011585757547948976	6.063611219365975	7.6638002194879045	0.08930330088284844
mig-x-bible.txt.clean.txt	44	102	86750	0.001175792507204611	6.080526566975144	7.665097322121921	0.0887081899999893
mig-x-bible.txt.clean.txt	45	103	86345	0.0011928889918350802	6.103279024754832	7.663981099158527	0.08722372787639288
mig-x-bible.txt.clean.txt	46	104	85945	0.00121007621153063	6.126892696519913	7.662745368904401	0.08559841529031753
mig-x-bible.txt.clean.txt	47	105	85550	0.0012273524254821741	6.141874719469208	7.667397658440284	0.08524722497724069
mig-x-bible.txt.clean.txt	48	106	85161	0.0012447012129965594	6.156790023964796	7.670882620106023	0.08488959321911038
mig-x-bible.txt.clean.txt	49	107	84773	0.0012621943307420994	6.155642853130285	7.696855027857001	0.08689861338082394
mig-x-bible.txt.clean.txt	50	108	84388	0.0012798028155661942	6.178965887057463	7.6956356756703554	0.08525998618356678
mig-x-bible.txt.clean.txt	51	109	84006	0.0012975263671642502	6.194157996778138	7.69798149181477	0.08481245492936651
mig-x-bible.txt.clean.txt	52	110	83634	0.0013152545615419567	6.2108768401896715	7.6994137206035065	0.0841251456101384
mig-x-bible.txt.clean.txt	53	111	83266	0.001333077126318065	6.216480870383408	7.71096216709513	0.0850602917653257
mig-x-bible.txt.clean.txt	54	112	82905	0.0013509438513961763	6.2339089470384454	7.7135245598810815	0.08423917682932092
mig-x-bible.txt.clean.txt	55	113	82545	0.0013689502695499426	6.251242260999717	7.715630471876432	0.08341961472723536
mig-x-bible.txt.clean.txt	56	114	82198	0.0013868950582739238	6.2534724273480355	7.731896257353197	0.08479831895662882
mig-x-bible.txt.clean.txt	57	115	81854	0.0014049405038238816	6.268531363437142	7.734095114388006	0.08428303645370694
mig-x-bible.txt.clean.txt	58	116	81512	0.0014231033467464913	6.283642689476142	7.737917483791443	0.08374743325469736
mig-x-bible.txt.clean.txt	59	117	81172	0.0014413837283792441	6.3005321597448924	7.7391169849317	0.08294065644204474
mig-x-bible.txt.clean.txt	60	118	80834	0.0014597817749956701	6.317544668861136	7.740667316450339	0.0821048507743114
mig-x-bible.txt.clean.txt	61	119	80507	0.001478132336318581	6.339425078394573	7.740096375601154	0.08055219209258824
mig-x-bible.txt.clean.txt	62	120	80192	0.0014964086193136473	6.347740299986329	7.753335259989466	0.08095542963684754
mig-x-bible.txt.clean.txt	63	121	79882	0.0015147342329936656	6.3619689075920425	7.758711589789595	0.08048928134355171
mig-x-bible.txt.clean.txt	64	122	79575	0.0015331448319195727	6.379021724374372	7.760475346809362	0.0796041728775887
mig-x-bible.txt.clean.txt	65	123	79279	0.0015514827381778278	6.3876565664096665	7.768611201909603	0.07992175435900806
mig-x-bible.txt.clean.txt	66	124	78985	0.0015699183389251124	6.408808909672877	7.768725276176464	0.07842565501054388
mig-x-bible.txt.clean.txt	67	125	78720	0.0015879065040650406	6.426808107691053	7.770715916414566	0.0773748015938136
mig-x-bible.txt.clean.txt	68	126	78455	0.0016060161876234784	6.433876272416203	7.779330869401643	0.07788187618121722
mig-x-bible.txt.clean.txt	69	127	78193	0.0016241863082373101	6.451589384412503	7.781307439265892	0.07685212975429412
mig-x-bible.txt.clean.txt	70	128	77936	0.001642373229316362	6.45780900989276	7.7947150810622885	0.07745585572960578
mig-x-bible.txt.clean.txt	71	129	77684	0.001660573605890531	6.467371084770464	7.801620690977431	0.07756932571713626
mig-x-bible.txt.clean.txt	72	130	77432	0.0016788924475668974	6.468155328088921	7.819095804329633	0.0789210277353053
mig-x-bible.txt.clean.txt	73	131	77183	0.001697264941761787	6.483020443835281	7.822142619045299	0.07825529014561694
mig-x-bible.txt.clean.txt	74	132	76942	0.0017155779678199163	6.499906569581412	7.824400218918431	0.07729373748137602
mig-x-bible.txt.clean.txt	75	133	76711	0.001733780031546975	6.505226421359804	7.836943759416021	0.0779637128874644
mig-x-bible.txt.clean.txt	76	134	76485	0.0017519775119304438	6.517224496011472	7.841518297547811	0.07767587977625612
mig-x-bible.txt.clean.txt	77	135	76261	0.0017702364249091935	6.530991927639956	7.845143065261725	0.07712842901238515
mig-x-bible.txt.clean.txt	78	136	76037	0.0017886029170009338	6.544224572022975	7.849401489067645	0.07664777670023437
mig-x-bible.txt.clean.txt	79	137	75814	0.0018070541061017754	6.557070727791004	7.853898807677159	0.07621286419205542
mig-x-bible.txt.clean.txt	80	138	75592	0.0018255900095248175	6.562897501501415	7.8653717571849695	0.07675671070618373
mig-x-bible.txt.clean.txt	81	139	75370	0.0018442351068064216	6.5770820828560534	7.868463268110077	0.07611511098801016
mig-x-bible.txt.clean.txt	82	140	75152	0.0018628912071535022	6.591960742406676	7.871403654010257	0.07536834675537163
mig-x-bible.txt.clean.txt	83	141	74937	0.0018815805276432202	6.591970677013293	7.889702994005928	0.07669679064658885
mig-x-bible.txt.clean.txt	84	142	74724	0.0019003265349820673	6.604307384523228	7.893943712187345	0.07628797576539204
mig-x-bible.txt.clean.txt	85	143	74512	0.0019191539617779687	6.617870969721419	7.897181098505489	0.07569973559061827
mig-x-bible.txt.clean.txt	86	144	74300	0.0019380888290713323	6.631976639316255	7.90025184436508	0.07502845036982153
mig-x-bible.txt.clean.txt	87	145	74090	0.0019570792279659873	6.641022940509625	7.906487307155107	0.0750547315779716
mig-x-bible.txt.clean.txt	88	146	73884	0.001976070597152293	6.643020505309561	7.922823772591905	0.07605248905484197
mig-x-bible.txt.clean.txt	89	147	73679	0.0019951410849767233	6.657529028931725	7.925620987177114	0.07530110954194558
mig-x-bible.txt.clean.txt	90	148	73474	0.002014317990037292	6.671420120653355	7.9286228082642465	0.07462885432350075
mig-x-bible.txt.clean.txt	91	149	73273	0.00203349119047944	6.677552908910309	7.937728933250497	0.07502465277222514
mig-x-bible.txt.clean.txt	92	150	73073	0.002052741778769176	6.674938263197978	7.965459274917785	0.07662115360925004
mig-x-bible.txt.clean.txt	93	151	72875	0.002072041166380789	6.674565683746998	7.983457917255001	0.07789548607510632
mig-x-bible.txt.clean.txt	94	152	72677	0.002091445711848315	6.684233766011135	7.989130212491086	0.0777730939481529
mig-x-bible.txt.clean.txt	95	153	72480	0.002110927152317881	6.698729757152776	7.991336039768484	0.076977846251166
mig-x-bible.txt.clean.txt	96	154	72283	0.002130514782175615	6.715336800735359	7.992867873093483	0.07588632704034393
mig-x-bible.txt.clean.txt	97	155	72090	0.0021500901650714386	6.72737653885268	7.996178066406884	0.07541760363852312
mig-x-bible.txt.clean.txt	98	156	71899	0.0021697102880429493	6.729262421528928	8.009079886476865	0.07633618304469847
mig-x-bible.txt.clean.txt	99	156	71708	0.002175489485134155	6.722364268978807	8.023448796972197	0.07728302885264315
mig-x-bible.txt.clean.txt	100	157	71520	0.0021951901565995524	6.73023551500231	8.028966294045551	0.07737005847426304
mig-x-bible.txt.clean.txt	101	158	71332	0.0022149946727976224	6.736464959579211	8.035664259870373	0.07767426325598337
mig-x-bible.txt.clean.txt	102	159	71145	0.0022348724436010966	6.742754447549558	8.044038791494337	0.07796220877879878
mig-x-bible.txt.clean.txt	103	160	70958	0.0022548549846388003	6.757176610076684	8.045978861082002	0.07713152567081671
mig-x-bible.txt.clean.txt	104	161	70775	0.0022748145531614273	6.7616663687335095	8.065236786096559	0.07765065664303483
mig-x-bible.txt.clean.txt	105	162	70594	0.002294812590305125	6.767588824437554	8.072925912543829	0.07796633149480803
mig-x-bible.txt.clean.txt	106	163	70414	0.0023148805635242993	6.769444179042706	8.097810524460934	0.07882778666330781
mig-x-bible.txt.clean.txt	107	164	70236	0.002334984908024375	6.779275270858109	8.10246955649853	0.07859635017149857
mig-x-bible.txt.clean.txt	108	165	70060	0.002355124179274907	6.784702977173353	8.110543937474569	0.07895652948056797
mig-x-bible.txt.clean.txt	109	166	69886	0.0023752969121140144	6.784047389442213	8.13223600142803	0.0801340857098003
mig-x-bible.txt.clean.txt	110	167	69712	0.00239557034656874	6.789740989476407	8.138566891621757	0.08044245536797168
mig-x-bible.txt.clean.txt	111	168	69539	0.002415910496268281	6.801985594187837	8.140910782099937	0.07985747835609291
mig-x-bible.txt.clean.txt	112	169	69366	0.002436352103335928	6.8159259393050995	8.14253253494222	0.07903837672444713
mig-x-bible.txt.clean.txt	113	170	69193	0.002456895928778923	6.820985964575685	8.155403692923514	0.07941340612656811
mig-x-bible.txt.clean.txt	114	171	69022	0.0024774709512908927	6.834314422029046	8.15709180398453	0.07866671542549908
mig-x-bible.txt.clean.txt	115	172	68852	0.002498111892174519	6.845643453518841	8.159933995418422	0.07818483724481062
mig-x-bible.txt.clean.txt	116	173	68687	0.0025186716554806586	6.853877817852188	8.164058254318338	0.07811425023590479
mig-x-bible.txt.clean.txt	117	174	68522	0.0025393304340211903	6.851719158918977	8.193650719653158	0.07943421003525075
mig-x-bible.txt.clean.txt	118	174	68357	0.0025454598651198854	6.853739230904602	8.19146640428201	0.07916280236075313
mig-x-bible.txt.clean.txt	119	175	68195	0.002566170540362197	6.866059677664224	8.1934774953822	0.07853105023945695
mig-x-bible.txt.clean.txt	120	176	68033	0.002586979848014934	6.862176675670408	8.226372752944751	0.08006708466562718
mig-x-bible.txt.clean.txt	121	176	67871	0.002593154661048165	6.858955347950478	8.228852747520666	0.08049893093550675
mig-x-bible.txt.clean.txt	122	177	67710	0.002614089499335401	6.8646903711802825	8.235672578429778	0.08073741641268317
mig-x-bible.txt.clean.txt	123	178	67549	0.0026351241321115044	6.867755446383845	8.244550311607467	0.08132686781796583
mig-x-bible.txt.clean.txt	124	179	67389	0.0026562198578403006	6.880846834298169	8.245866453618131	0.08056972016840658
mig-x-bible.txt.clean.txt	125	180	67230	0.002677376171352075	6.884039912162078	8.253995641385108	0.08112988553731382
mig-x-bible.txt.clean.txt	126	181	67071	0.0026986327921158177	6.896269910806537	8.255598034864166	0.0804784505393894
mig-x-bible.txt.clean.txt	127	182	66912	0.0027199904351984695	6.907609436166703	8.257517458954407	0.07994161172422665
mig-x-bible.txt.clean.txt	128	183	66755	0.002741367687813647	6.919418603251331	8.259397166017338	0.07933808532311648
mig-x-bible.txt.clean.txt	129	184	66602	0.0027626797994054235	6.9281245366891175	8.262948059314057	0.07914302066570011
mig-x-bible.txt.clean.txt	130	184	66451	0.002768957577764067	6.927890385310011	8.26200980177184	0.07917414307560044
mig-x-bible.txt.clean.txt	131	185	66300	0.002790346907993967	6.940047627781874	8.263679473770237	0.07851598486075073
mig-x-bible.txt.clean.txt	132	186	66150	0.0028117913832199546	6.950287603537218	8.266307501498837	0.07810834369255937
mig-x-bible.txt.clean.txt	133	187	66003	0.002833204551308274	6.963573042449453	8.26772191785416	0.07729290777002173
mig-x-bible.txt.clean.txt	134	188	65857	0.0028546699667461317	6.96844100885264	8.273752294032754	0.07758831808495215
mig-x-bible.txt.clean.txt	135	189	65712	0.0028761869978086193	6.97828447947304	8.276376076588386	0.07722020956081443
mig-x-bible.txt.clean.txt	136	190	65567	0.0028977991977671693	6.988228366353931	8.278856937926378	0.07683465472404938
mig-x-bible.txt.clean.txt	137	191	65426	0.002919328707241769	6.992725790620945	8.285181218613696	0.07716377820025966
mig-x-bible.txt.clean.txt	138	192	65285	0.0029409512139082486	7.000302471170936	8.289399297109075	0.07708146605795774
mig-x-bible.txt.clean.txt	139	193	65146	0.0029625763669296657	7.011080287894705	8.291646118653428	0.07657293897346396
mig-x-bible.txt.clean.txt	140	194	65012	0.0029840644804036177	7.0145644084590195	8.309094132345095	0.07702041403407134
mig-x-bible.txt.clean.txt	141	195	64879	0.003005595030749549	7.025244339022262	8.311405180362112	0.0765164585630359
mig-x-bible.txt.clean.txt	142	196	64749	0.003027073777201192	7.0379494176566535	8.31322194198682	0.07574292891859646
mig-x-bible.txt.clean.txt	143	197	64619	0.0030486389452018758	7.043808717544122	8.318334519545637	0.07586449365723358
mig-x-bible.txt.clean.txt	144	198	64489	0.0030702910573896323	7.051264560471675	8.322228992962305	0.07577205895533323
mig-x-bible.txt.clean.txt	145	199	64360	0.0030919825978868863	7.056918908057925	8.327359997862189	0.07591124892092105
mig-x-bible.txt.clean.txt	146	200	64231	0.0031137612679235883	7.066733166535251	8.329978823059783	0.07550155430860905
mig-x-bible.txt.clean.txt	147	201	64104	0.0031355297641332833	7.072535435341893	8.336538660179672	0.07561264505689058
mig-x-bible.txt.clean.txt	148	202	63978	0.0031573353340210697	7.081579460470229	8.339439893003636	0.07529591257440271
mig-x-bible.txt.clean.txt	149	203	63852	0.0031792269623504353	7.082953082189015	8.350067538925888	0.07597616611823854
mig-x-bible.txt.clean.txt	150	204	63728	0.003201104694953553	7.085542387182897	8.380595274755272	0.07649249469761465
mig-x-bible.txt.clean.txt	151	205	63604	0.003223067731589208	7.09496493599352	8.383095675856868	0.07611389780794775
mig-x-bible.txt.clean.txt	152	206	63481	0.0032450654526551253	7.09974243556918	8.389355630311746	0.07633618049448843
mig-x-bible.txt.clean.txt	153	207	63358	0.0032671485842356135	7.103261672333568	8.401254939352313	0.07671752593151893
mig-x-bible.txt.clean.txt	154	208	63237	0.0032892135933077155	7.108123864712223	8.41282289389488	0.0769197442106404
mig-x-bible.txt.clean.txt	155	209	63117	0.003311310740371057	7.115266273527654	8.416332761660172	0.07682175546857795
mig-x-bible.txt.clean.txt	156	210	62997	0.0033334920710510023	7.12536738514605	8.418411529659338	0.07633645197984729
mig-x-bible.txt.clean.txt	157	211	62879	0.0033556513303328616	7.128644209843693	8.426566717784088	0.07673194766491431
mig-x-bible.txt.clean.txt	158	212	62762	0.003377840094324591	7.136515485350854	8.430264706700228	0.07652834584537305
mig-x-bible.txt.clean.txt	159	213	62647	0.0034000031924912607	7.140026587319063	8.437399709351695	0.07688498497108565
mig-x-bible.txt.clean.txt	160	214	62532	0.0034222478091217295	7.144697458620103	8.445441424614856	0.07708739555814736
mig-x-bible.txt.clean.txt	161	215	62417	0.0034445743947962896	7.146235647691228	8.455675843434886	0.07769001283055665
mig-x-bible.txt.clean.txt	162	216	62303	0.003466927756287819	7.1516083281543334	8.464004886900254	0.07779341400385642
mig-x-bible.txt.clean.txt	163	217	62189	0.003489363070639502	7.156999221971479	8.468320170459227	0.07789061649762485
mig-x-bible.txt.clean.txt	164	218	62077	0.003511767643410603	7.1598655268936096	8.48096611287135	0.07830900664175278
mig-x-bible.txt.clean.txt	165	219	61965	0.003534253207455822	7.160926710674559	8.495560398521453	0.07895526195390157
mig-x-bible.txt.clean.txt	166	220	61853	0.0035568202027387516	7.169820496923762	8.497781874733185	0.07859027716428413
mig-x-bible.txt.clean.txt	167	221	61743	0.003579353125050613	7.180148476608373	8.499589138649522	0.07803822378981462
mig-x-bible.txt.clean.txt	168	222	61633	0.0036019664789966412	7.188156555020438	8.502594446131482	0.07778123745577892
mig-x-bible.txt.clean.txt	169	223	61528	0.0036243661422441817	7.198064105815596	8.504684783490685	0.07727772460083326
mig-x-bible.txt.clean.txt	170	224	61424	0.0036467830164105238	7.2037055039254145	8.509297510426755	0.07731804486391902
mig-x-bible.txt.clean.txt	171	225	61321	0.0036692160923663996	7.202308720586108	8.527205548846862	0.07825564290413534
mig-x-bible.txt.clean.txt	172	226	61218	0.003691724656146885	7.207489303171665	8.531488423036404	0.07834726828991889
mig-x-bible.txt.clean.txt	173	227	61116	0.00371424831468028	7.207939305315362	8.54198658229927	0.07903984533924213
mig-x-bible.txt.clean.txt	174	228	61014	0.0037368472809519125	7.217392658049821	8.544051053531993	0.07857857763888876
mig-x-bible.txt.clean.txt	175	229	60912	0.0037595219332807986	7.226095398180522	8.546485193063043	0.07821054363293445
mig-x-bible.txt.clean.txt	176	230	60811	0.00378221045534525	7.2312384002876655	8.550635521776062	0.07829359882787323
mig-x-bible.txt.clean.txt	177	231	60711	0.0038049117952265654	7.232181811764358	8.559870312601646	0.0789081803791275
mig-x-bible.txt.clean.txt	178	232	60611	0.0038276880434244607	7.239619922224968	8.562990562924558	0.07869210593484832
mig-x-bible.txt.clean.txt	179	233	60512	0.0038504759386567954	7.241602495431922	8.570927942042623	0.07916695227840742
mig-x-bible.txt.clean.txt	180	234	60413	0.003873338519854998	7.24183494965526	8.581718769448496	0.07986031045857478
mig-x-bible.txt.clean.txt	181	235	60315	0.003896211555997679	7.243065279858499	8.591373636962889	0.08042281518644523
mig-x-bible.txt.clean.txt	182	236	60218	0.0039190939586170245	7.242997495909302	8.603349093830118	0.08114607618878844
mig-x-bible.txt.clean.txt	183	237	60122	0.003941984631249792	7.248738054652386	8.606934405795682	0.08112891674288625
mig-x-bible.txt.clean.txt	184	238	60026	0.003964948522307	7.250498597532115	8.62948730331387	0.08161292446424473
mig-x-bible.txt.clean.txt	185	239	59930	0.003987985983647589	7.256939587416344	8.633142738964063	0.0815008322775378
mig-x-bible.txt.clean.txt	186	240	59834	0.004011097369388642	7.262268404948912	8.639511092032572	0.08152663589624332
mig-x-bible.txt.clean.txt	187	241	59739	0.004034215504109543	7.263246701759438	8.648041759645977	0.08209929481713718
mig-x-bible.txt.clean.txt	188	242	59644	0.0040574072832137344	7.269188175312031	8.65154907836511	0.08204145500385729
mig-x-bible.txt.clean.txt	189	243	59550	0.004080604534005038	7.276452790599376	8.653948702480701	0.08181388679055845
mig-x-bible.txt.clean.txt	190	244	59456	0.004103875134553283	7.284327640162818	8.656065538010354	0.0815068851591434
mig-x-bible.txt.clean.txt	191	245	59362	0.004127219433307503	7.291287578887668	8.658919458683005	0.08131281344503494
mig-x-bible.txt.clean.txt	192	246	59268	0.004150637780927313	7.294867146135415	8.663689517911255	0.08154185412799098
mig-x-bible.txt.clean.txt	193	247	59174	0.00417413053030047	7.3030518865511596	8.665786257343775	0.08118841596412507
mig-x-bible.txt.clean.txt	194	248	59082	0.004197555939203141	7.300899116943275	8.688210089372	0.08213239502154368
mig-x-bible.txt.clean.txt	195	249	58990	0.0042210544160027124	7.310690326186574	8.689602731994523	0.08157178998483106
mig-x-bible.txt.clean.txt	196	250	58898	0.004244626303100275	7.314836409355674	8.696601923791743	0.08171798934598262
mig-x-bible.txt.clean.txt	197	251	58807	0.00426819936402129	7.3174605643322295	8.702198991474393	0.08205223808811446
mig-x-bible.txt.clean.txt	198	252	58716	0.004291845493562232	7.323346997174346	8.705194787199925	0.08197442393856313
mig-x-bible.txt.clean.txt	199	253	58625	0.004315565031982943	7.3318288475577855	8.706926249700874	0.0815689905101119
mig-x-bible.txt.clean.txt	200	254	58535	0.004339284188946784	7.33604251847337	8.711030675768038	0.08169582276534892
mig-x-bible.txt.clean.txt	201	255	58445	0.004363076396612199	7.3415241131252795	8.71464290446708	0.08166130368012448
mig-x-bible.txt.clean.txt	202	256	58356	0.004386866817465213	7.350031262969869	8.716318911906015	0.08124609212876632
mig-x-bible.txt.clean.txt	203	257	58267	0.004410729915732748	7.351310358841941	8.730606456703635	0.08173181072022961
mig-x-bible.txt.clean.txt	204	258	58178	0.004434666024957888	7.359134830318576	8.732418386122548	0.08139731957587892
mig-x-bible.txt.clean.txt	205	259	58091	0.0044585219741440155	7.360138785636758	8.740398308426661	0.0819115885630457
mig-x-bible.txt.clean.txt	206	260	58004	0.004482449486242328	7.3668437728104745	8.742932141768916	0.08171204007293187
mig-x-bible.txt.clean.txt	207	261	57918	0.004506371076349321	7.370771036064128	8.748378234249582	0.0818563347386645
mig-x-bible.txt.clean.txt	208	262	57832	0.0045303638124221885	7.373707226012682	8.757444248359405	0.08212137906823913
mig-x-bible.txt.clean.txt	209	263	57746	0.004554428012329859	7.377407148829326	8.761746736345838	0.08228865614196368
mig-x-bible.txt.clean.txt	210	264	57660	0.004578563995837669	7.382807055134854	8.765758255686915	0.08224200038030494
mig-x-bible.txt.clean.txt	211	265	57575	0.004602692140686062	7.39154703343297	8.767275581642762	0.08177812439247989
mig-x-bible.txt.clean.txt	212	266	57490	0.0046268916333275355	7.395841124849008	8.77147721491071	0.08186445552124844
mig-x-bible.txt.clean.txt	213	267	57406	0.004651081768456259	7.401770007636127	8.774400798267799	0.08174553780910043
mig-x-bible.txt.clean.txt	214	268	57322	0.004675342800320993	7.408855590316295	8.776384847452238	0.08148107275071881
mig-x-bible.txt.clean.txt	215	269	57239	0.004699592934887052	7.414957346125725	8.778844953204208	0.0813365641740974
mig-x-bible.txt.clean.txt	216	270	57157	0.0047238308518641635	7.421860529042228	8.780912285862254	0.081090754164024
mig-x-bible.txt.clean.txt	217	271	57075	0.0047481384143670605	7.425932069392749	8.784740399706958	0.08119337673723426
mig-x-bible.txt.clean.txt	218	272	56995	0.004772348451618563	7.427926425594291	8.791571439955796	0.08155047245374203
mig-x-bible.txt.clean.txt	219	273	56916	0.004796542272823108	7.431805128772533	8.795746047893484	0.08167204336397438
mig-x-bible.txt.clean.txt	220	274	56837	0.004820803349930503	7.435579372510038	8.800628503485637	0.08180415978400346
mig-x-bible.txt.clean.txt	221	275	56759	0.0048450466005391215	7.443163079049888	8.802509627158532	0.08146381382096024
mig-x-bible.txt.clean.txt	222	276	56681	0.004869356574513505	7.448141073207112	8.806889757672357	0.08144310189741377
mig-x-bible.txt.clean.txt	223	277	56604	0.004893647092078298	7.451838466011714	8.811430882660991	0.08157810372717011
mig-x-bible.txt.clean.txt	224	278	56527	0.004918003785801476	7.459140956721648	8.81333672108762	0.08126676990162318
mig-x-bible.txt.clean.txt	225	279	56451	0.004942339373970346	7.460197048345233	8.821814691706837	0.08172259349663358
mig-x-bible.txt.clean.txt	226	280	56375	0.004966740576496674	7.464792943855631	8.82520800596992	0.0817403049819092
mig-x-bible.txt.clean.txt	227	281	56299	0.0049912076591058455	7.46553386456745	8.834849433630536	0.08222982535236845
mig-x-bible.txt.clean.txt	228	282	56223	0.005015740888960034	7.4699420042788685	8.838345944119	0.08226612489183271
mig-x-bible.txt.clean.txt	229	283	56148	0.005040250765833155	7.475918325040629	8.840706016130527	0.08210779358112563
mig-x-bible.txt.clean.txt	230	284	56073	0.00506482620869224	7.479866161308619	8.846767331015979	0.08219653301791963
mig-x-bible.txt.clean.txt	231	285	56000	0.005089285714285715	7.481045470682708	8.854647596800522	0.08262264459601965
mig-x-bible.txt.clean.txt	232	286	55927	0.005113809072540991	7.480945613986831	8.864354517509078	0.08320299362215255
mig-x-bible.txt.clean.txt	233	287	55854	0.005138396533820317	7.485944933723925	8.867541263508134	0.08315612156380081
mig-x-bible.txt.clean.txt	234	288	55782	0.005162955792191029	7.488729862442642	8.872066963954222	0.08337838338533254
mig-x-bible.txt.clean.txt	235	289	55710	0.005187578531681924	7.491978298102051	8.876156306798833	0.08354172391567427
mig-x-bible.txt.clean.txt	236	290	55638	0.005212264998741867	7.498376395834988	8.878673002429771	0.08331788124783446
mig-x-bible.txt.clean.txt	237	291	55566	0.005237015441097074	7.5024505500873	8.883635979107797	0.08337632086385582
mig-x-bible.txt.clean.txt	238	292	55495	0.0052617352914677	7.508672647475291	8.885810112064558	0.0831705131785968
mig-x-bible.txt.clean.txt	239	293	55424	0.005286518475750577	7.506377073774684	8.904170626069655	0.08400246558579527
mig-x-bible.txt.clean.txt	240	294	55354	0.005311269284965856	7.510175995728279	8.907591503838756	0.08408828061797935
mig-x-bible.txt.clean.txt	241	295	55284	0.005336082772592432	7.514348511366139	8.911427854132373	0.08412659488812646
mig-x-bible.txt.clean.txt	242	296	55215	0.005360862084578466	7.519402303392703	8.914099795030957	0.08405566503676454
mig-x-bible.txt.clean.txt	243	297	55146	0.005385703405505386	7.5255229233646395	8.916190419292448	0.08385310910211874
mig-x-bible.txt.clean.txt	244	298	55078	0.005410508733069465	7.526200179877492	8.928915597345911	0.08431124618743124
mig-x-bible.txt.clean.txt	245	299	55010	0.005435375386293401	7.5287365917396	8.93594026517626	0.08454097044262798
mig-x-bible.txt.clean.txt	246	300	54942	0.005460303592879764	7.5342225672637	8.938339720687534	0.08441018685153756
mig-x-bible.txt.clean.txt	247	301	54875	0.005485193621867881	7.534545083891467	8.947317289798567	0.08490489241827015
mig-x-bible.txt.clean.txt	248	302	54808	0.0055101445044519045	7.533981790673492	8.959464962437469	0.08550477561379144
mig-x-bible.txt.clean.txt	249	303	54741	0.005535156464076286	7.541636693747208	8.960922188523897	0.08510523872628217
mig-x-bible.txt.clean.txt	250	304	54675	0.005560128029263832	7.5446553263870655	8.964848926724157	0.08526653343039592
mig-x-bible.txt.clean.txt	251	304	54609	0.005566847955465216	7.546175262688889	8.963554134205543	0.08508225243382483
mig-x-bible.txt.clean.txt	252	305	54543	0.005591918302990302	7.549107747699354	8.970095858660248	0.08525217585877642
mig-x-bible.txt.clean.txt	253	306	54478	0.005616946290245604	7.551315439914269	8.974814832500078	0.08550796162532426
mig-x-bible.txt.clean.txt	254	307	54413	0.00564203407273997	7.557724649115996	8.976650065612729	0.08525322081589148
mig-x-bible.txt.clean.txt	255	308	54348	0.005667181865018032	7.556233446282817	8.991876115598652	0.08595275696478266
mig-x-bible.txt.clean.txt	256	309	54283	0.005692389882652027	7.563783290048363	8.993312952113161	0.08555677943171636
mig-x-bible.txt.clean.txt	257	310	54218	0.005717658342247962	7.567067369446424	8.997532838886336	0.08567500935292172
mig-x-bible.txt.clean.txt	258	311	54153	0.005742987461451812	7.5707281889082365	9.000829740596021	0.08574595299552867
mig-x-bible.txt.clean.txt	259	312	54088	0.005768377458955776	7.576224131206285	9.002919110922823	0.08559368259050537
mig-x-bible.txt.clean.txt	260	313	54024	0.005793721309047831	7.579891061398785	9.006856266459701	0.0856605755240939
mig-x-bible.txt.clean.txt	261	314	53960	0.005819125277983691	7.582562981774498	9.011255649726369	0.0858457292592043
mig-x-bible.txt.clean.txt	262	315	53896	0.0058445895799317206	7.588386964060296	9.01343084491858	0.08564926349021806
mig-x-bible.txt.clean.txt	263	316	53832	0.0058701144300787635	7.59349924109989	9.016154939332282	0.0855371220191643
mig-x-bible.txt.clean.txt	264	317	53769	0.005895590395953059	7.598439050832614	9.018413647428472	0.08544427192144588
mig-x-bible.txt.clean.txt	265	318	53706	0.00592112613115853	7.605137580258379	9.019991884273578	0.08513837844620131
mig-x-bible.txt.clean.txt	266	319	53643	0.005946721846280037	7.61075070196518	9.021905558603958	0.08496174767501641
mig-x-bible.txt.clean.txt	267	320	53581	0.005972266288423135	7.615185234918826	9.02457232950224	0.08492537449377002
mig-x-bible.txt.clean.txt	268	321	53519	0.005997869915357163	7.622002860426482	9.026100094871733	0.08460128411407197
mig-x-bible.txt.clean.txt	269	322	53457	0.006023532933011579	7.626841144481778	9.028511064882833	0.08451359483401544
mig-x-bible.txt.clean.txt	270	323	53395	0.00604925554827231	7.63288376439986	9.030364116874814	0.08427998694727712
mig-x-bible.txt.clean.txt	271	324	53334	0.006074924063449207	7.633533376877575	9.037158429404235	0.0846917661304154
mig-x-bible.txt.clean.txt	272	325	53273	0.0061006513618530964	7.633359435504553	9.045632618010325	0.08520029493882564
mig-x-bible.txt.clean.txt	273	326	53212	0.00612643764564384	7.634424801578093	9.05416596998553	0.08555834367309956
mig-x-bible.txt.clean.txt	274	327	53151	0.006152283117909353	7.639383118817552	9.056357303413112	0.08544848086493084
mig-x-bible.txt.clean.txt	275	328	53090	0.006178187982670936	7.642940573680699	9.059250035842437	0.08550487398014595
mig-x-bible.txt.clean.txt	276	329	53030	0.006204035451631152	7.648177988900238	9.06123675090894	0.08535883571436265
mig-x-bible.txt.clean.txt	277	330	52970	0.0062299414763073435	7.651457852519753	9.067355684253144	0.08544547334177766
mig-x-bible.txt.clean.txt	278	331	52910	0.006255906255906256	7.6571910155329554	9.069233544656186	0.08523749085338339
mig-x-bible.txt.clean.txt	279	332	52851	0.006281811129401525	7.660264249604511	9.073121687218327	0.08534588853003877
mig-x-bible.txt.clean.txt	280	333	52792	0.006307773905137142	7.6662185489389145	9.07481359183646	0.08510891702120482
mig-x-bible.txt.clean.txt	281	334	52734	0.0063336746690939435	7.667051939941587	9.081125903625619	0.08548158755739932
mig-x-bible.txt.clean.txt	282	335	52676	0.006359632470195155	7.668485825488767	9.092514198910145	0.08578087471439477
mig-x-bible.txt.clean.txt	283	336	52619	0.006385526140747639	7.671823500832086	9.095504212497591	0.08585160518250667
mig-x-bible.txt.clean.txt	284	337	52562	0.0064114759712339715	7.675671245340514	9.098187515276349	0.08586012497063966
mig-x-bible.txt.clean.txt	285	338	52505	0.006437482144557661	7.68231542201463	9.0996564883031	0.08553438002742653
mig-x-bible.txt.clean.txt	286	339	52449	0.006463421609563576	7.6875016871474005	9.101836592530793	0.0853810467243652
mig-x-bible.txt.clean.txt	287	340	52394	0.006489292667099286	7.692886148119056	9.104242903547519	0.08520293484509178
mig-x-bible.txt.clean.txt	288	341	52340	0.006515093618647306	7.694562492248947	9.108852675653262	0.08546437313857125
mig-x-bible.txt.clean.txt	289	342	52286	0.006540947863672876	7.69719156791953	9.112412863134487	0.08561102082650773
mig-x-bible.txt.clean.txt	290	343	52232	0.006566855567468219	7.696790590627729	9.121291954568179	0.0861159579843348
mig-x-bible.txt.clean.txt	291	344	52179	0.006592690546005098	7.702742787318099	9.123083850580445	0.08586508832163775
mig-x-bible.txt.clean.txt	292	345	52126	0.0066185780608525495	7.702191826239478	9.132124546253326	0.08638453522666201
mig-x-bible.txt.clean.txt	293	346	52073	0.006644518272425249	7.704315906649519	9.138481866897589	0.08658500425594107
mig-x-bible.txt.clean.txt	294	347	52020	0.006670511341791619	7.707595142506749	9.141775666209565	0.08664708442217506
mig-x-bible.txt.clean.txt	295	348	51967	0.00669655743067716	7.713100726346399	9.143882550028806	0.08644411393504914
mig-x-bible.txt.clean.txt	296	349	51915	0.006722527207936049	7.7143000185929065	9.149317162829561	0.08674985056889972
mig-x-bible.txt.clean.txt	297	350	51863	0.00674854906195168	7.718425579438303	9.152085534411823	0.08670775379969753
mig-x-bible.txt.clean.txt	298	351	51811	0.006774623149524232	7.718107003271571	9.160145884027441	0.08719002799355113
mig-x-bible.txt.clean.txt	299	352	51760	0.0068006182380216385	7.722018651274466	9.163291824919533	0.08717050986477726
mig-x-bible.txt.clean.txt	300	353	51709	0.0068266646038407245	7.725262301493283	9.166594164408359	0.08722868148278962
mig-x-bible.txt.clean.txt	301	354	51658	0.006852762398854001	7.728126116324173	9.171273763969037	0.08733040638053524
mig-x-bible.txt.clean.txt	302	355	51607	0.006878911775534327	7.732585436298477	9.173746723617986	0.087242459063819
mig-x-bible.txt.clean.txt	303	356	51557	0.006904978955330993	7.734486783942915	9.178529725559802	0.08745516279633248
mig-x-bible.txt.clean.txt	304	357	51507	0.006931096744131866	7.739387389047893	9.180519607888176	0.0873127430107975
mig-x-bible.txt.clean.txt	305	358	51457	0.00695726528946499	7.740469584120857	9.185592634974192	0.08761932279758955
mig-x-bible.txt.clean.txt	306	359	51408	0.006983348895113601	7.742843562577026	9.190098420818838	0.08777220921663242
mig-x-bible.txt.clean.txt	307	360	51359	0.007009482271851088	7.747056323367126	9.192408438181747	0.08770721355088706
mig-x-bible.txt.clean.txt	308	361	51310	0.007035665562268563	7.748925987661073	9.196527458262876	0.08791687674310134
mig-x-bible.txt.clean.txt	309	362	51261	0.007061898909502351	7.7543947647840525	9.198326117590792	0.08770172214910132
mig-x-bible.txt.clean.txt	310	363	51212	0.0070881824572365856	7.7574738558137355	9.201659786985678	0.08776660119541935
mig-x-bible.txt.clean.txt	311	364	51163	0.007114516349705842	7.764206258557614	9.20308705364568	0.08740083806532928
mig-x-bible.txt.clean.txt	312	365	51115	0.007140761029052137	7.7654594939630925	9.208400417331827	0.0876779660031557
mig-x-bible.txt.clean.txt	313	366	51067	0.0071670550453326026	7.769096407321613	9.21130220910403	0.08767376083477296
mig-x-bible.txt.clean.txt	314	367	51020	0.007193257546060369	7.773334232674919	9.213538161255393	0.08759787366734528
mig-x-bible.txt.clean.txt	315	368	50973	0.007219508367174779	7.775500618552597	9.219959097700947	0.08776393500288082
mig-x-bible.txt.clean.txt	316	369	50926	0.007245807642461611	7.779644181363597	9.22219141857628	0.08769684446704706
mig-x-bible.txt.clean.txt	317	370	50879	0.007272155506200986	7.784366309136487	9.224227502497081	0.0875608662954589
mig-x-bible.txt.clean.txt	318	371	50832	0.007298552093169657	7.787218172969482	9.227349935146496	0.08764300747698706
mig-x-bible.txt.clean.txt	319	372	50785	0.0073249975386433	7.789428377822252	9.234122068338941	0.08779909706217248
mig-x-bible.txt.clean.txt	320	373	50739	0.007351347090009657	7.791669398900379	9.238870841182086	0.08795032456433127
mig-x-bible.txt.clean.txt	321	374	50693	0.007377744461760006	7.795881066007226	9.241031484995956	0.08786973998626924
mig-x-bible.txt.clean.txt	322	375	50647	0.007404189784192549	7.798978503284503	9.244698052608399	0.08791843577730807
mig-x-bible.txt.clean.txt	323	376	50601	0.007430683188079287	7.801467608914635	9.249906430141072	0.08803710567753453
mig-x-bible.txt.clean.txt	324	377	50556	0.007457077300419337	7.801127215287215	9.261912810061972	0.08848519176059766
mig-x-bible.txt.clean.txt	325	378	50511	0.007483518441527588	7.805708085958163	9.263920400694378	0.08835703321396349
mig-x-bible.txt.clean.txt	326	379	50466	0.00751000673720921	7.8092435604158705	9.267122509407203	0.08834995371063592
mig-x-bible.txt.clean.txt	327	380	50421	0.007536542313718491	7.812722078247976	9.269681242317159	0.08834845821053794
mig-x-bible.txt.clean.txt	328	381	50377	0.007562975167239018	7.814282476580175	9.274635379930452	0.0885696243741938
mig-x-bible.txt.clean.txt	329	382	50333	0.007589454234796257	7.819028148976913	9.27658283602689	0.08841818384781752
mig-x-bible.txt.clean.txt	330	383	50289	0.007615979637694128	7.821288634235866	9.280151034881355	0.0885554346893761
mig-x-bible.txt.clean.txt	331	384	50245	0.007642551497661459	7.824613842432118	9.283118304617311	0.0885674990688855
mig-x-bible.txt.clean.txt	332	385	50202	0.007669017170630652	7.826860614814418	9.286526048401594	0.08870407890973042
mig-x-bible.txt.clean.txt	333	386	50159	0.0076955282202595746	7.829707154206826	9.290824036635332	0.08876970577251386
mig-x-bible.txt.clean.txt	334	387	50117	0.0077219306822036435	7.833405279723021	9.293213182964518	0.08873518361738864
mig-x-bible.txt.clean.txt	335	388	50075	0.007748377433849226	7.838844039161261	9.2949630011292	0.08849726933189606
mig-x-bible.txt.clean.txt	336	389	50033	0.007774868586732756	7.8417180727716636	9.298581063747292	0.08855664363649818
mig-x-bible.txt.clean.txt	337	390	49991	0.007801404252765497	7.844473841014783	9.301451282757034	0.0886286972763457
mig-x-bible.txt.clean.txt	338	391	49950	0.007827827827827828	7.847423407853185	9.304656271082504	0.0886771792473463
mig-x-bible.txt.clean.txt	339	392	49910	0.00785413744740533	7.851764552465082	9.306823580395164	0.088563086332072
mig-x-bible.txt.clean.txt	340	393	49870	0.00788048927210748	7.854775398737709	9.30959497057162	0.08860245382627396
mig-x-bible.txt.clean.txt	341	394	49830	0.007906883403572146	7.8575529809185625	9.312604905653888	0.08866785476893768
mig-x-bible.txt.clean.txt	342	395	49790	0.007933319943763808	7.859349373308757	9.318811900279707	0.08884597007605965
mig-x-bible.txt.clean.txt	343	396	49750	0.007959798994974874	7.863541397448777	9.32104306541395	0.08874534410234725
mig-x-bible.txt.clean.txt	344	397	49710	0.007986320659826997	7.867576868775162	9.323249520186815	0.08866196619929856
mig-x-bible.txt.clean.txt	345	398	49670	0.008012885041272398	7.871135408636197	9.325714617265469	0.0886329145400866
mig-x-bible.txt.clean.txt	346	399	49630	0.008039492242595205	7.873039669790976	9.329622899955268	0.08879438859597932
mig-x-bible.txt.clean.txt	347	400	49590	0.008066142367412784	7.874456349676752	9.339051783289943	0.08901118010363673
mig-x-bible.txt.clean.txt	348	401	49551	0.00809267219632298	7.878941332355124	9.3412992204733	0.08887201952294943
mig-x-bible.txt.clean.txt	349	402	49512	0.008119243819680077	7.87891389265643	9.347852692026816	0.08925363367205519
mig-x-bible.txt.clean.txt	350	403	49473	0.008145857336324865	7.879332797426247	9.357040645975438	0.08958241901174313
