file	merge	types	tokens	TTR	H	Hcross	R
plt-x-bible-romancatholic.txt.clean.txt	0	39	119604	0.00032607605096819506	4.147575714512982	7.498106051126897	0.2152771836907047
plt-x-bible-romancatholic.txt.clean.txt	1	40	113184	0.0003534068419564603	4.359359908414815	7.369242509129491	0.1808683186451282
plt-x-bible-romancatholic.txt.clean.txt	2	41	109855	0.00037321924354831367	4.459627748792445	7.299577242182848	0.16759972745978924
plt-x-bible-romancatholic.txt.clean.txt	3	42	107658	0.0003901242824499805	4.533374666775184	7.253410995012691	0.1592900952705688
plt-x-bible-romancatholic.txt.clean.txt	4	43	105619	0.000407123718270387	4.60119008458948	7.216793627237122	0.15205204821560803
plt-x-bible-romancatholic.txt.clean.txt	5	44	103798	0.0004239002678278965	4.672687583703561	7.1790288701457445	0.14410731553958211
plt-x-bible-romancatholic.txt.clean.txt	6	45	102124	0.000440640789628295	4.712566020061507	7.165257310871691	0.14189874758102727
plt-x-bible-romancatholic.txt.clean.txt	7	46	100763	0.00045651677699155445	4.765410443440496	7.142895336785658	0.13725771859680969
plt-x-bible-romancatholic.txt.clean.txt	8	47	99458	0.00047256128214924893	4.807334490934493	7.1258372587366	0.13452919391458706
plt-x-bible-romancatholic.txt.clean.txt	9	48	98173	0.0004889328022979842	4.8495170408038195	7.1131713372544185	0.1316831509293701
plt-x-bible-romancatholic.txt.clean.txt	10	49	96941	0.0005054620851858347	4.906231694134866	7.0911875156098505	0.12618250446599655
plt-x-bible-romancatholic.txt.clean.txt	11	50	95927	0.0005212296850730242	4.940408845660889	7.085949727533684	0.12463948769430178
plt-x-bible-romancatholic.txt.clean.txt	12	51	94928	0.0005372492836676218	4.974796290927863	7.079254173756025	0.12298602607983666
plt-x-bible-romancatholic.txt.clean.txt	13	52	93950	0.0005534858967535923	5.018737250435086	7.067364778831152	0.11958769874130137
plt-x-bible-romancatholic.txt.clean.txt	14	53	92988	0.0005699660171204887	5.026186046890034	7.087056908143674	0.12251119987431414
plt-x-bible-romancatholic.txt.clean.txt	15	54	92104	0.0005862937548857813	5.070935052878127	7.076963128479607	0.11884723185782842
plt-x-bible-romancatholic.txt.clean.txt	16	55	91237	0.0006028256080318292	5.0956037592831205	7.089273577759119	0.11861499512602758
plt-x-bible-romancatholic.txt.clean.txt	17	56	90380	0.0006196061075459172	5.125866162956875	7.0855123848578305	0.11734925249915162
plt-x-bible-romancatholic.txt.clean.txt	18	57	89544	0.0006365585633878317	5.148087261755054	7.104430744628382	0.11740367995053813
plt-x-bible-romancatholic.txt.clean.txt	19	58	88723	0.0006537200049592552	5.187313772056548	7.0964972918249	0.11448777721007586
plt-x-bible-romancatholic.txt.clean.txt	20	59	87905	0.0006711791138160515	5.2064064669123935	7.1212992469576575	0.11495454964292062
plt-x-bible-romancatholic.txt.clean.txt	21	60	87108	0.0006888001102080177	5.251346369564884	7.1110837663175825	0.11097957807632308
plt-x-bible-romancatholic.txt.clean.txt	22	61	86320	0.000706672845227062	5.268853499600426	7.1186664564082385	0.11160228489135016
plt-x-bible-romancatholic.txt.clean.txt	23	62	85567	0.0007245784005516145	5.273509502463535	7.147796098870019	0.11432051824289158
plt-x-bible-romancatholic.txt.clean.txt	24	63	84837	0.0007426005162841685	5.309684909782941	7.141622774667586	0.1116887651676306
plt-x-bible-romancatholic.txt.clean.txt	25	64	84133	0.0007607003197318531	5.333658978068134	7.143497317630414	0.11105683698864433
plt-x-bible-romancatholic.txt.clean.txt	26	65	83447	0.0007789375292101573	5.36477275737898	7.141781857971625	0.10919211115383387
plt-x-bible-romancatholic.txt.clean.txt	27	66	82798	0.0007971207033986329	5.406728024724162	7.13489642948451	0.10549710724388917
plt-x-bible-romancatholic.txt.clean.txt	28	67	82159	0.0008154919120242456	5.44799840240104	7.1284857273374165	0.10189279594322753
plt-x-bible-romancatholic.txt.clean.txt	29	68	81531	0.0008340385865499013	5.47957506673827	7.126651121580347	0.09985897086596618
plt-x-bible-romancatholic.txt.clean.txt	30	69	80912	0.0008527783270713863	5.514143376827111	7.123258737281797	0.09730354427762311
plt-x-bible-romancatholic.txt.clean.txt	31	70	80310	0.0008716224629560453	5.551760488597887	7.118717833926867	0.09422350489453091
plt-x-bible-romancatholic.txt.clean.txt	32	71	79724	0.0008905724750388842	5.576228070185606	7.120664186739811	0.09325896466540706
plt-x-bible-romancatholic.txt.clean.txt	33	72	79143	0.0009097456502786096	5.602143809292715	7.123192196813666	0.09202400223939022
plt-x-bible-romancatholic.txt.clean.txt	34	73	78591	0.0009288595386240155	5.633121279954453	7.122765540763721	0.08993845845386828
plt-x-bible-romancatholic.txt.clean.txt	35	74	78040	0.0009482316760635571	5.655694857333524	7.127639574787005	0.08917991257662605
plt-x-bible-romancatholic.txt.clean.txt	36	75	77552	0.000967093047245719	5.671059820958571	7.144308408314596	0.08954488760258106
plt-x-bible-romancatholic.txt.clean.txt	37	76	77075	0.000986052546221213	5.696868478884637	7.146421216158413	0.08819869202599451
plt-x-bible-romancatholic.txt.clean.txt	38	77	76606	0.0010051432002715192	5.728778827068637	7.146192510830594	0.0858506525046897
plt-x-bible-romancatholic.txt.clean.txt	39	78	76140	0.001024428684003152	5.744803578090016	7.15658928800475	0.08600859928262305
plt-x-bible-romancatholic.txt.clean.txt	40	79	75674	0.0010439516875016517	5.779226044704719	7.155204641110074	0.08321271383432438
plt-x-bible-romancatholic.txt.clean.txt	41	80	75221	0.001063532790045333	5.810984468331039	7.154923709113729	0.08082085384196813
plt-x-bible-romancatholic.txt.clean.txt	42	81	74776	0.001083235262651118	5.833774084860655	7.158916615825142	0.07982458856182795
plt-x-bible-romancatholic.txt.clean.txt	43	82	74334	0.001103129119918207	5.853671557857801	7.166374109241026	0.07925699174686529
plt-x-bible-romancatholic.txt.clean.txt	44	83	73907	0.0011230330009336057	5.876052355297773	7.171330011181647	0.07827199838099275
plt-x-bible-romancatholic.txt.clean.txt	45	84	73491	0.0011429971016859207	5.901059205896492	7.174597050086422	0.07685134895393186
plt-x-bible-romancatholic.txt.clean.txt	46	85	73084	0.0011630452629850583	5.919870218074943	7.182277590419151	0.07637554378259592
plt-x-bible-romancatholic.txt.clean.txt	47	86	72686	0.0011831714497977602	5.930382095089792	7.195334139528059	0.07716499063464022
plt-x-bible-romancatholic.txt.clean.txt	48	87	72295	0.0012034027249464001	5.953045225238782	7.198850627122589	0.07603640648495424
plt-x-bible-romancatholic.txt.clean.txt	49	88	71908	0.0012237859487122433	5.9608980478605655	7.214288999729755	0.07717916996571661
plt-x-bible-romancatholic.txt.clean.txt	50	89	71524	0.0012443375650131425	5.985287861108263	7.21715347683048	0.075735910856501
plt-x-bible-romancatholic.txt.clean.txt	51	90	71150	0.0012649332396345748	6.004415859754653	7.225767527882316	0.07508445267355268
plt-x-bible-romancatholic.txt.clean.txt	52	91	70783	0.0012856194283938235	6.020381826135452	7.2345448222219515	0.07489677241080894
plt-x-bible-romancatholic.txt.clean.txt	53	92	70441	0.0013060575517099416	6.022536311105163	7.2590375875084865	0.07680246594219231
plt-x-bible-romancatholic.txt.clean.txt	54	93	70100	0.001326676176890157	6.041801732927483	7.264513022062823	0.07605826568024177
plt-x-bible-romancatholic.txt.clean.txt	55	94	69771	0.0013472646228375686	6.056017064384268	7.275637733916939	0.0760645402138016
plt-x-bible-romancatholic.txt.clean.txt	56	95	69445	0.0013679890560875513	6.075238127757158	7.280565192102985	0.07528589820856746
plt-x-bible-romancatholic.txt.clean.txt	57	96	69121	0.0013888687953009938	6.098975290979199	7.2835426864423845	0.07380257817546165
plt-x-bible-romancatholic.txt.clean.txt	58	97	68803	0.0014098222461229888	6.1078029682974915	7.29801017716543	0.07456308676442425
plt-x-bible-romancatholic.txt.clean.txt	59	98	68492	0.0014308240378438357	6.129414744251856	7.301999383319677	0.07336604496644639
plt-x-bible-romancatholic.txt.clean.txt	60	99	68181	0.0014520174242090905	6.147118625011131	7.308710291817597	0.07274280487609186
plt-x-bible-romancatholic.txt.clean.txt	61	100	67879	0.0014732096819340297	6.165541009541351	7.314270198298178	0.07199360831583435
plt-x-bible-romancatholic.txt.clean.txt	62	101	67585	0.0014944144410742029	6.180781933361918	7.325649104222189	0.07170537472813321
plt-x-bible-romancatholic.txt.clean.txt	63	102	67299	0.0015156243034814781	6.201495419908816	7.329896447604347	0.07057852249022456
plt-x-bible-romancatholic.txt.clean.txt	64	103	67015	0.0015369693352234575	6.217074257123568	7.337290239961384	0.0702050748595997
plt-x-bible-romancatholic.txt.clean.txt	65	104	66736	0.0015583792855430353	6.237662885186607	7.34188729571788	0.06906663628381593
plt-x-bible-romancatholic.txt.clean.txt	66	105	66460	0.0015798976828167318	6.259672402057449	7.345541716717132	0.0677027842387693
plt-x-bible-romancatholic.txt.clean.txt	67	106	66207	0.0016010391650429713	6.275559770868716	7.35282520374921	0.06723633056447187
plt-x-bible-romancatholic.txt.clean.txt	68	107	65955	0.0016223182472898188	6.287265253931051	7.364041829800037	0.06737431680468198
plt-x-bible-romancatholic.txt.clean.txt	69	108	65704	0.0016437355412151468	6.29037077464475	7.383452337071918	0.06876750017967603
plt-x-bible-romancatholic.txt.clean.txt	70	109	65453	0.0016653170977648083	6.304272921900249	7.392879776479067	0.06854296227991208
plt-x-bible-romancatholic.txt.clean.txt	71	110	65204	0.0016870130666830256	6.322707187220887	7.397777992281713	0.06763430133178772
plt-x-bible-romancatholic.txt.clean.txt	72	111	64956	0.0017088490670607796	6.333484818958887	7.4078615384870705	0.06783968724581868
plt-x-bible-romancatholic.txt.clean.txt	73	112	64711	0.001730772202562161	6.355324985361321	7.411335677066285	0.06640316861275852
plt-x-bible-romancatholic.txt.clean.txt	74	113	64468	0.0017528075944654713	6.373647312308501	7.416007139071111	0.06547213094662829
plt-x-bible-romancatholic.txt.clean.txt	75	114	64227	0.0017749544584053434	6.383137616841827	7.428036637704878	0.0658216942451243
plt-x-bible-romancatholic.txt.clean.txt	76	115	63991	0.0017971277210857776	6.4051145166912145	7.431381598484573	0.06433075367517449
plt-x-bible-romancatholic.txt.clean.txt	77	116	63757	0.0018194080649967847	6.3993189758194715	7.4830167181924905	0.06688003650549168
plt-x-bible-romancatholic.txt.clean.txt	78	117	63535	0.0018415046824584874	6.408537262044334	7.496214871373565	0.0672202243095873
plt-x-bible-romancatholic.txt.clean.txt	79	118	63315	0.0018636973860854458	6.426771093764535	7.500586478120681	0.0662350135446258
plt-x-bible-romancatholic.txt.clean.txt	80	119	63098	0.0018859551808298202	6.4408778572406105	7.506669314169005	0.06583783961384138
plt-x-bible-romancatholic.txt.clean.txt	81	120	62883	0.0019083059014360002	6.462291017749587	7.509970392339598	0.06437043872413628
plt-x-bible-romancatholic.txt.clean.txt	82	121	62668	0.0019308099827663242	6.476905878491089	7.516097769065771	0.06387716357833328
plt-x-bible-romancatholic.txt.clean.txt	83	122	62457	0.0019533439006036153	6.48388121047957	7.530313293974561	0.06447454366239891
plt-x-bible-romancatholic.txt.clean.txt	84	123	62255	0.00197574492008674	6.496776082561094	7.537460256215084	0.06420417594163397
plt-x-bible-romancatholic.txt.clean.txt	85	124	62055	0.001998227378938039	6.50590767383393	7.547446522026962	0.06446304023419291
plt-x-bible-romancatholic.txt.clean.txt	86	125	61856	0.0020208225556130367	6.51471469316404	7.556981268488004	0.06475503303931684
plt-x-bible-romancatholic.txt.clean.txt	87	126	61667	0.0020432321987448715	6.5296904251807115	7.562822119164247	0.06414956877560496
plt-x-bible-romancatholic.txt.clean.txt	88	127	61481	0.0020656788276052765	6.541758186906886	7.570152070341847	0.06395001633300179
plt-x-bible-romancatholic.txt.clean.txt	89	128	61296	0.0020882276168102325	6.550093089038484	7.58025164522702	0.06427241585164523
plt-x-bible-romancatholic.txt.clean.txt	90	129	61111	0.002110912928932598	6.563161174462504	7.586569262042607	0.06390694020282484
plt-x-bible-romancatholic.txt.clean.txt	91	130	60930	0.002133595929755457	6.579161323689239	7.591647670796907	0.06311353964070976
plt-x-bible-romancatholic.txt.clean.txt	92	131	60749	0.0021564140973513966	6.590752618570829	7.5986942908458985	0.06293811460932419
plt-x-bible-romancatholic.txt.clean.txt	93	132	60570	0.0021792966815255077	6.597770025446762	7.616689733547457	0.06340134954748478
plt-x-bible-romancatholic.txt.clean.txt	94	133	60394	0.002202205517104348	6.612623363811498	7.621950771105963	0.0627415097462708
plt-x-bible-romancatholic.txt.clean.txt	95	134	60218	0.0022252482646384804	6.624723787169128	7.629798126521415	0.06246247271895122
plt-x-bible-romancatholic.txt.clean.txt	96	135	60044	0.002248351209113317	6.63467223442093	7.6374569558544945	0.06247772837463195
plt-x-bible-romancatholic.txt.clean.txt	97	136	59874	0.002271436683702442	6.645371505045013	7.644851476840852	0.062376529670430614
plt-x-bible-romancatholic.txt.clean.txt	98	137	59710	0.002294423044716128	6.658697353135827	7.6507628737600655	0.06189528656532306
plt-x-bible-romancatholic.txt.clean.txt	99	138	59546	0.0023175360225707858	6.668379156464026	7.658441031623021	0.061917955405562886
plt-x-bible-romancatholic.txt.clean.txt	100	139	59383	0.002340737248033949	6.675549732605512	7.676069841915477	0.06228332775739165
plt-x-bible-romancatholic.txt.clean.txt	101	140	59223	0.0023639464397278084	6.680027552635713	7.6884683066884225	0.06301551828444141
plt-x-bible-romancatholic.txt.clean.txt	102	141	59065	0.0023872005417760094	6.686673116966439	7.700129968946408	0.06343231011010142
plt-x-bible-romancatholic.txt.clean.txt	103	142	58909	0.002410497547064116	6.700680325217116	7.705357066700881	0.06280876606985186
plt-x-bible-romancatholic.txt.clean.txt	104	143	58753	0.002433918268003336	6.711513912173954	7.712568477935514	0.0626208773195881
plt-x-bible-romancatholic.txt.clean.txt	105	144	58597	0.002457463692680513	6.725320201494848	7.717600105513802	0.062009686273988396
plt-x-bible-romancatholic.txt.clean.txt	106	145	58443	0.0024810499118799513	6.735746834258322	7.725133550979452	0.06186182167324472
plt-x-bible-romancatholic.txt.clean.txt	107	146	58293	0.002504588887173417	6.748797806373193	7.730801632875912	0.06134040530406559
plt-x-bible-romancatholic.txt.clean.txt	108	147	58144	0.0025282058337919647	6.752174627030731	7.74424081129888	0.06215528934821335
plt-x-bible-romancatholic.txt.clean.txt	109	148	57996	0.0025519001310435204	6.746966733557801	7.789060030966915	0.0641500275563267
plt-x-bible-romancatholic.txt.clean.txt	110	149	57849	0.002575671143839997	6.756168295523176	7.798125383075094	0.06413484096217559
plt-x-bible-romancatholic.txt.clean.txt	111	150	57703	0.0025995182226227404	6.767225184270508	7.804041481727744	0.06385462493785521
plt-x-bible-romancatholic.txt.clean.txt	112	151	57559	0.0026233951250021715	6.774201480601812	7.81251745171841	0.06413060272815707
plt-x-bible-romancatholic.txt.clean.txt	113	152	57416	0.0026473456876132087	6.782929858074505	7.820884467625394	0.06415594726997398
plt-x-bible-romancatholic.txt.clean.txt	114	153	57275	0.0026713225665648188	6.794217855554015	7.827836606575552	0.0638204815807103
plt-x-bible-romancatholic.txt.clean.txt	115	154	57136	0.0026953234388126576	6.8040154356731515	7.836574307549824	0.06368304647868417
plt-x-bible-romancatholic.txt.clean.txt	116	155	56998	0.0027193936629355416	6.816587780410069	7.841352917376629	0.06315678502295319
plt-x-bible-romancatholic.txt.clean.txt	117	156	56860	0.0027435807245867042	6.827647106820776	7.847404929301011	0.06283182428230571
plt-x-bible-romancatholic.txt.clean.txt	118	157	56723	0.0027678366800063465	6.83699847063818	7.854563003749864	0.06273421114085742
plt-x-bible-romancatholic.txt.clean.txt	119	158	56588	0.00279211140171061	6.84428339300497	7.864241442260668	0.06291226024094654
plt-x-bible-romancatholic.txt.clean.txt	120	159	56454	0.0028164523328727815	6.856818563682545	7.868737751305094	0.06236451402141674
plt-x-bible-romancatholic.txt.clean.txt	121	160	56321	0.0028408586495268194	6.862626694175419	7.87741209458457	0.0627295699656839
plt-x-bible-romancatholic.txt.clean.txt	122	161	56192	0.0028651765375854216	6.87597590025096	7.881728434809983	0.06205785516704143
plt-x-bible-romancatholic.txt.clean.txt	123	162	56065	0.002889503255150272	6.884539014185941	7.890147337380215	0.06203273752457372
plt-x-bible-romancatholic.txt.clean.txt	124	163	55938	0.002913940434051986	6.897696006752573	7.894401935745875	0.06137553846223298
plt-x-bible-romancatholic.txt.clean.txt	125	164	55811	0.0029384888283671678	6.903012242322069	7.9078205038571046	0.06177866796058207
plt-x-bible-romancatholic.txt.clean.txt	126	165	55686	0.002963042775562978	6.908374787620719	7.919413853730801	0.062167715897556985
plt-x-bible-romancatholic.txt.clean.txt	127	166	55563	0.0029875996616453397	6.909228820621186	7.944047932496761	0.06316042308138092
plt-x-bible-romancatholic.txt.clean.txt	128	167	55441	0.00301221117945203	6.918612050786682	7.949544668447681	0.06298901246105182
plt-x-bible-romancatholic.txt.clean.txt	129	168	55319	0.003036931253276451	6.930301467519595	7.953951520493177	0.06249947463504546
plt-x-bible-romancatholic.txt.clean.txt	130	169	55199	0.0030616496675664414	6.938382884813973	7.963964050648149	0.062492107248884654
plt-x-bible-romancatholic.txt.clean.txt	131	170	55080	0.0030864197530864196	6.947170966280112	7.971979018095007	0.06238299123929503
plt-x-bible-romancatholic.txt.clean.txt	132	171	54961	0.003111297101581121	6.956746642287467	7.977297500826774	0.06216163932527641
plt-x-bible-romancatholic.txt.clean.txt	133	172	54843	0.003136225224732418	6.965872218514521	7.982807124153493	0.06199516868774024
plt-x-bible-romancatholic.txt.clean.txt	134	173	54726	0.0031612030844571136	6.974752691002435	7.989371366162009	0.06185588876183412
plt-x-bible-romancatholic.txt.clean.txt	135	174	54614	0.0031859962646940345	6.983329407256713	7.995133188643996	0.061751656296781365
plt-x-bible-romancatholic.txt.clean.txt	136	175	54503	0.003210832431242317	6.979610937337018	8.028396482353127	0.06329174780008884
plt-x-bible-romancatholic.txt.clean.txt	137	176	54399	0.0032353535910586593	6.988718714348511	8.03390129689586	0.06310305239781477
plt-x-bible-romancatholic.txt.clean.txt	138	177	54295	0.0032599686895662585	6.998983873951695	8.038859601888756	0.06275394073621021
plt-x-bible-romancatholic.txt.clean.txt	139	178	54193	0.0032845570461129668	7.008248419247966	8.044573306335081	0.06253366522968695
plt-x-bible-romancatholic.txt.clean.txt	140	179	54092	0.0033091769577756414	7.006737098183818	8.065744318214428	0.06374805223423563
plt-x-bible-romancatholic.txt.clean.txt	141	179	53991	0.0033153673760441555	7.009244515514448	8.063813300768713	0.06341300693044183
plt-x-bible-romancatholic.txt.clean.txt	142	180	53891	0.003340075337254829	7.0161774038312394	8.071394718872586	0.06349239452272137
plt-x-bible-romancatholic.txt.clean.txt	143	181	53793	0.003364750060416783	7.0230081023538276	8.078745968037643	0.06357967775719553
plt-x-bible-romancatholic.txt.clean.txt	144	182	53696	0.003389451728247914	7.033068823706792	8.08380895764138	0.06323106041687643
plt-x-bible-romancatholic.txt.clean.txt	145	183	53601	0.0034141154082946213	7.0431319774024965	8.088804305232273	0.06287742606142199
plt-x-bible-romancatholic.txt.clean.txt	146	184	53507	0.0034388023996860225	7.050991128412123	8.096326786976402	0.06281211351817684
plt-x-bible-romancatholic.txt.clean.txt	147	185	53413	0.003463576282927377	7.059474646531458	8.1018906900944	0.06265873219393436
plt-x-bible-romancatholic.txt.clean.txt	148	186	53319	0.0034884375175828503	7.068732268151386	8.107350754561761	0.062397749502706934
plt-x-bible-romancatholic.txt.clean.txt	149	187	53225	0.0035133865664631284	7.079793957768621	8.111800524843229	0.06189307464172089
plt-x-bible-romancatholic.txt.clean.txt	150	188	53131	0.003538423895654138	7.088178854898654	8.117145225759911	0.061738634085349076
plt-x-bible-romancatholic.txt.clean.txt	151	189	53039	0.003563415599841626	7.091718227990424	8.126326123871866	0.062220194730019385
plt-x-bible-romancatholic.txt.clean.txt	152	190	52947	0.0035884941545318906	7.101026750620405	8.131228788526768	0.0619336592357953
plt-x-bible-romancatholic.txt.clean.txt	153	191	52857	0.0036135232797926482	7.107957200426227	8.138583407975585	0.0619565868929739
plt-x-bible-romancatholic.txt.clean.txt	154	192	52768	0.0036385688295936932	7.113619720109733	8.145768401034008	0.062141741711525866
plt-x-bible-romancatholic.txt.clean.txt	155	193	52679	0.003663699007194518	7.119159370302543	8.15534570953646	0.06233787885032793
plt-x-bible-romancatholic.txt.clean.txt	156	194	52591	0.003688844098800175	7.125700410821768	8.162056519791772	0.062397088126196154
plt-x-bible-romancatholic.txt.clean.txt	157	195	52503	0.003714073481515342	7.135214934294644	8.166832479419064	0.06206058630077593
plt-x-bible-romancatholic.txt.clean.txt	158	196	52418	0.003739173566332176	7.137240416912864	8.179196817614805	0.06270356152458545
plt-x-bible-romancatholic.txt.clean.txt	159	197	52333	0.003764355186975713	7.143607844016788	8.185816575424205	0.0627710210810023
plt-x-bible-romancatholic.txt.clean.txt	160	198	52249	0.003789546211410745	7.143149454112915	8.202118049723254	0.06372846233023799
plt-x-bible-romancatholic.txt.clean.txt	161	199	52165	0.003814818364803987	7.151440474025196	8.20720598758064	0.06353384782240512
plt-x-bible-romancatholic.txt.clean.txt	162	200	52081	0.003840172039707379	7.156703092886575	8.21406839843221	0.06373132680594118
plt-x-bible-romancatholic.txt.clean.txt	163	201	51998	0.003865533289741913	7.161669004601958	8.224318571261787	0.06396279966859864
plt-x-bible-romancatholic.txt.clean.txt	164	202	51916	0.0038909006857230912	7.165633225863666	8.232281261606323	0.06432027347345237
plt-x-bible-romancatholic.txt.clean.txt	165	203	51834	0.003916348342786588	7.169871251835556	8.239742574441912	0.06463704535620174
plt-x-bible-romancatholic.txt.clean.txt	166	204	51752	0.003941876642448601	7.179710833040359	8.244147696368179	0.06421887303820006
plt-x-bible-romancatholic.txt.clean.txt	167	205	51670	0.003967485968647184	7.1879168926341235	8.248883291846141	0.064009959073008
plt-x-bible-romancatholic.txt.clean.txt	168	206	51590	0.003993021903469665	7.189002012508972	8.276319564114914	0.06472366884186753
plt-x-bible-romancatholic.txt.clean.txt	169	207	51510	0.004018637157833431	7.19576113472536	8.282277341176048	0.06469443901361283
plt-x-bible-romancatholic.txt.clean.txt	170	208	51430	0.004044332101886059	7.202406298203712	8.28772888034944	0.06467597152459836
plt-x-bible-romancatholic.txt.clean.txt	171	209	51351	0.004070027847558957	7.20667945521831	8.295549545080606	0.0649612491493432
plt-x-bible-romancatholic.txt.clean.txt	172	210	51272	0.00409580277734436	7.215275253678186	8.299886005831421	0.06468166755196758
plt-x-bible-romancatholic.txt.clean.txt	173	211	51193	0.004121657257828219	7.219038703652809	8.308600467835644	0.0650244832741802
plt-x-bible-romancatholic.txt.clean.txt	174	212	51115	0.004147510515504255	7.228686021975721	8.312563303903325	0.06460139380610319
plt-x-bible-romancatholic.txt.clean.txt	175	213	51037	0.00417344279640261	7.234770594455769	8.318012285140625	0.06463578470518871
plt-x-bible-romancatholic.txt.clean.txt	176	214	50960	0.004199372056514913	7.241928767098727	8.323037891865727	0.06452759149912035
plt-x-bible-romancatholic.txt.clean.txt	177	215	50884	0.00422529675339989	7.2501885420305365	8.327398075122376	0.06427360769489765
plt-x-bible-romancatholic.txt.clean.txt	178	216	50810	0.004251131666994686	7.256428472283372	8.33295946047373	0.0642767583335071
plt-x-bible-romancatholic.txt.clean.txt	179	217	50736	0.004277041942604857	7.264394216258174	8.337585698069226	0.06405382136860893
plt-x-bible-romancatholic.txt.clean.txt	180	218	50662	0.0043030279104654375	7.269870203394944	8.343312083786437	0.06414808152692641
plt-x-bible-romancatholic.txt.clean.txt	181	219	50588	0.0043290899027437334	7.274668481052271	8.349615013620907	0.06432569467369531
plt-x-bible-romancatholic.txt.clean.txt	182	220	50514	0.00435522825355347	7.279221570172739	8.356371864334058	0.06453089971912784
plt-x-bible-romancatholic.txt.clean.txt	183	221	50440	0.004381443298969072	7.2868069720156345	8.36100461516979	0.06434281676669495
plt-x-bible-romancatholic.txt.clean.txt	184	222	50369	0.004407472850364311	7.289484679297068	8.37106746278789	0.06478114533674251
plt-x-bible-romancatholic.txt.clean.txt	185	223	50298	0.004433575887709253	7.290823364287001	8.381272590651614	0.0653868838438133
plt-x-bible-romancatholic.txt.clean.txt	186	224	50228	0.004459663932467946	7.295195393485869	8.388783619953276	0.06559962159844479
plt-x-bible-romancatholic.txt.clean.txt	187	224	50158	0.004465887794569161	7.295664869511624	8.387890363467061	0.06553948906566753
plt-x-bible-romancatholic.txt.clean.txt	188	225	50088	0.0044920939147101106	7.301619243930816	8.39328266688683	0.06554598020506508
plt-x-bible-romancatholic.txt.clean.txt	189	226	50018	0.004518373385581191	7.308505627904244	8.397890417358044	0.06542987532256139
plt-x-bible-romancatholic.txt.clean.txt	190	227	49949	0.004544635528238803	7.312532085950991	8.404395393483842	0.06567600036907784
plt-x-bible-romancatholic.txt.clean.txt	191	228	49880	0.004570970328789094	7.31977994654938	8.408798319611858	0.06550712019286242
plt-x-bible-romancatholic.txt.clean.txt	192	229	49812	0.00459728579458765	7.324508844149381	8.414723252725153	0.06565653322204423
plt-x-bible-romancatholic.txt.clean.txt	193	230	49745	0.004623580259322545	7.330812268286356	8.420043883542938	0.06560173798143643
plt-x-bible-romancatholic.txt.clean.txt	194	231	49678	0.00464994564998591	7.33321466971822	8.428146029293888	0.06604061960751606
plt-x-bible-romancatholic.txt.clean.txt	195	232	49612	0.004676287994839958	7.338084465028288	8.434473866001813	0.06616159168896585
plt-x-bible-romancatholic.txt.clean.txt	196	233	49546	0.004702700520728212	7.3449152323221165	8.43900166258949	0.0660298348463102
plt-x-bible-romancatholic.txt.clean.txt	197	234	49480	0.004729183508488278	7.34715479441379	8.447181317002801	0.06647848528134159
plt-x-bible-romancatholic.txt.clean.txt	198	235	49415	0.004755640999696448	7.353349781347569	8.451907615008116	0.06642113116325954
plt-x-bible-romancatholic.txt.clean.txt	199	236	49350	0.004782168186423506	7.358439045944304	8.45763472251539	0.06650104541521462
plt-x-bible-romancatholic.txt.clean.txt	200	237	49286	0.004808667775838981	7.3597081082585625	8.469930172417435	0.06706203053491211
plt-x-bible-romancatholic.txt.clean.txt	201	238	49222	0.004835236276461745	7.359134615207043	8.48418754774005	0.06785250326999936
plt-x-bible-romancatholic.txt.clean.txt	202	239	49158	0.004861873957443346	7.3625702744983155	8.49314290017088	0.06813132616521189
plt-x-bible-romancatholic.txt.clean.txt	203	240	49095	0.00488848151542927	7.365949220271901	8.50052950746721	0.06841391932715701
plt-x-bible-romancatholic.txt.clean.txt	204	241	49032	0.004915157448197096	7.373091187610982	8.504727450102301	0.0682175783942105
plt-x-bible-romancatholic.txt.clean.txt	205	242	48969	0.004941902019645081	7.375707613401014	8.513014747769253	0.06859010032108048
plt-x-bible-romancatholic.txt.clean.txt	206	243	48906	0.0049687154950312845	7.378787873140078	8.519726896574563	0.06890063710873451
plt-x-bible-romancatholic.txt.clean.txt	207	244	48843	0.004995598140982331	7.385300006301732	8.523893849797519	0.06877510980949575
plt-x-bible-romancatholic.txt.clean.txt	208	245	48781	0.005022447264303725	7.392880604520357	8.527729404870142	0.06851230189171886
plt-x-bible-romancatholic.txt.clean.txt	209	246	48719	0.005049364724234898	7.400772380584661	8.531389461652331	0.06820788610337458
plt-x-bible-romancatholic.txt.clean.txt	210	247	48658	0.005076246454848124	7.403967438117308	8.537768865456544	0.06849202831294343
plt-x-bible-romancatholic.txt.clean.txt	211	248	48597	0.005103195670514641	7.411042730934624	8.54165638460432	0.06828516147419961
plt-x-bible-romancatholic.txt.clean.txt	212	249	48537	0.00513010692873478	7.414674015031435	8.548765232141257	0.0685085156625036
plt-x-bible-romancatholic.txt.clean.txt	213	250	48477	0.005157084803102502	7.4176888408909925	8.559516266233908	0.06880621219261962
plt-x-bible-romancatholic.txt.clean.txt	214	251	48417	0.005184129541276825	7.419315750553574	8.567725188031764	0.06927489007113419
plt-x-bible-romancatholic.txt.clean.txt	215	252	48357	0.005211241392145915	7.42379170894	8.57282749240484	0.0693830754176522
plt-x-bible-romancatholic.txt.clean.txt	216	253	48298	0.005238312145430453	7.4279073969403875	8.578363458793211	0.06953358693830325
plt-x-bible-romancatholic.txt.clean.txt	217	254	48239	0.005265449117933622	7.433165633749136	8.583494762323749	0.06953823749519994
plt-x-bible-romancatholic.txt.clean.txt	218	255	48180	0.005292652552926526	7.439731866855682	8.587349776474415	0.06937666371442008
plt-x-bible-romancatholic.txt.clean.txt	219	256	48122	0.00531981214413366	7.4452491022512355	8.59169995836658	0.06934386221859556
plt-x-bible-romancatholic.txt.clean.txt	220	257	48064	0.005347037283621838	7.45017867493708	8.596400130815795	0.06938195400541602
plt-x-bible-romancatholic.txt.clean.txt	221	258	48006	0.005374328208973878	7.452322942082227	8.60574395600594	0.0697651303004384
plt-x-bible-romancatholic.txt.clean.txt	222	259	47949	0.00540157250411896	7.455691941758775	8.613927651821196	0.06999248650982814
plt-x-bible-romancatholic.txt.clean.txt	223	260	47892	0.0054288816503800215	7.462728967700572	8.617543185508763	0.06975980887076993
plt-x-bible-romancatholic.txt.clean.txt	224	261	47835	0.005456255879586077	7.468972668138493	8.621403165373538	0.06962380086042486
plt-x-bible-romancatholic.txt.clean.txt	225	262	47778	0.005483695424672443	7.47559313970061	8.625090481579374	0.06943862681326274
plt-x-bible-romancatholic.txt.clean.txt	226	263	47722	0.005511085034156154	7.478853896137634	8.63142191135237	0.06966920476505167
plt-x-bible-romancatholic.txt.clean.txt	227	264	47667	0.00553842280823211	7.485149771550233	8.63534182821862	0.06951975991111947
plt-x-bible-romancatholic.txt.clean.txt	228	265	47612	0.005565823741913803	7.487312646595159	8.642284495081189	0.06988155111238692
plt-x-bible-romancatholic.txt.clean.txt	229	266	47557	0.005593288054334798	7.493019673226886	8.646357563444235	0.06980050256168568
plt-x-bible-romancatholic.txt.clean.txt	230	267	47504	0.005620579319636241	7.498875451288776	8.650678008101616	0.06969875618185717
plt-x-bible-romancatholic.txt.clean.txt	231	268	47451	0.0056479315504415085	7.5018526910121714	8.659046402068412	0.06995168118313089
plt-x-bible-romancatholic.txt.clean.txt	232	269	47399	0.005675225215721851	7.5086551690127	8.662795074492502	0.06972803294664132
plt-x-bible-romancatholic.txt.clean.txt	233	270	47347	0.005702578832872199	7.513652395681129	8.667488000242008	0.06972589563334042
plt-x-bible-romancatholic.txt.clean.txt	234	271	47296	0.005729871447902571	7.520847201822101	8.671104681393851	0.06944957791049888
plt-x-bible-romancatholic.txt.clean.txt	235	272	47245	0.005757222986559425	7.52650066795011	8.67533616546616	0.06936194753675096
plt-x-bible-romancatholic.txt.clean.txt	236	273	47196	0.005784388507500636	7.531080001824606	8.680122454822913	0.06940491717652164
plt-x-bible-romancatholic.txt.clean.txt	237	274	47147	0.005811610494835302	7.535990833054707	8.684899244825328	0.06940467068393563
plt-x-bible-romancatholic.txt.clean.txt	238	275	47098	0.005838889124803601	7.5369764993928055	8.69610504858324	0.06988660928855672
plt-x-bible-romancatholic.txt.clean.txt	239	276	47050	0.005866099893730075	7.5414750766693315	8.700885002527748	0.06993249920271527
plt-x-bible-romancatholic.txt.clean.txt	240	277	47002	0.005893366239734479	7.541394071496393	8.714523283571381	0.07054058199528523
plt-x-bible-romancatholic.txt.clean.txt	241	278	46954	0.005920688333262342	7.5463765839666	8.718906787787532	0.0705220648392808
plt-x-bible-romancatholic.txt.clean.txt	242	279	46906	0.0059480663454568716	7.5491428972487995	8.727607536100203	0.07077422806860179
plt-x-bible-romancatholic.txt.clean.txt	243	280	46858	0.005975500448162534	7.551086438679394	8.734994637226936	0.0711251628292876
plt-x-bible-romancatholic.txt.clean.txt	244	281	46810	0.006002990813928648	7.555015170882523	8.739858725074171	0.07122950365879854
plt-x-bible-romancatholic.txt.clean.txt	245	282	46762	0.006030537616013002	7.557986831240826	8.747039770812783	0.0714492108937399
plt-x-bible-romancatholic.txt.clean.txt	246	283	46715	0.006058011345392272	7.561404134925509	8.752443642184634	0.07161185779890711
plt-x-bible-romancatholic.txt.clean.txt	247	284	46668	0.006085540413131053	7.566779104157034	8.75644658366053	0.07153203735026803
plt-x-bible-romancatholic.txt.clean.txt	248	285	46621	0.0061131249865940245	7.5720973095180035	8.760431018013904	0.07145724058360825
plt-x-bible-romancatholic.txt.clean.txt	249	286	46574	0.006140765233821445	7.57696505067147	8.764639421433738	0.0714357202520618
plt-x-bible-romancatholic.txt.clean.txt	250	287	46528	0.006168328748280605	7.578864289686451	8.77212220847029	0.07177578902639636
plt-x-bible-romancatholic.txt.clean.txt	251	288	46482	0.006195946818123145	7.585183769296391	8.775703813516689	0.07157241125747071
plt-x-bible-romancatholic.txt.clean.txt	252	289	46436	0.006223619605478508	7.589897863535432	8.779831362154706	0.07156368653204548
plt-x-bible-romancatholic.txt.clean.txt	253	290	46390	0.006251347273119207	7.592528599936584	8.786733858074738	0.07180770392611768
plt-x-bible-romancatholic.txt.clean.txt	254	291	46344	0.006279129984464008	7.598219003835822	8.79038660710572	0.07167565961536171
plt-x-bible-romancatholic.txt.clean.txt	255	292	46298	0.006306967903581148	7.599624689926808	8.799631401216345	0.07206501979499325
plt-x-bible-romancatholic.txt.clean.txt	256	293	46253	0.006334724234103734	7.603830404499387	8.804495176716955	0.07211030911844218
plt-x-bible-romancatholic.txt.clean.txt	257	294	46208	0.006362534626038781	7.607373842486937	8.809286424359389	0.07223441101551076
plt-x-bible-romancatholic.txt.clean.txt	258	295	46163	0.006390399237484566	7.6101119568373825	8.815641148867265	0.07245463254084805
plt-x-bible-romancatholic.txt.clean.txt	259	296	46118	0.006418318227156425	7.6155135281573445	8.819293844072323	0.07234828081955991
plt-x-bible-romancatholic.txt.clean.txt	260	297	46073	0.006446291754389773	7.6168934428956305	8.827467785964055	0.0727297867442599
plt-x-bible-romancatholic.txt.clean.txt	261	298	46028	0.00647431997914313	7.620932902263956	8.831859846241962	0.07278541822191131
plt-x-bible-romancatholic.txt.clean.txt	262	299	45984	0.006502261656228254	7.625931575470775	8.835851583960366	0.07272251665557283
plt-x-bible-romancatholic.txt.clean.txt	263	300	45940	0.006530256856769699	7.628967654822398	8.841219683127889	0.07289637288597683
plt-x-bible-romancatholic.txt.clean.txt	264	301	45896	0.006558305734704549	7.631187262280752	8.846930594690505	0.0731673842282734
plt-x-bible-romancatholic.txt.clean.txt	265	302	45852	0.006586408444560761	7.634611080321335	8.852152281443015	0.07329011842809863
plt-x-bible-romancatholic.txt.clean.txt	266	303	45808	0.006614565141460007	7.638808033478918	8.856395450417171	0.07331714109222365
plt-x-bible-romancatholic.txt.clean.txt	267	304	45764	0.006642775981120531	7.643173357523844	8.860429070365132	0.07332195329481628
plt-x-bible-romancatholic.txt.clean.txt	268	305	45721	0.0066708952122656985	7.644956248081132	8.874037090542249	0.07363792817524717
plt-x-bible-romancatholic.txt.clean.txt	269	306	45678	0.0066990673847366344	7.648263754577943	8.87881746042213	0.07376716459476351
plt-x-bible-romancatholic.txt.clean.txt	270	307	45635	0.006727292648186699	7.652091385809907	8.883931909498354	0.07383157310304889
plt-x-bible-romancatholic.txt.clean.txt	271	308	45592	0.006755571152833831	7.658461337343439	8.887011182208063	0.07358665913978313
plt-x-bible-romancatholic.txt.clean.txt	272	309	45549	0.006783903049463216	7.66132630941597	8.893673468274862	0.07376406283024717
plt-x-bible-romancatholic.txt.clean.txt	273	309	45506	0.006790313365270514	7.658880831847247	8.898009287441694	0.07405971519071508
plt-x-bible-romancatholic.txt.clean.txt	274	310	45464	0.00681858173499912	7.659719006738724	8.907364360948382	0.0744799580517046
plt-x-bible-romancatholic.txt.clean.txt	275	311	45422	0.006846902382105588	7.6634354396004385	8.91150859776954	0.07455046730153936
plt-x-bible-romancatholic.txt.clean.txt	276	312	45380	0.006875275451740855	7.667459502225192	8.915704981194217	0.0745821023909099
plt-x-bible-romancatholic.txt.clean.txt	277	313	45338	0.006903701089593719	7.672018313047849	8.91938444307052	0.07454754268905361
plt-x-bible-romancatholic.txt.clean.txt	278	314	45297	0.006932026403514581	7.675467317174214	8.925300205644643	0.07464517673097326
plt-x-bible-romancatholic.txt.clean.txt	279	315	45256	0.0069604030404808205	7.679995259279632	8.928903845969376	0.07461106622894043
plt-x-bible-romancatholic.txt.clean.txt	280	316	45215	0.006988831140108371	7.6833979301298	8.933681431235211	0.07471088614466281
plt-x-bible-romancatholic.txt.clean.txt	281	317	45174	0.0070173108425200335	7.6880409226124655	8.937201870864918	0.07465970096751506
plt-x-bible-romancatholic.txt.clean.txt	282	318	45133	0.007045842288347772	7.692941399898205	8.94080889298672	0.07457599953239613
plt-x-bible-romancatholic.txt.clean.txt	283	319	45093	0.007074268733506309	7.696773145240096	8.945026100799025	0.07461929536808698
plt-x-bible-romancatholic.txt.clean.txt	284	320	45053	0.0071027456551173065	7.699910871182748	8.950164562359465	0.0747443641199873
plt-x-bible-romancatholic.txt.clean.txt	285	321	45013	0.007131273187745762	7.704995825143383	8.953494304031462	0.07463387072934824
plt-x-bible-romancatholic.txt.clean.txt	286	322	44973	0.007159851466435416	7.706515565399263	8.964833344622221	0.07494989109249928
plt-x-bible-romancatholic.txt.clean.txt	287	323	44933	0.007188480626710881	7.711781710646575	8.96798971290589	0.07481456986548629
plt-x-bible-romancatholic.txt.clean.txt	288	324	44893	0.007217160804579779	7.71561324110674	8.972291760714018	0.07484987878222871
plt-x-bible-romancatholic.txt.clean.txt	289	325	44854	0.00724573059258929	7.717713766767849	8.977694337251723	0.07509107395790693
plt-x-bible-romancatholic.txt.clean.txt	290	325	44815	0.007252036148610956	7.7183456817012095	8.976931018174593	0.07501534378961783
plt-x-bible-romancatholic.txt.clean.txt	291	326	44777	0.007280523483038167	7.721415770323977	8.981249157822457	0.07513867649279993
plt-x-bible-romancatholic.txt.clean.txt	292	327	44739	0.007309059210085161	7.723882171202539	8.98888059683679	0.07533264618008462
plt-x-bible-romancatholic.txt.clean.txt	293	328	44701	0.007337643453166596	7.7283023036500715	8.9925255927883	0.07529114992288544
plt-x-bible-romancatholic.txt.clean.txt	294	329	44663	0.007366276336117144	7.733330612156647	8.995845235612071	0.07517548294848153
plt-x-bible-romancatholic.txt.clean.txt	295	330	44625	0.007394957983193277	7.736231878712511	9.00033248207157	0.07531270245131294
plt-x-bible-romancatholic.txt.clean.txt	296	331	44587	0.007423688519075067	7.73557147954863	9.012182280408783	0.07587380777618069
plt-x-bible-romancatholic.txt.clean.txt	297	332	44549	0.007452468068867988	7.7410670839001945	9.015209493438467	0.07569783433781063
plt-x-bible-romancatholic.txt.clean.txt	298	333	44511	0.007481296758104738	7.744491454522451	9.019293626751404	0.07576778189701372
plt-x-bible-romancatholic.txt.clean.txt	299	334	44473	0.00751017471274706	7.748595129432776	9.022789271803424	0.07575519613822801
plt-x-bible-romancatholic.txt.clean.txt	300	335	44436	0.0075389323971554595	7.752736629454525	9.026269765972657	0.07573668893130703
plt-x-bible-romancatholic.txt.clean.txt	301	336	44399	0.00756773801211739	7.756642468688991	9.029967262490144	0.07574486546045012
plt-x-bible-romancatholic.txt.clean.txt	302	337	44362	0.007596591677561877	7.760454599442802	9.033687877059146	0.07576278725953267
plt-x-bible-romancatholic.txt.clean.txt	303	338	44325	0.007625493513818387	7.764231512922656	9.037592248340967	0.07578348531106605
plt-x-bible-romancatholic.txt.clean.txt	304	339	44288	0.007654443641618497	7.76936963484279	9.040603935847411	0.07564082426000218
plt-x-bible-romancatholic.txt.clean.txt	305	340	44252	0.00768326855283377	7.769665164983273	9.049221454281945	0.07607278291764674
plt-x-bible-romancatholic.txt.clean.txt	306	341	44216	0.007712140401664556	7.774152650888158	9.052480129451853	0.07600470136432358
plt-x-bible-romancatholic.txt.clean.txt	307	342	44180	0.007741059302851969	7.773885836441367	9.071150237838369	0.07650011416875713
plt-x-bible-romancatholic.txt.clean.txt	308	343	44144	0.007770025371511417	7.777042920855591	9.076276190899641	0.07658713904789116
plt-x-bible-romancatholic.txt.clean.txt	309	344	44108	0.007799038723134125	7.78234377595503	9.079174958734578	0.07641831790150455
plt-x-bible-romancatholic.txt.clean.txt	310	345	44073	0.007827921856919202	7.786195309374146	9.082732466190647	0.07642024414977644
plt-x-bible-romancatholic.txt.clean.txt	311	346	44038	0.007856850901494164	7.788313488412093	9.088739035858714	0.07662634579517469
plt-x-bible-romancatholic.txt.clean.txt	312	347	44003	0.00788582596641138	7.791090048221516	9.092796160711758	0.07675290677525781
plt-x-bible-romancatholic.txt.clean.txt	313	348	43968	0.007914847161572052	7.794228966980244	9.096933369179046	0.07683511433985657
plt-x-bible-romancatholic.txt.clean.txt	314	349	43933	0.007943914597227597	7.796034148274197	9.102961014795122	0.07707383252900568
plt-x-bible-romancatholic.txt.clean.txt	315	350	43898	0.007973028383981047	7.798797098126283	9.107252270269285	0.07719769451654301
plt-x-bible-romancatholic.txt.clean.txt	316	351	43863	0.008002188632788456	7.802703255448456	9.110526391830357	0.07718494481075766
plt-x-bible-romancatholic.txt.clean.txt	317	352	43828	0.008031395454960299	7.805040686828386	9.115954859905969	0.07735637112630556
plt-x-bible-romancatholic.txt.clean.txt	318	353	43793	0.008060648962162903	7.807140041866604	9.12185052728302	0.07755449177620577
plt-x-bible-romancatholic.txt.clean.txt	319	354	43758	0.008089949266419854	7.80939226869737	9.126151972241047	0.07773310618834572
plt-x-bible-romancatholic.txt.clean.txt	320	355	43723	0.008119296480113442	7.811195375734227	9.131534762268885	0.07796330972837173
plt-x-bible-romancatholic.txt.clean.txt	321	356	43688	0.008148690715986083	7.814366202054623	9.135229488648829	0.07803067832400745
plt-x-bible-romancatholic.txt.clean.txt	322	357	43653	0.008178132087141778	7.816148871838895	9.139926847728107	0.07826044679545552
plt-x-bible-romancatholic.txt.clean.txt	323	358	43619	0.00820743254086522	7.818895183126843	9.143865119934011	0.0783751806491757
plt-x-bible-romancatholic.txt.clean.txt	324	359	43585	0.008236778708271194	7.824066860004061	9.146607259063643	0.0782028373736936
plt-x-bible-romancatholic.txt.clean.txt	325	360	43551	0.008266170696424881	7.82916989454583	9.149344230040649	0.07803752541012132
plt-x-bible-romancatholic.txt.clean.txt	326	361	43517	0.00829560861272606	7.8314163328250945	9.155835765321008	0.07820739548395073
plt-x-bible-romancatholic.txt.clean.txt	327	362	43483	0.008325092564910425	7.833174545437098	9.160657041916657	0.07843334461619067
plt-x-bible-romancatholic.txt.clean.txt	328	363	43449	0.008354622661050887	7.83283642157231	9.177951156920095	0.07890440574592317
plt-x-bible-romancatholic.txt.clean.txt	329	364	43415	0.008384199009558908	7.836262509838168	9.181176657137826	0.07893139864796328
plt-x-bible-romancatholic.txt.clean.txt	330	364	43381	0.008390770152831885	7.834523943150154	9.18344964367548	0.07913574851317973
plt-x-bible-romancatholic.txt.clean.txt	331	365	43347	0.00842042125175906	7.8376023117212075	9.186874042954592	0.07920229469400608
plt-x-bible-romancatholic.txt.clean.txt	332	366	43313	0.008450118901946298	7.842138901866609	9.18957429229248	0.07909636896656513
plt-x-bible-romancatholic.txt.clean.txt	333	367	43279	0.008479863213105664	7.847635218823014	9.19199642696625	0.07887672831054682
plt-x-bible-romancatholic.txt.clean.txt	334	368	43246	0.008509457522082967	7.851674085502941	9.194937370578025	0.07882712345120158
plt-x-bible-romancatholic.txt.clean.txt	335	369	43213	0.008539097030986046	7.854825963984036	9.198983391332877	0.07888042871277323
plt-x-bible-romancatholic.txt.clean.txt	336	370	43180	0.00856878184344604	7.858073946673324	9.202920747169811	0.07892127634417612
plt-x-bible-romancatholic.txt.clean.txt	337	371	43147	0.00859851206341113	7.855813319284465	9.223936471282254	0.07960634277805145
plt-x-bible-romancatholic.txt.clean.txt	338	372	43114	0.008628287795147748	7.856473511518791	9.231312844333258	0.07994760545982349
plt-x-bible-romancatholic.txt.clean.txt	339	373	43081	0.008658109143241801	7.860554249152234	9.234150950250122	0.07988704542629366
plt-x-bible-romancatholic.txt.clean.txt	340	374	43048	0.008687976212599889	7.861030744714001	9.240822073859936	0.08024712582945048
plt-x-bible-romancatholic.txt.clean.txt	341	375	43015	0.00871788910845054	7.86322353872497	9.245352134135192	0.08040505278831722
plt-x-bible-romancatholic.txt.clean.txt	342	376	42982	0.008747847936345447	7.8667149921132395	9.248288894666514	0.08040992635543198
plt-x-bible-romancatholic.txt.clean.txt	343	377	42950	0.008777648428405123	7.8669685801356	9.255027965976776	0.08079202417112552
plt-x-bible-romancatholic.txt.clean.txt	344	378	42918	0.00880749335942961	7.869988288320333	9.258484865992385	0.08084963045924443
plt-x-bible-romancatholic.txt.clean.txt	345	379	42886	0.00883738282889521	7.8723676131310825	9.262728968962703	0.08098086025944762
plt-x-bible-romancatholic.txt.clean.txt	346	380	42854	0.008867316936575349	7.875272773692216	9.266982037577208	0.08104953763322587
plt-x-bible-romancatholic.txt.clean.txt	347	381	42822	0.008897295782541684	7.875940884572835	9.27528861916849	0.08137800491000546
plt-x-bible-romancatholic.txt.clean.txt	348	382	42790	0.008927319467165226	7.8790734004843515	9.278441086298491	0.08141780498006435
plt-x-bible-romancatholic.txt.clean.txt	349	383	42758	0.008957388091117452	7.881617556162373	9.281863864443173	0.08152507555133404
plt-x-bible-romancatholic.txt.clean.txt	350	384	42726	0.008987501755371437	7.880715558210427	9.298564759274107	0.08203261720148125
