file	merge	types	tokens	TTR	H	Hcross	R
sag-x-bible.txt.clean.txt	0	55	119313	0.00046097240032519506	4.525466774067285	8.694792078290861	0.21723141297010018
sag-x-bible.txt.clean.txt	1	56	115064	0.0004866856705833275	4.604864879664702	8.611408704542914	0.20706329448292915
sag-x-bible.txt.clean.txt	2	57	111873	0.0005095063151966963	4.716696242900348	8.528419197431386	0.19136204669620027
sag-x-bible.txt.clean.txt	3	58	108882	0.0005326867618155435	4.775526239204618	8.46967560532428	0.18478290674266362
sag-x-bible.txt.clean.txt	4	59	106552	0.0005537202492679631	4.859056504445046	8.406677818310424	0.17400113117994387
sag-x-bible.txt.clean.txt	5	60	104527	0.0005740143694930496	4.907384447159415	8.361761076189664	0.16921020158934164
sag-x-bible.txt.clean.txt	6	61	102514	0.0005950406773708957	4.961900625216389	8.313074619684777	0.16335856019289186
sag-x-bible.txt.clean.txt	7	62	100677	0.0006158308253126335	4.994190350555104	8.290063539164667	0.161231828745229
sag-x-bible.txt.clean.txt	8	63	98992	0.000636415063843543	5.0428108611820415	8.24868861272011	0.15633684121835634
sag-x-bible.txt.clean.txt	9	64	97396	0.0006571111749969198	5.091760686995011	8.208954459724932	0.15137321883416488
sag-x-bible.txt.clean.txt	10	65	95926	0.000677605654358568	5.1177958917070905	8.205002385924098	0.15020203836844093
sag-x-bible.txt.clean.txt	11	66	94553	0.000698021215614523	5.118005807051753	8.22643523585727	0.15326404830878682
sag-x-bible.txt.clean.txt	12	67	93282	0.0007182521815569992	5.150813760749909	8.198292522092698	0.1508839387240848
sag-x-bible.txt.clean.txt	13	68	92055	0.0007386888273314866	5.177253325840677	8.176016703167267	0.14952198299130948
sag-x-bible.txt.clean.txt	14	69	90878	0.0007592596668060476	5.211427365184682	8.149161700651256	0.1468598673773085
sag-x-bible.txt.clean.txt	15	70	89862	0.0007789722018205693	5.2360320261171	8.131135785085315	0.1457349886370709
sag-x-bible.txt.clean.txt	16	71	88871	0.0007989107807946349	5.27213496430777	8.108290467982307	0.14270703138564134
sag-x-bible.txt.clean.txt	17	72	87921	0.0008189169822909203	5.322932113071993	8.081057941351222	0.13727766353275306
sag-x-bible.txt.clean.txt	18	73	87027	0.0008388201362795455	5.310891346951716	8.12039266219705	0.14199646590425097
sag-x-bible.txt.clean.txt	19	74	86195	0.0008585184755496259	5.343354658764679	8.107800212838491	0.13948066856550823
sag-x-bible.txt.clean.txt	20	75	85401	0.0008782098570274353	5.373202762974221	8.089381933839002	0.13736407656674676
sag-x-bible.txt.clean.txt	21	76	84715	0.0008971256566133506	5.40191820317749	8.073582933278196	0.13540639011028022
sag-x-bible.txt.clean.txt	22	77	84107	0.0009155004934190971	5.405541602743946	8.080712519310744	0.13743007398740203
sag-x-bible.txt.clean.txt	23	78	83504	0.0009340869898447978	5.438629856961124	8.066895824768663	0.13472047331513548
sag-x-bible.txt.clean.txt	24	79	82930	0.0009526106354757024	5.458211110144495	8.058249213825402	0.13413690478957818
sag-x-bible.txt.clean.txt	25	80	82371	0.0009712155977224994	5.474442117880757	8.05223905042505	0.1340549851701065
sag-x-bible.txt.clean.txt	26	81	81824	0.0009899296050058662	5.459594400647279	8.120371452122884	0.13884486254987582
sag-x-bible.txt.clean.txt	27	82	81280	0.0010088582677165354	5.4842384530270385	8.110365336042847	0.13736632448412156
sag-x-bible.txt.clean.txt	28	83	80740	0.0010279910824869953	5.508570415454806	8.104896263227564	0.1359158676935508
sag-x-bible.txt.clean.txt	29	84	80205	0.0010473162521039835	5.531601048691707	8.09447372521659	0.13464856595198582
sag-x-bible.txt.clean.txt	30	85	79674	0.0010668474031679093	5.548345040023985	8.088669069397534	0.13434129774467818
sag-x-bible.txt.clean.txt	31	86	79145	0.0010866131783435467	5.590394293711589	8.072636660667339	0.13007096546697716
sag-x-bible.txt.clean.txt	32	87	78626	0.001106504209803373	5.57580148918588	8.137134984663009	0.13458786457176897
sag-x-bible.txt.clean.txt	33	87	78107	0.0011138566325681438	5.55720884175385	8.176868213390236	0.13747360265778652
sag-x-bible.txt.clean.txt	34	88	77594	0.0011341083073433513	5.578514895128546	8.167250047277706	0.13637681695817572
sag-x-bible.txt.clean.txt	35	89	77117	0.0011540905377543213	5.597617148237992	8.159146449838536	0.13560105462793282
sag-x-bible.txt.clean.txt	36	90	76669	0.0011738773167773156	5.621116239884327	8.152764901065812	0.13412762789374266
sag-x-bible.txt.clean.txt	37	91	76223	0.0011938653687207272	5.644830439091472	8.144217867317572	0.13260470694276183
sag-x-bible.txt.clean.txt	38	92	75783	0.0012139925840887798	5.6564630516499514	8.145865701823716	0.13291801476676024
sag-x-bible.txt.clean.txt	39	93	75344	0.0012343385007432576	5.678639667791386	8.137275516984577	0.13159477666376385
sag-x-bible.txt.clean.txt	40	94	74911	0.0012548223892352257	5.694188760289333	8.142614575426645	0.1312668286078823
sag-x-bible.txt.clean.txt	41	95	74490	0.0012753389716740502	5.714100449805156	8.135572165546165	0.13025478938085733
sag-x-bible.txt.clean.txt	42	96	74082	0.0012958613428363166	5.721631660491202	8.14654000368531	0.13110641710342408
sag-x-bible.txt.clean.txt	43	97	73674	0.0013166110160979451	5.743354194861887	8.142312734420592	0.12978332711457263
sag-x-bible.txt.clean.txt	44	97	73268	0.0013239067532892941	5.734078674074728	8.148951346134309	0.13118872761135936
sag-x-bible.txt.clean.txt	45	96	72862	0.0013175592215420933	5.7162467505543795	8.147740870619517	0.13192417573701276
sag-x-bible.txt.clean.txt	46	96	72456	0.001324942033786022	5.717834095971059	8.143315938010053	0.1316831196313013
sag-x-bible.txt.clean.txt	47	97	72051	0.0013462686152863944	5.706619477401091	8.192043578145894	0.1353492668988051
sag-x-bible.txt.clean.txt	48	98	71650	0.0013677599441730636	5.725169240068888	8.185511155283862	0.1344791570619991
sag-x-bible.txt.clean.txt	49	99	71251	0.0013894541830991845	5.745207189435157	8.178025998312192	0.1333688140967494
sag-x-bible.txt.clean.txt	50	100	70863	0.001411173673143954	5.763988554552435	8.173895284878078	0.13243327520792147
sag-x-bible.txt.clean.txt	51	101	70492	0.0014327866991999093	5.780772218419918	8.168899252052972	0.13178302710944179
sag-x-bible.txt.clean.txt	52	102	70142	0.001454192922927775	5.801362931009542	8.164492361362509	0.13054659532609791
sag-x-bible.txt.clean.txt	53	103	69802	0.0014756024182688175	5.806462762428702	8.182281080067627	0.13161410235097137
sag-x-bible.txt.clean.txt	54	104	69462	0.0014972215024041922	5.8286084668670455	8.177237434031785	0.13011552792775805
sag-x-bible.txt.clean.txt	55	105	69133	0.0015188115661116978	5.848375795206026	8.173284017339075	0.1289600924157258
sag-x-bible.txt.clean.txt	56	106	68804	0.0015406081041799895	5.856500993832678	8.178483331364621	0.12952285429288668
sag-x-bible.txt.clean.txt	57	107	68475	0.0015626140927345747	5.8727512824927315	8.174476779422786	0.12886152311667243
sag-x-bible.txt.clean.txt	58	108	68147	0.001584809309287276	5.8943807302017035	8.169851979208344	0.12739024472075366
sag-x-bible.txt.clean.txt	59	109	67821	0.0016071718199377773	5.902801409640889	8.22204914067281	0.12786042365425077
sag-x-bible.txt.clean.txt	60	110	67497	0.0016297020608323333	5.925482066883338	8.215544120004882	0.12621032990395287
sag-x-bible.txt.clean.txt	61	111	67175	0.0016524004465947153	5.9464533553682175	8.209877708442454	0.12480285688450299
sag-x-bible.txt.clean.txt	62	112	66861	0.001675117033846338	5.964668370475555	8.204923590292953	0.12379060020089816
sag-x-bible.txt.clean.txt	63	113	66548	0.0016980224800144258	5.9802536691283095	8.201294605764678	0.12315296972638978
sag-x-bible.txt.clean.txt	64	114	66236	0.0017211184250256657	5.995004306537249	8.202241984697455	0.12262537606935509
sag-x-bible.txt.clean.txt	65	115	65924	0.001744432983435471	6.020651776334356	8.195066459564075	0.12049367809631506
sag-x-bible.txt.clean.txt	66	116	65618	0.001767807613764516	6.03532508760774	8.192342666668974	0.1199559911443775
sag-x-bible.txt.clean.txt	67	117	65313	0.0017913738459418493	6.054948190464879	8.18778618658873	0.11868606142469385
sag-x-bible.txt.clean.txt	68	118	65010	0.0018151053684048609	6.06368254042448	8.206019930682091	0.11898924629155294
sag-x-bible.txt.clean.txt	69	119	64708	0.0018390307226308956	6.082720055239786	8.201054692018037	0.11778378137706358
sag-x-bible.txt.clean.txt	70	120	64413	0.0018629779702855013	6.0978994717741966	8.198075589243278	0.11712812192923516
sag-x-bible.txt.clean.txt	71	121	64125	0.0018869395711500975	6.103287208395912	8.21564553542818	0.11787717156842459
sag-x-bible.txt.clean.txt	72	122	63840	0.0019110275689223058	6.123245002819546	8.210853099452276	0.11650886412430195
sag-x-bible.txt.clean.txt	73	123	63559	0.0019352098050630124	6.140686717997532	8.207390455060429	0.11549529881789233
sag-x-bible.txt.clean.txt	74	124	63279	0.001959575846647387	6.145948209630282	8.21441818440887	0.11622451605937323
sag-x-bible.txt.clean.txt	75	125	63000	0.001984126984126984	6.143660526360327	8.241283971239525	0.11802314351192145
sag-x-bible.txt.clean.txt	76	126	62735	0.002008448234637762	6.162098570336309	8.23865506907824	0.11683368907387903
sag-x-bible.txt.clean.txt	77	127	62476	0.0020327805877456942	6.1564369246029	8.270717322830832	0.11908503523481351
sag-x-bible.txt.clean.txt	78	128	62221	0.0020571832660998698	6.175550108620792	8.266493281037022	0.11777855591131547
sag-x-bible.txt.clean.txt	79	129	61968	0.002081719597211464	6.186686196067493	8.266729265368355	0.11760295727370274
sag-x-bible.txt.clean.txt	80	130	61728	0.0021060134784862622	6.191299825681839	8.272733808280233	0.11834583568874757
sag-x-bible.txt.clean.txt	81	131	61493	0.00213032377669003	6.203948890152961	8.271592041931667	0.11793320424538278
sag-x-bible.txt.clean.txt	82	132	61263	0.002154644728465795	6.216425542828743	8.270664747643682	0.11753581110040379
sag-x-bible.txt.clean.txt	83	133	61050	0.0021785421785421783	6.231861492884779	8.269240478384178	0.11670984827950648
sag-x-bible.txt.clean.txt	84	134	60838	0.002202570761694993	6.237513145433997	8.287986580290099	0.11726090949187351
sag-x-bible.txt.clean.txt	85	135	60631	0.002226583760782438	6.254777132726815	8.286256470425563	0.11615937324502135
sag-x-bible.txt.clean.txt	86	136	60426	0.00225068679045444	6.267254765689222	8.286448100403078	0.11572661387194239
sag-x-bible.txt.clean.txt	87	137	60228	0.002274689513183237	6.271005174677194	8.295108082459173	0.1165149577540916
sag-x-bible.txt.clean.txt	88	138	60034	0.0022986974048039444	6.282724236197704	8.300438667230473	0.11617041280529639
sag-x-bible.txt.clean.txt	89	139	59841	0.002322822145351849	6.290695196487911	8.304039117985841	0.11634397135397745
sag-x-bible.txt.clean.txt	90	140	59654	0.002346866932644919	6.303131233129615	8.30397300155851	0.11588146828394164
sag-x-bible.txt.clean.txt	91	141	59470	0.0023709433327728266	6.306292895693099	8.332641872027276	0.11671019866335586
sag-x-bible.txt.clean.txt	92	142	59290	0.0023950075898127848	6.307856950446756	8.34266023118736	0.11775104139854531
sag-x-bible.txt.clean.txt	93	143	59115	0.0024190137866869662	6.320635281132253	8.342932908563373	0.11721384591580575
sag-x-bible.txt.clean.txt	94	144	58943	0.002443038189437253	6.327071917541845	8.34684055800188	0.11755396098716753
sag-x-bible.txt.clean.txt	95	145	58776	0.0024669933306111337	6.328917289981345	8.361341734888097	0.11852403552254709
sag-x-bible.txt.clean.txt	96	146	58609	0.0024910849869473973	6.335868184208433	8.364671158062528	0.11877290852902367
sag-x-bible.txt.clean.txt	97	147	58448	0.0025150561182589654	6.345802101885129	8.370446342075804	0.11859848643857174
sag-x-bible.txt.clean.txt	98	148	58288	0.002539116113093604	6.346906205818936	8.381029439213993	0.11964113172882229
sag-x-bible.txt.clean.txt	99	149	58129	0.00256326446352079	6.355546937148446	8.383516621220746	0.11962895461795187
sag-x-bible.txt.clean.txt	100	150	57972	0.002587456013247775	6.361492872832744	8.389708206740597	0.11998168093542816
sag-x-bible.txt.clean.txt	101	151	57818	0.002611643432840984	6.373741087760099	8.391352991787315	0.11945500185522961
sag-x-bible.txt.clean.txt	102	152	57667	0.0026358229143184143	6.385165942704206	8.392463059061246	0.11903562351294406
sag-x-bible.txt.clean.txt	103	152	57518	0.0026426509962098822	6.384443166426093	8.39122817945626	0.11913534529917491
sag-x-bible.txt.clean.txt	104	153	57370	0.0026668990761722156	6.395230306173399	8.392417525600777	0.11879722500807854
sag-x-bible.txt.clean.txt	105	154	57226	0.0026910844720931045	6.404926120108549	8.394269165982738	0.11860268851435607
sag-x-bible.txt.clean.txt	106	155	57082	0.0027153918923653693	6.4140108289720015	8.396342572629667	0.11848527159284361
sag-x-bible.txt.clean.txt	107	156	56938	0.0027398222628121816	6.420031421648996	8.400968293228505	0.11878147166298747
sag-x-bible.txt.clean.txt	108	157	56794	0.0027643765186463358	6.428336123712919	8.40349137033079	0.1187566365681636
sag-x-bible.txt.clean.txt	109	158	56652	0.0027889571418484786	6.429330412907913	8.414608844695472	0.11972570993282317
sag-x-bible.txt.clean.txt	110	159	56513	0.0028135119353069203	6.439772551229311	8.4162687650425	0.11939346074507151
sag-x-bible.txt.clean.txt	111	160	56375	0.0028381374722838137	6.439015430288026	8.431694605818198	0.12058472210562166
sag-x-bible.txt.clean.txt	112	161	56238	0.0028628329599203386	6.45444874091421	8.431365106558914	0.1195577786207036
sag-x-bible.txt.clean.txt	113	162	56102	0.0028875975901037397	6.461363995046148	8.435291381488996	0.11968718808875167
sag-x-bible.txt.clean.txt	114	163	55967	0.0029124305394250182	6.47313954715233	8.436798125601683	0.11914831909717893
sag-x-bible.txt.clean.txt	115	163	55835	0.0029193158413181697	6.476168967048024	8.434155543573924	0.11873608179133299
sag-x-bible.txt.clean.txt	116	164	55703	0.002944186130010951	6.469378615970316	8.479663670328241	0.12071588322995086
sag-x-bible.txt.clean.txt	117	165	55571	0.0029691745694696873	6.466605858870632	8.499004549328978	0.12213915291883548
sag-x-bible.txt.clean.txt	118	166	55440	0.002994227994227994	6.471600388606143	8.503414881258443	0.12249955422621839
sag-x-bible.txt.clean.txt	119	166	55309	0.003001319857527708	6.468284817180914	8.504879724791795	0.12294912082936582
sag-x-bible.txt.clean.txt	120	166	55178	0.003008445394903766	6.46966569909198	8.502678944771251	0.12276188360522344
sag-x-bible.txt.clean.txt	121	167	55048	0.0030337160296468537	6.47416112318949	8.510016843828627	0.12318250206899894
sag-x-bible.txt.clean.txt	122	168	54918	0.003059106303944062	6.486581895609999	8.510481838537215	0.12252389546718045
sag-x-bible.txt.clean.txt	123	169	54791	0.003084448175795295	6.494809381927255	8.512562097859222	0.12242734963536872
sag-x-bible.txt.clean.txt	124	170	54665	0.003109850910088722	6.510572087278446	8.512369083632535	0.12130806116268766
sag-x-bible.txt.clean.txt	125	171	54539	0.0031353710189039037	6.515921546962627	8.517169467869405	0.12158922897338642
sag-x-bible.txt.clean.txt	126	172	54413	0.0031610093176263026	6.511654741276636	8.550431044536776	0.12315882124271926
sag-x-bible.txt.clean.txt	127	173	54287	0.0031867666292114136	6.523409917411493	8.551007953238273	0.12256407211297571
sag-x-bible.txt.clean.txt	128	174	54162	0.003212584468815775	6.527586857395484	8.556591751171728	0.12298315027700812
sag-x-bible.txt.clean.txt	129	175	54037	0.003238521753613265	6.532139861844563	8.561040647308708	0.1233452167968111
sag-x-bible.txt.clean.txt	130	176	53913	0.003264518761708679	6.53555224264367	8.567183398684517	0.12385385686562589
sag-x-bible.txt.clean.txt	131	177	53791	0.00329051328289119	6.540916105247897	8.571679012782951	0.1240945894396901
sag-x-bible.txt.clean.txt	132	178	53671	0.003316502394216616	6.545128855646205	8.576254662877243	0.12448338131819836
sag-x-bible.txt.clean.txt	133	179	53553	0.0033424831475360856	6.555462190273377	8.57770056184438	0.12404816134186614
sag-x-bible.txt.clean.txt	134	180	53436	0.0033685156074556477	6.562439148367265	8.58191793425236	0.12405661670244683
sag-x-bible.txt.clean.txt	135	181	53321	0.003394534986215562	6.566685850390556	8.588277878980119	0.12442389493626893
sag-x-bible.txt.clean.txt	136	182	53208	0.003420538264922568	6.572173055926542	8.591920555700453	0.1246200287981496
sag-x-bible.txt.clean.txt	137	183	53095	0.003446652227140032	6.5843979209242836	8.592160868258478	0.1239141979321503
sag-x-bible.txt.clean.txt	138	184	52985	0.003472680947437954	6.590795793343082	8.594983109437027	0.12397932896172759
sag-x-bible.txt.clean.txt	139	185	52876	0.003498751796656328	6.593197775150043	8.602282065220248	0.12456993319017895
sag-x-bible.txt.clean.txt	140	186	52767	0.003524930354198647	6.598416298497175	8.60587725360095	0.12478083247494232
sag-x-bible.txt.clean.txt	141	187	52658	0.0035512172889209615	6.604464812956872	8.608996784467102	0.12487648422007958
sag-x-bible.txt.clean.txt	142	188	52553	0.003577340970068312	6.607871940933669	8.614841981094061	0.12531680139465595
sag-x-bible.txt.clean.txt	143	189	52449	0.0036035005433850027	6.613712810147303	8.618387340320623	0.12542967559936047
sag-x-bible.txt.clean.txt	144	190	52345	0.003629764065335753	6.6224399155400615	8.620152076320505	0.12515637573697114
sag-x-bible.txt.clean.txt	145	191	52241	0.0036561321567351313	6.625885459687131	8.625946762683814	0.1255760218859463
sag-x-bible.txt.clean.txt	146	192	52139	0.003682464182281977	6.628433050476541	8.632254337443202	0.12610865909405233
sag-x-bible.txt.clean.txt	147	193	52037	0.003708899436939101	6.637904790962263	8.633955037570757	0.12572375999236274
sag-x-bible.txt.clean.txt	148	194	51936	0.0037353666050523723	6.645536047325066	8.635951446908367	0.1255773341984021
sag-x-bible.txt.clean.txt	149	195	51835	0.0037619369152117293	6.6454533864322665	8.646485353508275	0.12644079955077436
sag-x-bible.txt.clean.txt	150	196	51734	0.003788610971508099	6.646724533804423	8.655612785255117	0.12712044583798066
sag-x-bible.txt.clean.txt	151	197	51635	0.0038152415996901327	6.651769766151878	8.659729981573093	0.12729932520633291
sag-x-bible.txt.clean.txt	152	198	51537	0.0038418999941789394	6.653233998985853	8.671318655194147	0.12794297995255732
sag-x-bible.txt.clean.txt	153	199	51439	0.0038686599661735257	6.660355259619491	8.6740150385913	0.12784042812551621
sag-x-bible.txt.clean.txt	154	200	51342	0.0038954462233648864	6.6587074626890725	8.704127929035902	0.1288811174134198
sag-x-bible.txt.clean.txt	155	201	51245	0.003922333886232803	6.663312209810039	8.707580534086595	0.12909852412939216
sag-x-bible.txt.clean.txt	156	202	51149	0.00394924631957614	6.665702498595749	8.713869224519149	0.12960062364318659
sag-x-bible.txt.clean.txt	157	203	51053	0.003976259965134272	6.668906622905291	8.720697587844747	0.12999160180912062
sag-x-bible.txt.clean.txt	158	204	50957	0.004003375394940833	6.677243357063569	8.722740103288487	0.12970891739589163
sag-x-bible.txt.clean.txt	159	205	50862	0.004030513939679918	6.679157417717715	8.728993774112864	0.13025916713452412
sag-x-bible.txt.clean.txt	160	206	50768	0.004057674125433344	6.684336749587112	8.7319967755586	0.13037971883979782
sag-x-bible.txt.clean.txt	161	207	50674	0.004084935075186486	6.685336837485506	8.740964182833643	0.13103942667129787
sag-x-bible.txt.clean.txt	162	208	50581	0.004112216049504755	6.682674965008195	8.757593034438887	0.13216969295080572
sag-x-bible.txt.clean.txt	163	209	50489	0.004139515538037988	6.682970404276789	8.772811907659904	0.132910470402269
sag-x-bible.txt.clean.txt	164	210	50398	0.004166832017143537	6.682351067500852	8.785250013679889	0.1337647923963744
sag-x-bible.txt.clean.txt	165	211	50308	0.0041941639500675835	6.685922387182143	8.794138602795748	0.13407116994936208
sag-x-bible.txt.clean.txt	166	212	50218	0.004221593850810466	6.69109602377063	8.801040789852175	0.1341660330083163
sag-x-bible.txt.clean.txt	167	213	50130	0.004248952722920407	6.698894596362505	8.802328453605195	0.13391776481882833
sag-x-bible.txt.clean.txt	168	214	50043	0.0042763223627680196	6.704881830509302	8.806627958754873	0.1339003521829566
sag-x-bible.txt.clean.txt	169	215	49957	0.004303701183017395	6.7097108144673925	8.80946027065762	0.13402893491184753
sag-x-bible.txt.clean.txt	170	216	49872	0.004331087584215592	6.714554790683813	8.812469584942834	0.1341518766312757
sag-x-bible.txt.clean.txt	171	217	49787	0.004358567497539518	6.720767542218146	8.814777591609246	0.13409480386803307
sag-x-bible.txt.clean.txt	172	218	49702	0.004386141402760452	6.72771409440796	8.816322604514603	0.1339399513281817
sag-x-bible.txt.clean.txt	173	219	49619	0.0044136318748866366	6.7293675960827795	8.825813644103718	0.13446277763033954
sag-x-bible.txt.clean.txt	174	220	49540	0.0044408558740411785	6.732496894920405	8.832709027795271	0.13479171471551987
sag-x-bible.txt.clean.txt	175	221	49462	0.004468076503174154	6.732314898904546	8.846220637586864	0.13554197069581364
sag-x-bible.txt.clean.txt	176	222	49385	0.004495292092740711	6.735541514088249	8.851190792980008	0.13585037935083866
sag-x-bible.txt.clean.txt	177	223	49308	0.004522592682728969	6.74033936552935	8.854980130653706	0.1359536140698061
sag-x-bible.txt.clean.txt	178	224	49233	0.00454979383746674	6.736017328802815	8.88206990070435	0.13722158195063094
sag-x-bible.txt.clean.txt	179	225	49158	0.0045770779934090075	6.737402495453088	8.889518379155547	0.13775388245755293
sag-x-bible.txt.clean.txt	180	226	49084	0.004604351723575911	6.742379521494735	8.892663402712365	0.1378228613565622
sag-x-bible.txt.clean.txt	181	226	49010	0.004611303815547848	6.7405395216661725	8.892900885787256	0.13805815006765254
sag-x-bible.txt.clean.txt	182	227	48937	0.004638616997363958	6.746760448157195	8.895015258732945	0.13796477986268485
sag-x-bible.txt.clean.txt	183	228	48866	0.00466582081610936	6.751038730668989	8.898265626707492	0.13811649104473167
sag-x-bible.txt.clean.txt	184	229	48795	0.004693103801619018	6.7543453727466805	8.90358923945696	0.13838885232164944
sag-x-bible.txt.clean.txt	185	230	48725	0.0047203694202154955	6.755874118205332	8.90998987155334	0.13888436868362142
sag-x-bible.txt.clean.txt	186	231	48655	0.004747713492960641	6.758741475702656	8.914440947939505	0.13920561647450191
sag-x-bible.txt.clean.txt	187	232	48585	0.004775136358958526	6.759913255840927	8.921583759129714	0.1397391696375333
sag-x-bible.txt.clean.txt	188	233	48515	0.0048026383592703285	6.7641681693219535	8.924936883372844	0.13987689954160976
sag-x-bible.txt.clean.txt	189	234	48446	0.004830120133757173	6.761887117578035	8.945607698567589	0.14084196114154712
sag-x-bible.txt.clean.txt	190	235	48377	0.0048576803026231475	6.76346992506599	8.951989823865397	0.14131208363417747
sag-x-bible.txt.clean.txt	191	236	48308	0.004885319201788523	6.765603896241213	8.956829727407051	0.14170870685449355
sag-x-bible.txt.clean.txt	192	237	48239	0.004913037169095545	6.772414665975478	8.95888546829298	0.14150905254505375
sag-x-bible.txt.clean.txt	193	238	48171	0.004940731975670009	6.771464834344673	8.969654454782543	0.1422899125277065
sag-x-bible.txt.clean.txt	194	238	48105	0.0049475106537781935	6.770353119603978	8.969273204711076	0.14243072828483028
sag-x-bible.txt.clean.txt	195	239	48040	0.004975020815986678	6.77740194426873	8.97118058043341	0.1421951402316003
sag-x-bible.txt.clean.txt	196	240	47975	0.0050026055237102655	6.78330618577985	8.97390851672743	0.142101929480687
sag-x-bible.txt.clean.txt	197	241	47911	0.005030160088497423	6.784564480356512	8.982248800792167	0.1425932814082589
sag-x-bible.txt.clean.txt	198	242	47847	0.005057788367086756	6.790172248871259	8.985136638256126	0.14253194613723286
sag-x-bible.txt.clean.txt	199	243	47784	0.005085384229030638	6.791240027890155	8.99697982196776	0.14304092055172934
sag-x-bible.txt.clean.txt	200	244	47721	0.005113052953626286	6.7901586953702395	9.007705763598644	0.14381747795257915
sag-x-bible.txt.clean.txt	201	245	47658	0.0051407948298292	6.790925304470981	9.014819797753155	0.1443574273309456
sag-x-bible.txt.clean.txt	202	246	47597	0.005168392965943232	6.7913210282106675	9.023735297784858	0.14494068299840046
sag-x-bible.txt.clean.txt	203	247	47536	0.005196061932009425	6.795862081425568	9.026707142106382	0.14499898112147658
sag-x-bible.txt.clean.txt	204	248	47476	0.005223691970679923	6.799710467649213	9.030472168154779	0.14514173370728767
sag-x-bible.txt.clean.txt	205	249	47417	0.0052512811860725055	6.803431700557191	9.033905374282462	0.14529773251077627
sag-x-bible.txt.clean.txt	206	250	47359	0.005278827677949281	6.806810582107802	9.038199358932285	0.14549398541783998
sag-x-bible.txt.clean.txt	207	251	47301	0.005306441724276442	6.804053950308841	9.058762233938811	0.14645715672760917
sag-x-bible.txt.clean.txt	208	252	47243	0.005334123573862795	6.807460418418034	9.062629587737458	0.1466439082369121
sag-x-bible.txt.clean.txt	209	253	47186	0.005361759844021532	6.809836391381872	9.06720765490749	0.14695704967511036
sag-x-bible.txt.clean.txt	210	254	47129	0.005389462963355895	6.8129444283843394	9.071720150181951	0.14717569969116961
sag-x-bible.txt.clean.txt	211	255	47072	0.005417233174711081	6.817523854952574	9.07426220677435	0.1472075998642216
sag-x-bible.txt.clean.txt	212	256	47016	0.00544495490896716	6.824141088461135	9.07663938425755	0.14698236394235809
sag-x-bible.txt.clean.txt	213	257	46960	0.00547274275979557	6.819398040565121	9.11899680205208	0.14817413698825088
sag-x-bible.txt.clean.txt	214	258	46904	0.005500596964011598	6.820617757959672	9.125724228409965	0.14861761619077662
sag-x-bible.txt.clean.txt	215	259	46848	0.005528517759562842	6.817402992385435	9.145957118766873	0.14961132314257175
sag-x-bible.txt.clean.txt	216	260	46792	0.005556505385535989	6.822529471144694	9.147918834372977	0.14956162193600786
sag-x-bible.txt.clean.txt	217	261	46737	0.005584440593106105	6.826411067406495	9.150670085274086	0.14966479797804777
sag-x-bible.txt.clean.txt	218	262	46682	0.005612441626322779	6.824766268097678	9.164756588862646	0.15045351566928045
sag-x-bible.txt.clean.txt	219	263	46627	0.0056405087181246915	6.830512650290736	9.166713620939845	0.15031950696494667
sag-x-bible.txt.clean.txt	220	264	46573	0.005668520387348893	6.833890612597957	9.169875618027014	0.15047789663207556
sag-x-bible.txt.clean.txt	221	265	46519	0.005696597089361336	6.835377824844073	9.176225891667992	0.1508687669272215
sag-x-bible.txt.clean.txt	222	266	46465	0.005724739050898525	6.837186821732747	9.181610898416391	0.15121699624088403
sag-x-bible.txt.clean.txt	223	267	46411	0.005752946499752214	6.837965526879843	9.187291809325421	0.15169042662941945
sag-x-bible.txt.clean.txt	224	268	46359	0.005780970253888134	6.842096005313644	9.190867361461361	0.15174555552796498
sag-x-bible.txt.clean.txt	225	269	46307	0.0058090569460340765	6.846596780164612	9.193781095507058	0.15175262268137957
sag-x-bible.txt.clean.txt	226	270	46256	0.005837080594949844	6.84857862683177	9.198584476622923	0.15206945800118798
sag-x-bible.txt.clean.txt	227	270	46205	0.0058435234282004115	6.845865510905136	9.200804594847366	0.15240537206212368
sag-x-bible.txt.clean.txt	228	271	46154	0.005871647094509685	6.848829608705232	9.206541044722153	0.15259795709508972
sag-x-bible.txt.clean.txt	229	272	46104	0.0058997050147492625	6.8532610249840005	9.209038356720871	0.15260679900391705
sag-x-bible.txt.clean.txt	230	272	46054	0.005906110218439223	6.851520800538772	9.2095065518267	0.1528219745762056
sag-x-bible.txt.clean.txt	231	273	46005	0.005934137593739811	6.8545269803409905	9.212747374599338	0.15300473485333332
sag-x-bible.txt.clean.txt	232	274	45956	0.005962224736704674	6.857471819796727	9.21627687481209	0.15319280665411605
sag-x-bible.txt.clean.txt	233	275	45907	0.005990371838717407	6.860162049666586	9.220066683278024	0.15341004640794653
sag-x-bible.txt.clean.txt	234	276	45858	0.006018579091979589	6.860248130778329	9.227260173563412	0.15394617512146325
sag-x-bible.txt.clean.txt	235	277	45809	0.006046846689515161	6.860912454401477	9.233088717069894	0.1544083711323736
sag-x-bible.txt.clean.txt	236	278	45761	0.00607504206638841	6.860623096543921	9.243476003023193	0.15498547962209586
sag-x-bible.txt.clean.txt	237	279	45714	0.006103163144769655	6.860202560775728	9.26196537592795	0.15557605586380407
sag-x-bible.txt.clean.txt	238	280	45668	0.0061312078479460455	6.865164998701057	9.264198826139072	0.15550178479565024
sag-x-bible.txt.clean.txt	239	281	45622	0.006159309105256236	6.866595800404089	9.270012131447867	0.15585985660294288
sag-x-bible.txt.clean.txt	240	282	45576	0.006187467087941022	6.870752677344805	9.272782367931146	0.1558806646855374
sag-x-bible.txt.clean.txt	241	283	45531	0.006215545452548813	6.872253533115467	9.27736650693301	0.15622567230936413
sag-x-bible.txt.clean.txt	242	284	45486	0.00624367937387328	6.874084459857624	9.282314172085773	0.15652788251478766
sag-x-bible.txt.clean.txt	243	285	45441	0.0062718690169670565	6.877274070607443	9.285816839504083	0.1566612548999159
sag-x-bible.txt.clean.txt	244	286	45397	0.006299975769323964	6.877672033548348	9.292727608644224	0.1571347451829147
sag-x-bible.txt.clean.txt	245	287	45354	0.006327997530537549	6.880025094460044	9.296621745717793	0.15736637830099287
sag-x-bible.txt.clean.txt	246	288	45311	0.006356072476881993	6.880720567779284	9.3027857480105	0.15779880885509145
sag-x-bible.txt.clean.txt	247	289	45268	0.0063842007599187066	6.88047439496138	9.316234372081585	0.15834410462106252
sag-x-bible.txt.clean.txt	248	290	45225	0.006412382531785517	6.883248473502963	9.320859695361952	0.15851772950567156
sag-x-bible.txt.clean.txt	249	291	45184	0.006440332861189802	6.884838873565961	9.325983611487068	0.15883399744978743
sag-x-bible.txt.clean.txt	250	292	45143	0.006468333960968478	6.8879927787390915	9.329321879375447	0.15895722439247895
sag-x-bible.txt.clean.txt	251	293	45103	0.006496241935126266	6.889620540944971	9.334260227515179	0.15926480024516754
sag-x-bible.txt.clean.txt	252	294	45063	0.006524199454097597	6.889338962801985	9.342317396753675	0.1598031393119682
sag-x-bible.txt.clean.txt	253	295	45023	0.006552206649934478	6.890907546357673	9.347116763016512	0.1601136213941312
sag-x-bible.txt.clean.txt	254	296	44983	0.006580263655158615	6.891649611741726	9.353584864530957	0.16052271633633464
sag-x-bible.txt.clean.txt	255	297	44943	0.0066083706027635	6.892345889442762	9.358948633701925	0.16093521713935233
sag-x-bible.txt.clean.txt	256	298	44904	0.006636379832531623	6.892020793173022	9.36668892413461	0.16146982799843057
sag-x-bible.txt.clean.txt	257	299	44865	0.0066644377577175975	6.892992291097915	9.372768829621787	0.16184449320773908
sag-x-bible.txt.clean.txt	258	300	44826	0.006692544505420961	6.890415283721397	9.390176858290221	0.1626483043453506
sag-x-bible.txt.clean.txt	259	301	44787	0.00672070020318396	6.892902866505231	9.394086880487873	0.16283443526530517
sag-x-bible.txt.clean.txt	260	302	44748	0.006748904978993475	6.895721638998845	9.397467171217123	0.16297853077272229
sag-x-bible.txt.clean.txt	261	303	44709	0.006777158961282963	6.898799688002341	9.400292574332394	0.16308939956453639
sag-x-bible.txt.clean.txt	262	304	44671	0.006805309932618477	6.901820659867898	9.40335667332118	0.1632054660254495
sag-x-bible.txt.clean.txt	263	305	44633	0.006833508838751596	6.903967498319343	9.40728467260766	0.16342573743844013
sag-x-bible.txt.clean.txt	264	306	44595	0.0068617558022199794	6.903125301882496	9.42223756486958	0.16400616836819715
sag-x-bible.txt.clean.txt	265	307	44557	0.006890050945979307	6.902650959268577	9.430653296296372	0.16453985478796485
sag-x-bible.txt.clean.txt	266	308	44519	0.006918394393405063	6.905898162165347	9.433350979158543	0.16462120702286331
sag-x-bible.txt.clean.txt	267	309	44482	0.006946630097567555	6.9087527345410145	9.436221477009845	0.1647483992573211
sag-x-bible.txt.clean.txt	268	310	44445	0.00697491281358983	6.907692451227126	9.455793878779502	0.1653469531191476
sag-x-bible.txt.clean.txt	269	311	44408	0.007003242658980364	6.909149301433526	9.460704372794831	0.1656393476854382
sag-x-bible.txt.clean.txt	270	311	44371	0.007009082508845868	6.905434849532937	9.473281270832118	0.1660879112314776
sag-x-bible.txt.clean.txt	271	312	44335	0.007037329423705876	6.902410550299175	9.496664639113103	0.16691907429848185
sag-x-bible.txt.clean.txt	272	313	44299	0.007065622248809228	6.904337358468998	9.500290514662483	0.16715058361735025
sag-x-bible.txt.clean.txt	273	314	44263	0.007093961096175135	6.9034512993362895	9.508777129832403	0.16771947647410324
sag-x-bible.txt.clean.txt	274	314	44227	0.007099735455717096	6.900509225539455	9.513452009281751	0.1680741730763835
sag-x-bible.txt.clean.txt	275	315	44191	0.007128148265483922	6.901265816030576	9.51947881098684	0.1684428440954242
sag-x-bible.txt.clean.txt	276	316	44155	0.007156607405729816	6.9042739591503945	9.522073345237784	0.1685385045039799
sag-x-bible.txt.clean.txt	277	316	44119	0.007162447018291439	6.901679202785454	9.525079938964296	0.16885098341492777
sag-x-bible.txt.clean.txt	278	317	44083	0.007190980650137241	6.900362125059553	9.534760068548817	0.1694655092879893
sag-x-bible.txt.clean.txt	279	318	44048	0.007219397021431166	6.902048441900042	9.538306238905868	0.16971663392511382
sag-x-bible.txt.clean.txt	280	319	44013	0.007247858587235589	6.902127567465308	9.544028245871289	0.17015929256140794
sag-x-bible.txt.clean.txt	281	320	43978	0.007276365455455	6.9038027716573325	9.548084698987465	0.1704082644142606
sag-x-bible.txt.clean.txt	282	321	43943	0.007304917734337665	6.906808057486165	9.550558815687042	0.17049582078749737
sag-x-bible.txt.clean.txt	283	322	43908	0.007333515532476997	6.909004074904595	9.553522784462585	0.17067902897283715
sag-x-bible.txt.clean.txt	284	323	43873	0.007362158958812938	6.9078644100650965	9.571985085043341	0.17126083889099952
sag-x-bible.txt.clean.txt	285	324	43838	0.007390848122633332	6.909895264320305	9.575324978363179	0.17146048646794854
sag-x-bible.txt.clean.txt	286	325	43804	0.0074194137521687515	6.911952767695851	9.57853688566043	0.17165536266051795
sag-x-bible.txt.clean.txt	287	326	43770	0.007448023760566598	6.9115482384656195	9.585738659791621	0.17214357555013993
sag-x-bible.txt.clean.txt	288	327	43736	0.007476678251326138	6.9114896074444205	9.595979973304775	0.17258851642030115
sag-x-bible.txt.clean.txt	289	328	43702	0.007505377328268729	6.911670899353775	9.601483225852794	0.1730029444585408
sag-x-bible.txt.clean.txt	290	329	43668	0.0075341210955390675	6.91336163889165	9.605765596026291	0.17323509629346823
sag-x-bible.txt.clean.txt	291	330	43635	0.0075627363355104844	6.914033244571892	9.612433862753456	0.1735875014711994
sag-x-bible.txt.clean.txt	292	331	43602	0.007591394890142654	6.914979042208667	9.617620390551394	0.17390547440760218
sag-x-bible.txt.clean.txt	293	332	43569	0.007620096857857651	6.9141590677678995	9.625316782000194	0.17443265498083493
sag-x-bible.txt.clean.txt	294	333	43536	0.007648842337375964	6.911429627235641	9.644023349601529	0.1751858760316004
sag-x-bible.txt.clean.txt	295	334	43503	0.0076776314277176285	6.913926246456798	9.64743723858491	0.1753136793406055
sag-x-bible.txt.clean.txt	296	335	43471	0.007706286949920637	6.913385704346218	9.654655550039692	0.17580216287528094
sag-x-bible.txt.clean.txt	297	335	43439	0.007711963903404774	6.913469003929009	9.653946714650854	0.175792232091884
sag-x-bible.txt.clean.txt	298	336	43407	0.0077406869859700045	6.915474160945734	9.656821254880045	0.1759756200146243
sag-x-bible.txt.clean.txt	299	337	43375	0.007769452449567723	6.915912470672257	9.66281625506032	0.1763441711378474
sag-x-bible.txt.clean.txt	300	338	43343	0.0077982603880672775	6.915921738304085	9.671521333542579	0.17676217225125035
sag-x-bible.txt.clean.txt	301	338	43311	0.007804022072914502	6.914982913007033	9.671376038995124	0.17687392546758596
sag-x-bible.txt.clean.txt	302	339	43279	0.007832898172323759	6.9184526773971315	9.673443115782842	0.17687849660348975
sag-x-bible.txt.clean.txt	303	340	43248	0.007861635220125786	6.920238511093846	9.676469333713346	0.17708207839934254
sag-x-bible.txt.clean.txt	304	341	43217	0.00789041349468959	6.922019104532753	9.684518533162052	0.17728485702890118
sag-x-bible.txt.clean.txt	305	342	43186	0.007919233084796	6.923008381338606	9.688475859909524	0.17758022380456895
sag-x-bible.txt.clean.txt	306	343	43155	0.00794809407948094	6.9251219761346485	9.692285289173821	0.1777405935003764
sag-x-bible.txt.clean.txt	307	344	43125	0.007976811594202899	6.9229330853106985	9.708265914665038	0.1784102105921247
sag-x-bible.txt.clean.txt	308	345	43095	0.008005569091541943	6.922016405848169	9.716993176455702	0.17892706667560265
sag-x-bible.txt.clean.txt	309	345	43065	0.008011145942180425	6.918939927490869	9.724937681786157	0.17929199113706495
sag-x-bible.txt.clean.txt	310	345	43035	0.00801673056814221	6.9181092459134526	9.724738989383834	0.17939052458735427
sag-x-bible.txt.clean.txt	311	346	43005	0.008045576095802814	6.920144936058449	9.727614581873878	0.17955542920267098
sag-x-bible.txt.clean.txt	312	347	42975	0.008074461896451425	6.919170049549412	9.737839121637176	0.18007575368322026
sag-x-bible.txt.clean.txt	313	348	42945	0.008103388054488299	6.922042617457058	9.740199282166309	0.1801387015250635
sag-x-bible.txt.clean.txt	314	349	42916	0.008132165159847143	6.922530594537999	9.745042569042223	0.18048272887157824
sag-x-bible.txt.clean.txt	315	350	42887	0.0081609811831091	6.923414281603733	9.7488113082516	0.18077844820247901
sag-x-bible.txt.clean.txt	316	351	42858	0.008189836203275935	6.9224544301824285	9.756580076855943	0.18129077091671897
sag-x-bible.txt.clean.txt	317	352	42829	0.00821873029956338	6.922323048143974	9.762262793915632	0.1817035280605449
sag-x-bible.txt.clean.txt	318	353	42800	0.00824766355140187	6.921375698042727	9.77221097790103	0.1822111696279558
sag-x-bible.txt.clean.txt	319	354	42771	0.008276636038437259	6.918641647959511	9.794414877518058	0.1829282071492222
sag-x-bible.txt.clean.txt	320	355	42742	0.008305647840531562	6.920737567307363	9.796831709190922	0.18307331287321815
sag-x-bible.txt.clean.txt	321	356	42713	0.008334699037763679	6.921908898956971	9.800267699549849	0.1833262625193559
sag-x-bible.txt.clean.txt	322	357	42684	0.008363789710430138	6.922317401686519	9.804442152137927	0.18366783263822029
sag-x-bible.txt.clean.txt	323	358	42655	0.008392919939045833	6.921469286861497	9.81163687727855	0.1841561075135183
sag-x-bible.txt.clean.txt	324	359	42626	0.008422089804344767	6.923814856384992	9.813960617623323	0.18426657090680332
sag-x-bible.txt.clean.txt	325	360	42598	0.008451100990656839	6.92533089986418	9.81723587012657	0.18447353936711075
sag-x-bible.txt.clean.txt	326	361	42570	0.008480150340615457	6.923260829744118	9.831276237426245	0.18510134555806346
sag-x-bible.txt.clean.txt	327	362	42542	0.008509237929575478	6.92408519055768	9.835931221367769	0.1853869725944245
sag-x-bible.txt.clean.txt	328	362	42514	0.008514842169638237	6.922003521142092	9.837894204864387	0.18563187931899827
sag-x-bible.txt.clean.txt	329	362	42486	0.008520453796544744	6.921389951581005	9.837551363402191	0.18570406528204264
sag-x-bible.txt.clean.txt	330	362	42458	0.008526072824909322	6.9227412033822535	9.836677216102483	0.1855450915995548
sag-x-bible.txt.clean.txt	331	363	42430	0.008555267499410794	6.922363005100535	9.843853079873622	0.18597073618631643
sag-x-bible.txt.clean.txt	332	364	42402	0.00858450073109759	6.924428920475515	9.846147918536449	0.1861076561770657
sag-x-bible.txt.clean.txt	333	365	42374	0.008613772596403455	6.926376934304317	9.84943750372088	0.18625725910413538
sag-x-bible.txt.clean.txt	334	366	42347	0.008642879070536284	6.925885537254542	9.859496171154962	0.1866921487629437
sag-x-bible.txt.clean.txt	335	366	42320	0.008648393194706994	6.924521668482123	9.859927846762853	0.18685230809198528
sag-x-bible.txt.clean.txt	336	367	42293	0.00867755893410257	6.926471952852482	9.862317542513681	0.18699909863628905
sag-x-bible.txt.clean.txt	337	368	42266	0.008706761936308144	6.9289968008181635	9.873946188697092	0.18707732324344972
sag-x-bible.txt.clean.txt	338	369	42239	0.008736002272781079	6.928431370887025	9.882696543601032	0.18751685100258197
sag-x-bible.txt.clean.txt	339	370	42212	0.008765280015161565	6.930324558763558	9.885330916527682	0.18766678165342054
sag-x-bible.txt.clean.txt	340	371	42185	0.0087945952352732	6.930149295788153	9.890474445198068	0.18805791377619663
sag-x-bible.txt.clean.txt	341	372	42158	0.008823948005123582	6.9331557888744655	9.892269417438566	0.18807508535201634
sag-x-bible.txt.clean.txt	342	373	42132	0.008853128263552643	6.932290774408827	9.899841164516658	0.18854442775542501
sag-x-bible.txt.clean.txt	343	374	42106	0.008882344558970218	6.931969322013545	9.909418491676359	0.18894876325585552
sag-x-bible.txt.clean.txt	344	374	42080	0.008887832699619772	6.929625037116181	9.91276523556948	0.1892230482500562
sag-x-bible.txt.clean.txt	345	374	42054	0.008893327626385124	6.926673966685441	9.922053654418631	0.1895683280993149
sag-x-bible.txt.clean.txt	346	375	42028	0.008922623013229276	6.926593553832858	9.93618122156958	0.18994285204734784
sag-x-bible.txt.clean.txt	347	376	42002	0.008951954668825294	6.92801120914545	9.93880934136078	0.19014094899642076
sag-x-bible.txt.clean.txt	348	377	41976	0.008981322660567944	6.9289658867543	9.9433432944911	0.19039199884017344
sag-x-bible.txt.clean.txt	349	378	41950	0.009010727056019071	6.930107779943498	9.946538847980205	0.1906199992259684
sag-x-bible.txt.clean.txt	350	378	41924	0.009016315237095698	6.927150627300332	9.95571677688227	0.19096537050800544
