file	merge	types	tokens	TTR	H	Hcross	R
swh-x-bible-union1997.txt.clean.txt	0	35	98009	0.0003571100613208991	4.390801493882391	6.827847821347675	0.1439736354229133
swh-x-bible-union1997.txt.clean.txt	1	36	94901	0.00037934268342799336	4.497869550336051	6.772189374805429	0.12999326893886665
swh-x-bible-union1997.txt.clean.txt	2	37	92768	0.0003988444291134874	4.5958934061520935	6.726175680861034	0.11777818446845434
swh-x-bible-union1997.txt.clean.txt	3	38	91164	0.00041683120530033787	4.672102271736249	6.6963693034826886	0.10972431311832109
swh-x-bible-union1997.txt.clean.txt	4	39	89560	0.00043546225993747206	4.723151485477269	6.679410585694754	0.10637804089506209
swh-x-bible-union1997.txt.clean.txt	5	40	88065	0.00045420995855334126	4.765040313752035	6.677803450921283	0.10464023023353419
swh-x-bible-union1997.txt.clean.txt	6	41	86647	0.0004731842995141205	4.816084815019647	6.666706167167505	0.10106615654532225
swh-x-bible-union1997.txt.clean.txt	7	42	85602	0.0004906427419920095	4.8807749843873385	6.65310536323973	0.0948650456352057
swh-x-bible-union1997.txt.clean.txt	8	43	84576	0.000508418463866818	4.941653171022998	6.641389818764903	0.08930850328656792
swh-x-bible-union1997.txt.clean.txt	9	44	83606	0.0005262780183240437	4.981886420846025	6.644981820428294	0.08747159615683031
swh-x-bible-union1997.txt.clean.txt	10	45	82670	0.0005443328898028305	5.028079860369761	6.641054136340792	0.08444749483008995
swh-x-bible-union1997.txt.clean.txt	11	46	81837	0.0005620929408458277	5.064473392113652	6.643878419685708	0.08311458576832553
swh-x-bible-union1997.txt.clean.txt	12	47	81010	0.0005801752870016047	5.105456098853746	6.645610352698268	0.08085796533585765
swh-x-bible-union1997.txt.clean.txt	13	48	80276	0.0005979371169465345	5.142717102953949	6.6501870679889965	0.07918502545184547
swh-x-bible-union1997.txt.clean.txt	14	49	79662	0.000615098792397881	5.176912425890337	6.658117406621721	0.07797329343451787
swh-x-bible-union1997.txt.clean.txt	15	50	79075	0.0006323110970597534	5.206836793072982	6.668196339855303	0.07743276618095152
swh-x-bible-union1997.txt.clean.txt	16	51	78493	0.0006497394672136369	5.24190158175545	6.675877038949227	0.07589765122698167
swh-x-bible-union1997.txt.clean.txt	17	52	77915	0.000667393954950908	5.282881317272188	6.680225818623089	0.07325020902160673
swh-x-bible-union1997.txt.clean.txt	18	53	77353	0.0006851705816193295	5.312033415182285	6.690990217200341	0.07260698584764635
swh-x-bible-union1997.txt.clean.txt	19	54	76797	0.000703152466893238	5.3272699971320465	6.712837224539487	0.07430510237961474
swh-x-bible-union1997.txt.clean.txt	20	55	76252	0.0007212925562608194	5.359620279956003	6.72072910912823	0.07294813927285282
swh-x-bible-union1997.txt.clean.txt	21	56	75711	0.0007396547397339884	5.397401995734933	6.725283428562155	0.07059202198329217
swh-x-bible-union1997.txt.clean.txt	22	57	75181	0.0007581702823851772	5.4233562678143405	6.73801818142598	0.07021112096334381
swh-x-bible-union1997.txt.clean.txt	23	58	74713	0.0007763039899348173	5.454799409961566	6.7466693107883495	0.06882603161419532
swh-x-bible-union1997.txt.clean.txt	24	59	74248	0.0007946341989009805	5.472882587306266	6.763094006566943	0.06965584323529994
swh-x-bible-union1997.txt.clean.txt	25	60	73789	0.0008131293282196534	5.505850055398746	6.7703629600848325	0.06789368005358465
swh-x-bible-union1997.txt.clean.txt	26	61	73340	0.0008317425688573766	5.5285464071586485	6.783880755859411	0.06781465904027206
swh-x-bible-union1997.txt.clean.txt	27	62	72892	0.0008505734511331833	5.553153769318496	6.79446052955252	0.06735460508226354
swh-x-bible-union1997.txt.clean.txt	28	63	72455	0.0008695052101304258	5.57325472731129	6.807792947635439	0.067593487566173
swh-x-bible-union1997.txt.clean.txt	29	64	72045	0.0008883336803386773	5.5884916253690164	6.825258131834758	0.06858472910516389
swh-x-bible-union1997.txt.clean.txt	30	65	71636	0.000907365012005137	5.609151966842582	6.839570323883477	0.06861351863829113
swh-x-bible-union1997.txt.clean.txt	31	66	71246	0.0009263677960867978	5.625686582137217	6.855189787586881	0.06927204430304057
swh-x-bible-union1997.txt.clean.txt	32	67	70876	0.0009453129409108867	5.645342705321073	6.869523652140688	0.06936041853762254
swh-x-bible-union1997.txt.clean.txt	33	68	70513	0.0009643611816260832	5.66838585691497	6.880707717501506	0.06884263530868506
swh-x-bible-union1997.txt.clean.txt	34	69	70155	0.0009835364549925167	5.695890792287959	6.889549198723309	0.06755046450413105
swh-x-bible-union1997.txt.clean.txt	35	70	69803	0.0010028222282709913	5.710412192796817	6.906185554303448	0.06833928584960791
swh-x-bible-union1997.txt.clean.txt	36	71	69454	0.0010222593371152129	5.730572652713355	6.91915763818465	0.06816125259229988
swh-x-bible-union1997.txt.clean.txt	37	72	69119	0.001041681737293653	5.749149204949768	6.9324016921087335	0.06819787864425919
swh-x-bible-union1997.txt.clean.txt	38	73	68789	0.0010612161828199276	5.776771375024549	6.940716379655914	0.06673100019658806
swh-x-bible-union1997.txt.clean.txt	39	74	68460	0.0010809231668127374	5.796054808834196	6.952753983867705	0.06657567622345473
swh-x-bible-union1997.txt.clean.txt	40	75	68142	0.0011006427753808225	5.815130063928982	6.964995026646737	0.06641526220663907
swh-x-bible-union1997.txt.clean.txt	41	76	67826	0.0011205142570695603	5.836723711660746	6.975139469978289	0.06581443220940975
swh-x-bible-union1997.txt.clean.txt	42	77	67512	0.0011405379784334637	5.856271667383089	6.986143997696787	0.06550643948793122
swh-x-bible-union1997.txt.clean.txt	43	78	67198	0.0011607488318104706	5.867464187821388	7.003106722727518	0.06649344250184097
swh-x-bible-union1997.txt.clean.txt	44	79	66887	0.0011810964761463363	5.886502757633946	7.0149113407733195	0.06619487688619619
swh-x-bible-union1997.txt.clean.txt	45	80	66580	0.0012015620306398318	5.902796390347701	7.028704678124947	0.06629808157397732
swh-x-bible-union1997.txt.clean.txt	46	81	66277	0.0012221434283386393	5.92334191808352	7.039185231689312	0.06569683582602015
swh-x-bible-union1997.txt.clean.txt	47	82	65981	0.0012427820130037435	5.946952392356737	7.047032266822364	0.06458454637305211
swh-x-bible-union1997.txt.clean.txt	48	83	65687	0.00126356813372509	5.964649915491859	7.057773052661845	0.06437442784073233
swh-x-bible-union1997.txt.clean.txt	49	84	65405	0.0012843054812323217	5.981419973281957	7.069328538685923	0.064279888234678
swh-x-bible-union1997.txt.clean.txt	50	85	65124	0.0013052023831459983	6.003958928688503	7.077521049746836	0.06325593359632264
swh-x-bible-union1997.txt.clean.txt	51	86	64848	0.0013261781396496422	6.019628430810534	7.089189541773113	0.06327724415556146
swh-x-bible-union1997.txt.clean.txt	52	87	64573	0.0013473123441686153	6.034285661141456	7.1009297132294975	0.06342719518967932
swh-x-bible-union1997.txt.clean.txt	53	88	64300	0.0013685847589424572	6.059573000587394	7.107356173431173	0.061903065417737047
swh-x-bible-union1997.txt.clean.txt	54	89	64031	0.0013899517421249083	6.069822828658133	7.1271845454042495	0.06268179606764468
swh-x-bible-union1997.txt.clean.txt	55	90	63763	0.0014114768753038596	6.073973696607872	7.152920057714784	0.06436981760386118
swh-x-bible-union1997.txt.clean.txt	56	91	63495	0.0014331837152531696	6.091039881942984	7.1625497094636685	0.06403932227384912
swh-x-bible-union1997.txt.clean.txt	57	92	63228	0.001455051559435693	6.108694685076916	7.171924492329232	0.0635952066945421
swh-x-bible-union1997.txt.clean.txt	58	93	62964	0.0014770344959024204	6.12438794583476	7.181962026204705	0.06342877994776663
swh-x-bible-union1997.txt.clean.txt	59	94	62702	0.0014991547319064783	6.1423728497198145	7.190718118526914	0.06288968099842251
swh-x-bible-union1997.txt.clean.txt	60	95	62443	0.0015213875054049292	6.158264861294417	7.200883012770649	0.06264837031039316
swh-x-bible-union1997.txt.clean.txt	61	96	62198	0.0015434579890028618	6.1780198702410996	7.208205199283256	0.061798777204196687
swh-x-bible-union1997.txt.clean.txt	62	97	61955	0.0015656524897102737	6.1951205594186565	7.216598507008541	0.06133297400247606
swh-x-bible-union1997.txt.clean.txt	63	98	61730	0.0015875587234731898	6.197852055919996	7.251058514660635	0.06301981462816109
swh-x-bible-union1997.txt.clean.txt	64	99	61509	0.0016095205579671268	6.208350394773387	7.263711709942285	0.0635063475135792
swh-x-bible-union1997.txt.clean.txt	65	100	61292	0.0016315342948508777	6.217856879020837	7.277561663781587	0.06411928533455091
swh-x-bible-union1997.txt.clean.txt	66	101	61077	0.0016536503102640928	6.221652932164126	7.301034341238605	0.06556693966819482
swh-x-bible-union1997.txt.clean.txt	67	102	60870	0.0016757023164120255	6.238248461266482	7.30996393102345	0.06507032427532966
swh-x-bible-union1997.txt.clean.txt	68	103	60668	0.0016977648842882575	6.2382403849121735	7.357958368298613	0.06703957330874255
swh-x-bible-union1997.txt.clean.txt	69	104	60473	0.001719775767697981	6.254045410489386	7.366675293868601	0.06662164371736923
swh-x-bible-union1997.txt.clean.txt	70	105	60279	0.0017419001642363012	6.267362356084307	7.37674281906772	0.06655746508017957
swh-x-bible-union1997.txt.clean.txt	71	106	60085	0.0017641674294749106	6.276146912228665	7.389373177034891	0.06714906119737485
swh-x-bible-union1997.txt.clean.txt	72	107	59894	0.0017864894647210072	6.288705908752603	7.3994513949372145	0.06716061631123471
swh-x-bible-union1997.txt.clean.txt	73	108	59709	0.0018087725468522334	6.302764114357379	7.408342016729181	0.06693277832699385
swh-x-bible-union1997.txt.clean.txt	74	109	59525	0.0018311633767324653	6.316094582392506	7.418703462126288	0.06679631060422109
swh-x-bible-union1997.txt.clean.txt	75	110	59342	0.0018536618246772943	6.328235861935827	7.428769016870586	0.06681902608486145
swh-x-bible-union1997.txt.clean.txt	76	111	59161	0.0018762360338736668	6.342402863355645	7.437404657201727	0.0665271322635832
swh-x-bible-union1997.txt.clean.txt	77	112	58980	0.0018989487962021024	6.355298203533216	7.447437044387344	0.06640710286158369
swh-x-bible-union1997.txt.clean.txt	78	113	58799	0.001921801391180122	6.3584398529957245	7.467141117948502	0.0677019051793255
swh-x-bible-union1997.txt.clean.txt	79	114	58621	0.0019446955869057163	6.369972074435632	7.476745964380537	0.06774848398985933
swh-x-bible-union1997.txt.clean.txt	80	115	58447	0.0019675945728608825	6.384683734898361	7.48427756111682	0.06731531455259998
swh-x-bible-union1997.txt.clean.txt	81	116	58275	0.0019905619905619906	6.39616116276711	7.494966293566087	0.06734049462787561
swh-x-bible-union1997.txt.clean.txt	82	117	58106	0.0020135614222283413	6.409059809238864	7.503244416846003	0.06714416616480767
swh-x-bible-union1997.txt.clean.txt	83	118	57937	0.0020366950308093276	6.415988737618932	7.5213519551070736	0.06780161464078516
swh-x-bible-union1997.txt.clean.txt	84	119	57768	0.002059963993906661	6.434146700893082	7.527078363411632	0.06681410274052613
swh-x-bible-union1997.txt.clean.txt	85	120	57601	0.0020832971649797746	6.446289635329658	7.53544559151309	0.06668716608479597
swh-x-bible-union1997.txt.clean.txt	86	121	57436	0.002106692666620238	6.460404381034488	7.542876140752684	0.06626216482647196
swh-x-bible-union1997.txt.clean.txt	87	122	57274	0.002130111394349967	6.469412203979189	7.5546643915261456	0.06656220126586376
swh-x-bible-union1997.txt.clean.txt	88	123	57114	0.002153587561718668	6.480366224630868	7.564046689463928	0.06656785237581431
swh-x-bible-union1997.txt.clean.txt	89	124	56956	0.002177119179717677	6.488421751815335	7.574722392091362	0.0669774820529373
swh-x-bible-union1997.txt.clean.txt	90	125	56798	0.002200781717666115	6.501139517027916	7.581994994294679	0.0667038697504988
swh-x-bible-union1997.txt.clean.txt	91	126	56651	0.0022241443222537995	6.5110766197928776	7.5916015305725635	0.06681734269207651
swh-x-bible-union1997.txt.clean.txt	92	127	56504	0.0022476284864788336	6.5221557152667025	7.600100320460573	0.06675490344964141
swh-x-bible-union1997.txt.clean.txt	93	128	56357	0.002271235161559345	6.53266944243659	7.608702432779527	0.06676150822334426
swh-x-bible-union1997.txt.clean.txt	94	129	56211	0.002294924480973475	6.542965943515456	7.617816356441464	0.0667873533190061
swh-x-bible-union1997.txt.clean.txt	95	130	56066	0.002318695822780295	6.554593861971384	7.626488305500865	0.06661199804846729
swh-x-bible-union1997.txt.clean.txt	96	131	55921	0.00234259044008512	6.566530664648463	7.634439948654313	0.06638195040834716
swh-x-bible-union1997.txt.clean.txt	97	132	55776	0.0023666092943201377	6.576807916073002	7.645434792412531	0.0663770645654953
swh-x-bible-union1997.txt.clean.txt	98	133	55631	0.0023907533569412736	6.587930142486302	7.653172752706922	0.06624147187407226
swh-x-bible-union1997.txt.clean.txt	99	134	55488	0.0024149365628604383	6.60086087071147	7.66022845810151	0.06583957649084848
swh-x-bible-union1997.txt.clean.txt	100	135	55346	0.002439200664908033	6.618072993204393	7.665290702489029	0.06482330895235033
swh-x-bible-union1997.txt.clean.txt	101	136	55209	0.0024633664801028817	6.630769952650438	7.672334158155126	0.06443672423111202
swh-x-bible-union1997.txt.clean.txt	102	137	55073	0.0024876073575073087	6.641802883246536	7.680703699341969	0.06427544907964144
swh-x-bible-union1997.txt.clean.txt	103	138	54937	0.0025119682545461167	6.6399040318632165	7.717281696240334	0.06592372689498316
swh-x-bible-union1997.txt.clean.txt	104	139	54801	0.00253645006477984	6.647233830727133	7.731369348927155	0.06626087183159002
swh-x-bible-union1997.txt.clean.txt	105	140	54667	0.002560959994146377	6.65842178093691	7.738795015053456	0.0660460855444941
swh-x-bible-union1997.txt.clean.txt	106	141	54534	0.002585542964022445	6.672788000236546	7.744197724150922	0.06537712653406746
swh-x-bible-union1997.txt.clean.txt	107	142	54401	0.0026102461351813384	6.677546209970991	7.755883220816036	0.06604442110204367
swh-x-bible-union1997.txt.clean.txt	108	143	54270	0.002634973281739451	6.683865201628873	7.766051715668125	0.06648249846395948
swh-x-bible-union1997.txt.clean.txt	109	144	54139	0.002659820092724284	6.692567000072316	7.7741150270093335	0.06657782351614139
swh-x-bible-union1997.txt.clean.txt	110	145	54008	0.002684787438897941	6.700772916957517	7.782050683233815	0.06673290247139063
swh-x-bible-union1997.txt.clean.txt	111	146	53879	0.002709775608307504	6.7079579874066235	7.790785962267414	0.06702062999273739
swh-x-bible-union1997.txt.clean.txt	112	147	53753	0.0027347310847766638	6.713151734613062	7.8013889162089605	0.06757538217308423
swh-x-bible-union1997.txt.clean.txt	113	148	53628	0.0027597523681658835	6.712116359166348	7.835986193421005	0.06898401047070435
swh-x-bible-union1997.txt.clean.txt	114	149	53504	0.0027848385167464113	6.722066587088336	7.842381846364045	0.06885861328279419
swh-x-bible-union1997.txt.clean.txt	115	150	53381	0.0028099885727131376	6.73140248072483	7.849354406727762	0.06881016540434615
swh-x-bible-union1997.txt.clean.txt	116	151	53259	0.0028352015621772846	6.742204197080448	7.855939443661228	0.06855109103651713
swh-x-bible-union1997.txt.clean.txt	117	152	53138	0.0028604764951635363	6.751236061118339	7.864250865528081	0.06852875548271886
swh-x-bible-union1997.txt.clean.txt	118	153	53018	0.002885812365611679	6.747547387179291	7.897356262970687	0.07025123454394289
swh-x-bible-union1997.txt.clean.txt	119	154	52899	0.002911208151382824	6.758368092513137	7.90348529519974	0.069964687325623
swh-x-bible-union1997.txt.clean.txt	120	155	52782	0.0029366071766890227	6.7668183607433505	7.912155084338795	0.06999688517718405
swh-x-bible-union1997.txt.clean.txt	121	156	52666	0.002962062810921657	6.770245532775083	7.923792271821325	0.07071080917857919
swh-x-bible-union1997.txt.clean.txt	122	156	52550	0.0029686013320647004	6.77053575175781	7.92264725733561	0.07067097349428764
swh-x-bible-union1997.txt.clean.txt	123	157	52435	0.0029941832745303707	6.777461782330611	7.931199248549271	0.07089593611012546
swh-x-bible-union1997.txt.clean.txt	124	158	52321	0.003019819957569618	6.776754970685953	7.9509414580527995	0.07215794061489134
swh-x-bible-union1997.txt.clean.txt	125	159	52208	0.0030455102666258043	6.7864435683499185	7.957497980513524	0.07198794102865103
swh-x-bible-union1997.txt.clean.txt	126	160	52095	0.003071312026106152	6.795841788731986	7.963223711019768	0.07185078839038639
swh-x-bible-union1997.txt.clean.txt	127	161	51982	0.0030972259628332883	6.806519195928236	7.968643722422461	0.07153234594050484
swh-x-bible-union1997.txt.clean.txt	128	162	51869	0.003123252809963562	6.813789332853876	7.976728695326183	0.07167185566789536
swh-x-bible-union1997.txt.clean.txt	129	163	51756	0.003149393307056187	6.821740411037063	7.983899521986306	0.07171142164111721
swh-x-bible-union1997.txt.clean.txt	130	164	51643	0.0031756482001432914	6.827757280559666	7.991772804015405	0.07200692889780236
swh-x-bible-union1997.txt.clean.txt	131	165	51530	0.0032020182418008927	6.841635470412285	7.995349860099168	0.07122777535020575
swh-x-bible-union1997.txt.clean.txt	132	166	51419	0.003228378614908886	6.852763299219447	7.99995255010972	0.07081672403100536
swh-x-bible-union1997.txt.clean.txt	133	167	51310	0.003254726174235042	6.86386253466376	8.004661317711145	0.07040392426605557
swh-x-bible-union1997.txt.clean.txt	134	168	51203	0.00328105775052243	6.874454854480959	8.00974528202416	0.07005415740158216
swh-x-bible-union1997.txt.clean.txt	135	169	51100	0.0033072407045009783	6.8817119968277325	8.020972890982097	0.07014942533846413
swh-x-bible-union1997.txt.clean.txt	136	170	50998	0.003333464057414016	6.887149627054644	8.029016777510478	0.07048370285551253
swh-x-bible-union1997.txt.clean.txt	137	171	50897	0.003359726506473859	6.899893542073909	8.033263939564275	0.06982600041893072
swh-x-bible-union1997.txt.clean.txt	138	172	50798	0.0033859600771683923	6.908655577543163	8.038979932358867	0.06969980121314678
swh-x-bible-union1997.txt.clean.txt	139	173	50700	0.0034122287968441816	6.917721314796702	8.04489558426144	0.06952693490691653
swh-x-bible-union1997.txt.clean.txt	140	174	50603	0.003438531312372784	6.9307837723027745	8.049033433261814	0.06881144856623034
swh-x-bible-union1997.txt.clean.txt	141	175	50506	0.0034649348592246465	6.9325968447143325	8.069584876774583	0.0696013385387042
swh-x-bible-union1997.txt.clean.txt	142	176	50410	0.003491370759769887	6.9376939549914205	8.07810060127837	0.06994335363867699
swh-x-bible-union1997.txt.clean.txt	143	177	50317	0.0035176977959735277	6.943909872757824	8.088144869849348	0.07012899567510678
swh-x-bible-union1997.txt.clean.txt	144	178	50225	0.003544051767048283	6.9537248139973515	8.093703777042988	0.0698270774084524
swh-x-bible-union1997.txt.clean.txt	145	179	50133	0.0035705024634472304	6.964370421222345	8.098574543459748	0.06940915857656205
swh-x-bible-union1997.txt.clean.txt	146	180	50041	0.0035970504186567014	6.972884165131741	8.104636481507967	0.06927110349403165
swh-x-bible-union1997.txt.clean.txt	147	181	49950	0.0036236236236236235	6.981951769964741	8.110066001396412	0.06905396789691642
swh-x-bible-union1997.txt.clean.txt	148	182	49860	0.003650220617729643	6.983245334953424	8.127691714941392	0.06986729530889113
swh-x-bible-union1997.txt.clean.txt	149	183	49770	0.003676913803496082	6.989483918806182	8.135112970478017	0.07001555820489025
swh-x-bible-union1997.txt.clean.txt	150	184	49681	0.0037036291540025364	6.998644610675881	8.140500408235852	0.06976979101747616
swh-x-bible-union1997.txt.clean.txt	151	185	49592	0.003730440393611873	7.006328131689087	8.146692064980186	0.06971540766854611
swh-x-bible-union1997.txt.clean.txt	152	186	49504	0.003757272139625081	7.018888047012679	8.150520094276922	0.06900912649947055
swh-x-bible-union1997.txt.clean.txt	153	187	49417	0.003784122872695631	7.022934513604539	8.159591863931606	0.06942722586992411
swh-x-bible-union1997.txt.clean.txt	154	188	49330	0.003811068315426718	7.031014355206018	8.164832435231691	0.06930549190050894
swh-x-bible-union1997.txt.clean.txt	155	189	49244	0.003838031029160913	7.038922603265975	8.170461122598704	0.06920167214938244
swh-x-bible-union1997.txt.clean.txt	156	190	49159	0.0038650094591020975	7.046863473400938	8.17638883480346	0.06908878609975533
swh-x-bible-union1997.txt.clean.txt	157	191	49074	0.0038920813465378816	7.054914397632613	8.182000134447913	0.06895669260130599
swh-x-bible-union1997.txt.clean.txt	158	192	48989	0.003919247177937905	7.063125357763836	8.187410925305098	0.0687989087497407
swh-x-bible-union1997.txt.clean.txt	159	193	48906	0.00394634605160921	7.067779468925119	8.194809422267307	0.06910510863183639
swh-x-bible-union1997.txt.clean.txt	160	194	48823	0.003973537062450075	7.073343974010691	8.201390202260113	0.06928617197469056
swh-x-bible-union1997.txt.clean.txt	161	195	48740	0.004000820681165368	7.078345870415971	8.208306032206618	0.06953614757302495
swh-x-bible-union1997.txt.clean.txt	162	196	48657	0.004028197381671702	7.087502150974105	8.212804285458233	0.06923542773577107
swh-x-bible-union1997.txt.clean.txt	163	197	48574	0.004055667641124881	7.092899450876223	8.219443673715386	0.06942387445194442
swh-x-bible-union1997.txt.clean.txt	164	198	48491	0.004083231939947619	7.100282401913447	8.225161487940202	0.0693471605159599
swh-x-bible-union1997.txt.clean.txt	165	199	48408	0.004110890761857544	7.108911794238139	8.22966348132848	0.0691028893689345
swh-x-bible-union1997.txt.clean.txt	166	200	48326	0.004138558953772297	7.115624294625109	8.235053649045028	0.06910542035788658
swh-x-bible-union1997.txt.clean.txt	167	201	48245	0.004166234842988911	7.12292120710579	8.241372751094183	0.06902717500680744
swh-x-bible-union1997.txt.clean.txt	168	202	48164	0.004194003820280708	7.128788764321682	8.248243979968365	0.06913137873281583
swh-x-bible-union1997.txt.clean.txt	169	203	48084	0.004221778554196822	7.133560043460618	8.25572638540339	0.06937411216804623
swh-x-bible-union1997.txt.clean.txt	170	204	48005	0.004249557337777315	7.145408464921621	8.259152300022727	0.06868973675988255
swh-x-bible-union1997.txt.clean.txt	171	205	47926	0.004277427701039102	7.1493819828210174	8.269505320208813	0.06902786514396553
swh-x-bible-union1997.txt.clean.txt	172	206	47848	0.004305300117037285	7.150073160075365	8.283168117713426	0.06978824306468001
swh-x-bible-union1997.txt.clean.txt	173	207	47770	0.004333263554532133	7.15719526654961	8.288311380369779	0.06970723339265017
swh-x-bible-union1997.txt.clean.txt	174	208	47693	0.004361227014446564	7.164593032907379	8.293674752117099	0.069586504777297
swh-x-bible-union1997.txt.clean.txt	175	209	47616	0.004389280913978494	7.175448140932149	8.297109358599862	0.0690133912321178
swh-x-bible-union1997.txt.clean.txt	176	210	47539	0.004417425692589243	7.184375976041927	8.30117121569386	0.06868715033903972
swh-x-bible-union1997.txt.clean.txt	177	211	47462	0.004445661792591969	7.194370145813062	8.304745328713935	0.06821943741695646
swh-x-bible-union1997.txt.clean.txt	178	212	47386	0.004473895243320812	7.2028373397294585	8.308892042631724	0.06794623701434299
swh-x-bible-union1997.txt.clean.txt	179	213	47310	0.004502219403931516	7.212874540432167	8.312498772728048	0.0674666671944738
swh-x-bible-union1997.txt.clean.txt	180	214	47235	0.004530538795384779	7.217567399896611	8.32069716530157	0.06767445852637888
swh-x-bible-union1997.txt.clean.txt	181	215	47160	0.0045589482612383376	7.218342554712239	8.335182677475736	0.06838372574906881
swh-x-bible-union1997.txt.clean.txt	182	216	47086	0.004587350804910164	7.225440923623518	8.34074584876721	0.06827263172963427
swh-x-bible-union1997.txt.clean.txt	183	217	47012	0.004615842763549732	7.234095158989652	8.344664781631549	0.06795755869651166
swh-x-bible-union1997.txt.clean.txt	184	218	46938	0.004644424560057949	7.239471742110732	8.350479288944953	0.06806128183388294
swh-x-bible-union1997.txt.clean.txt	185	219	46865	0.004672996906006615	7.247475442305839	8.354662523785494	0.06782328741005861
swh-x-bible-union1997.txt.clean.txt	186	220	46792	0.004701658403145837	7.251006584420908	8.364526140493206	0.06815687085920896
swh-x-bible-union1997.txt.clean.txt	187	221	46719	0.004730409469380766	7.25589961570792	8.375083431432866	0.06831145351734913
swh-x-bible-union1997.txt.clean.txt	188	222	46648	0.00475904647573315	7.263989735658851	8.379028678071643	0.06805206955677079
swh-x-bible-union1997.txt.clean.txt	189	223	46577	0.004787770788157245	7.269293508872055	8.384994813769367	0.06814680330069112
swh-x-bible-union1997.txt.clean.txt	190	224	46507	0.004816479239684349	7.2780794834070655	8.388771252248539	0.06779190185849138
swh-x-bible-union1997.txt.clean.txt	191	225	46438	0.004845169903957966	7.284881625443923	8.393584560877649	0.06768804408902773
swh-x-bible-union1997.txt.clean.txt	192	226	46370	0.004873840845374165	7.290218677164709	8.398856479398276	0.06776830655635102
swh-x-bible-union1997.txt.clean.txt	193	227	46302	0.004902596000172779	7.294191208102316	8.406587672481187	0.0680194187837797
swh-x-bible-union1997.txt.clean.txt	194	228	46234	0.004931435739931652	7.29775894570058	8.413421745687174	0.06831847089598442
swh-x-bible-union1997.txt.clean.txt	195	229	46166	0.004960360438417883	7.297158261209899	8.43161982565054	0.06914548231417172
swh-x-bible-union1997.txt.clean.txt	196	230	46098	0.0049893704716039745	7.302712789251033	8.436466174258113	0.06918334714196805
swh-x-bible-union1997.txt.clean.txt	197	231	46031	0.005018357194064869	7.300318625055644	8.469981226495353	0.07023026505963859
swh-x-bible-union1997.txt.clean.txt	198	232	45964	0.005047428422243495	7.30385453781957	8.482718004851614	0.07051766320783859
swh-x-bible-union1997.txt.clean.txt	199	233	45898	0.005076473920432263	7.307576484875805	8.488785789475877	0.07077778291868542
swh-x-bible-union1997.txt.clean.txt	200	233	45832	0.005083784255541979	7.307888632775733	8.487926283163528	0.07073809058508773
swh-x-bible-union1997.txt.clean.txt	201	234	45767	0.005112854239954553	7.313441892372714	8.492563015023796	0.07076201002793814
swh-x-bible-union1997.txt.clean.txt	202	235	45703	0.005141894405181279	7.315920495045342	8.500034605239794	0.0711731410371862
swh-x-bible-union1997.txt.clean.txt	203	236	45639	0.005171016017003002	7.31131073032225	8.549058377631468	0.07247979078360589
swh-x-bible-union1997.txt.clean.txt	204	237	45578	0.005199877133704857	7.317008841764612	8.553510261187977	0.07247471353735535
swh-x-bible-union1997.txt.clean.txt	205	238	45517	0.0052288156073554935	7.319956211904901	8.564413518907877	0.07281505015540402
swh-x-bible-union1997.txt.clean.txt	206	239	45456	0.005257831749384019	7.321193354648038	8.574937544639607	0.07336833633838458
swh-x-bible-union1997.txt.clean.txt	207	240	45395	0.005286925872893491	7.322108244100914	8.584466411587513	0.07395857378277026
swh-x-bible-union1997.txt.clean.txt	208	240	45334	0.0052940397935324485	7.320569014327424	8.585412186008027	0.07415324319862704
swh-x-bible-union1997.txt.clean.txt	209	241	45274	0.005323143526085612	7.3223592304340155	8.5933165499595	0.07462888468465556
swh-x-bible-union1997.txt.clean.txt	210	242	45214	0.005352324501260671	7.3254058372804405	8.5995540595073	0.07494224640737734
swh-x-bible-union1997.txt.clean.txt	211	243	45155	0.005381463846750083	7.330912712135376	8.60430224775953	0.07494180981571252
swh-x-bible-union1997.txt.clean.txt	212	244	45096	0.00541067943941813	7.335893972859189	8.61036332891596	0.07500479960246575
swh-x-bible-union1997.txt.clean.txt	213	245	45038	0.005439850792663973	7.3430490661896775	8.614177411756767	0.07479097287478031
swh-x-bible-union1997.txt.clean.txt	214	246	44980	0.005469097376611828	7.349298987910211	8.618038159471308	0.07468862877496152
swh-x-bible-union1997.txt.clean.txt	215	247	44923	0.005498297086125148	7.354481084949315	8.622521060795036	0.07471800551381402
swh-x-bible-union1997.txt.clean.txt	216	248	44867	0.005527447790135288	7.363146399621289	8.62563830771523	0.07430667885249087
swh-x-bible-union1997.txt.clean.txt	217	249	44811	0.005556671353016	7.368485022278379	8.630593892816256	0.07431115153461032
swh-x-bible-union1997.txt.clean.txt	218	250	44755	0.005585968048262764	7.3737483497828356	8.635404396209072	0.07432236597458475
swh-x-bible-union1997.txt.clean.txt	219	251	44700	0.005615212527964206	7.381255105564877	8.638910264436042	0.07404945408513042
swh-x-bible-union1997.txt.clean.txt	220	252	44645	0.005644529062604995	7.388546071848616	8.642329224218962	0.07380132793346961
swh-x-bible-union1997.txt.clean.txt	221	253	44590	0.005673917918815878	7.390471793995002	8.649624096358819	0.0742230060885396
swh-x-bible-union1997.txt.clean.txt	222	254	44536	0.005703251302317226	7.394859363351717	8.655354411163257	0.07433330350410716
swh-x-bible-union1997.txt.clean.txt	223	255	44482	0.005732655905759633	7.398431828558057	8.66196931146648	0.07454281487646486
swh-x-bible-union1997.txt.clean.txt	224	256	44428	0.005762131988835869	7.4029651344184835	8.666530990692149	0.07462935819768957
swh-x-bible-union1997.txt.clean.txt	225	257	44375	0.005791549295774648	7.4114037289681605	8.669600146453513	0.07422541696457063
swh-x-bible-union1997.txt.clean.txt	226	258	44322	0.005821036956816028	7.41873801841058	8.67304344557286	0.07395736235188988
swh-x-bible-union1997.txt.clean.txt	227	259	44269	0.005850595224649303	7.42453356613226	8.677044626517976	0.07387911751164133
swh-x-bible-union1997.txt.clean.txt	228	260	44216	0.005880224353175321	7.431407229638957	8.680449235552897	0.0736641097943388
swh-x-bible-union1997.txt.clean.txt	229	261	44163	0.005909924597513756	7.435348740084669	8.685310826535307	0.07381218174931292
swh-x-bible-union1997.txt.clean.txt	230	262	44110	0.005939696214010429	7.442512704237066	8.688587545048808	0.07355647738047588
swh-x-bible-union1997.txt.clean.txt	231	263	44058	0.00596940396749739	7.442800356886264	8.710041307197411	0.07415407882577962
swh-x-bible-union1997.txt.clean.txt	232	264	44007	0.005999045606380803	7.447270440525756	8.714597419698652	0.07422854598778894
swh-x-bible-union1997.txt.clean.txt	233	265	43956	0.0060287560287560285	7.4504791754086765	8.719951978423119	0.0744572236806611
swh-x-bible-union1997.txt.clean.txt	234	266	43905	0.0060585354743195536	7.449501120349222	8.735383914019543	0.07520298884644583
swh-x-bible-union1997.txt.clean.txt	235	267	43854	0.006088384183882884	7.454830506168371	8.739452611097327	0.07516291777456274
swh-x-bible-union1997.txt.clean.txt	236	268	43803	0.006118302399379038	7.462235536068573	8.742486345186524	0.0748632503473382
swh-x-bible-union1997.txt.clean.txt	237	269	43752	0.0061482903638690805	7.464503703807701	8.751111824708268	0.07519810308037778
swh-x-bible-union1997.txt.clean.txt	238	270	43701	0.006178348321548706	7.469922466283074	8.75533038465198	0.07514014941598501
swh-x-bible-union1997.txt.clean.txt	239	271	43650	0.006208476517754869	7.4768381334053515	8.75837860242064	0.07489479652643494
swh-x-bible-union1997.txt.clean.txt	240	272	43599	0.006238675198972454	7.483441167607218	8.761469447248569	0.074686176060345
swh-x-bible-union1997.txt.clean.txt	241	273	43548	0.006268944612841003	7.489559315314012	8.764732427974959	0.07453551553596705
swh-x-bible-union1997.txt.clean.txt	242	274	43498	0.006299140190353579	7.492848333317735	8.774271842801662	0.07473219955699972
swh-x-bible-union1997.txt.clean.txt	243	275	43448	0.006329405266065182	7.495026057779266	8.781947557014782	0.07506357481235204
swh-x-bible-union1997.txt.clean.txt	244	276	43399	0.0063595935390216365	7.500262080344021	8.787159090142055	0.07501517442247851
swh-x-bible-union1997.txt.clean.txt	245	277	43350	0.006389850057670127	7.506141762204145	8.79050773055402	0.0748853477729996
swh-x-bible-union1997.txt.clean.txt	246	278	43301	0.00642017505369391	7.512692288128774	8.79395670966529	0.0746709181855616
swh-x-bible-union1997.txt.clean.txt	247	279	43252	0.0064505687598261354	7.520570853026892	8.796608119630502	0.0742911677012369
swh-x-bible-union1997.txt.clean.txt	248	280	43203	0.006481031409855797	7.525893030593899	8.800177076005332	0.07422425632043328
swh-x-bible-union1997.txt.clean.txt	249	280	43154	0.0064883904157204434	7.525327573642429	8.800067305481853	0.07429381435529203
swh-x-bible-union1997.txt.clean.txt	250	281	43105	0.006518965317248579	7.529521473570915	8.804209176766893	0.07436355347473145
swh-x-bible-union1997.txt.clean.txt	251	282	43057	0.006549457695612792	7.533111566616707	8.809019751440424	0.07450530864988814
swh-x-bible-union1997.txt.clean.txt	252	283	43010	0.006579865147640084	7.5374853040778635	8.813615673774203	0.07454860850526068
swh-x-bible-union1997.txt.clean.txt	253	284	42963	0.006610339129017992	7.541975563375969	8.817902462310819	0.0745755110209666
swh-x-bible-union1997.txt.clean.txt	254	285	42916	0.006640879858327896	7.5457522304220355	8.822277753377419	0.07468785575413228
swh-x-bible-union1997.txt.clean.txt	255	286	42870	0.0066713319337532075	7.549151306343514	8.827273665508692	0.07484432109636596
swh-x-bible-union1997.txt.clean.txt	256	287	42824	0.006701849430226042	7.555539187856233	8.830438067633441	0.07463253951230964
swh-x-bible-union1997.txt.clean.txt	257	288	42778	0.0067324325587919025	7.557742915160613	8.837146166823667	0.07493117576643904
swh-x-bible-union1997.txt.clean.txt	258	289	42732	0.006763081531405036	7.563400239712153	8.840809399361055	0.07480501554865049
swh-x-bible-union1997.txt.clean.txt	259	290	42687	0.006793637407173144	7.568495205456139	8.844414543421337	0.0747458043641509
swh-x-bible-union1997.txt.clean.txt	260	291	42642	0.006824257774025609	7.56946125940957	8.85788883090774	0.0751891822069023
swh-x-bible-union1997.txt.clean.txt	261	292	42598	0.00685478191464388	7.575452832596311	8.861006215679874	0.07501646975057097
swh-x-bible-union1997.txt.clean.txt	262	293	42554	0.006885369177985618	7.580286977055533	8.864569794112889	0.0749832958173885
swh-x-bible-union1997.txt.clean.txt	263	294	42510	0.006916019760056458	7.580329603829621	8.876331152408033	0.07553262069023592
swh-x-bible-union1997.txt.clean.txt	264	295	42466	0.006946733857674375	7.584750965486549	8.880195507976758	0.07554571322074566
swh-x-bible-union1997.txt.clean.txt	265	296	42422	0.006977511668473905	7.59031751042409	8.883517072986066	0.07541742764469983
swh-x-bible-union1997.txt.clean.txt	266	297	42379	0.007008188017650251	7.59383823135358	8.887821469223006	0.0755364967348261
swh-x-bible-union1997.txt.clean.txt	267	298	42336	0.007038926681783825	7.600259406923394	8.890790781179938	0.07530069641447956
swh-x-bible-union1997.txt.clean.txt	268	299	42293	0.007069727850944601	7.603456295407016	8.898988402346315	0.07545540521203709
swh-x-bible-union1997.txt.clean.txt	269	300	42250	0.007100591715976331	7.608204144929978	8.902829376523215	0.07541964027992265
swh-x-bible-union1997.txt.clean.txt	270	301	42207	0.007131518468500486	7.609664740323156	8.917101446675606	0.07578136481063447
swh-x-bible-union1997.txt.clean.txt	271	302	42164	0.007162508300920216	7.615314428200584	8.920275675076493	0.07563239860627924
swh-x-bible-union1997.txt.clean.txt	272	303	42121	0.007193561406424349	7.619667046451842	8.924367632660545	0.07563918197907771
swh-x-bible-union1997.txt.clean.txt	273	304	42078	0.007224677978991397	7.62505138898643	8.927356569925454	0.07551910748996127
swh-x-bible-union1997.txt.clean.txt	274	305	42036	0.007255685602816633	7.630209988808511	8.930615323779248	0.07542477624188959
swh-x-bible-union1997.txt.clean.txt	275	306	41994	0.007286755250750107	7.6321824201323905	8.93674225549548	0.07571467326843973
swh-x-bible-union1997.txt.clean.txt	276	307	41952	0.00731788710907704	7.632554036214405	8.945303598187548	0.07619626994581752
swh-x-bible-union1997.txt.clean.txt	277	308	41910	0.007349081364829396	7.632843748622372	8.953534403428211	0.0766855160650175
swh-x-bible-union1997.txt.clean.txt	278	309	41868	0.007380338205789624	7.637223270279409	8.956905823743927	0.07667806233133267
swh-x-bible-union1997.txt.clean.txt	279	310	41826	0.00741165782049443	7.642532218139014	8.960007667268236	0.07655662917916595
swh-x-bible-union1997.txt.clean.txt	280	311	41784	0.00744304039823856	7.646428717294837	8.964563212338389	0.07660422808996092
swh-x-bible-union1997.txt.clean.txt	281	312	41742	0.007474486129078626	7.652561673700919	8.96720534357995	0.07638018389989898
swh-x-bible-union1997.txt.clean.txt	282	313	41701	0.007505815208268387	7.653593978763341	8.978164404800527	0.07677001463087862
swh-x-bible-union1997.txt.clean.txt	283	314	41660	0.007537205952952472	7.653535109499624	8.99355029951481	0.07728932506982544
swh-x-bible-union1997.txt.clean.txt	284	315	41619	0.00756865854537591	7.660253670040608	8.995983724148012	0.07698979793385574
swh-x-bible-union1997.txt.clean.txt	285	316	41578	0.007600173168502574	7.667088485266724	8.9983317112883	0.0766749848314755
swh-x-bible-union1997.txt.clean.txt	286	317	41537	0.00763175000601873	7.671730776178693	9.00175887927615	0.07662280651419595
swh-x-bible-union1997.txt.clean.txt	287	318	41497	0.007663204569004988	7.6765689384492735	9.004960760659312	0.07654552821901428
swh-x-bible-union1997.txt.clean.txt	288	319	41457	0.007694719830185493	7.6784209230235865	9.011228474984645	0.07682577748803587
swh-x-bible-union1997.txt.clean.txt	289	320	41417	0.007726295965424825	7.681210689127717	9.015611496184055	0.0769914614082372
swh-x-bible-union1997.txt.clean.txt	290	321	41377	0.007757933151267613	7.685432153426447	9.0188672466033	0.07698345787798055
swh-x-bible-union1997.txt.clean.txt	291	322	41337	0.00778963156494182	7.687618617997299	9.027250639592605	0.07721818252769608
swh-x-bible-union1997.txt.clean.txt	292	323	41298	0.007821201995254008	7.690690404796024	9.031164539716581	0.07734490197388888
swh-x-bible-union1997.txt.clean.txt	293	324	41259	0.007852832109357959	7.6968403599548205	9.03368361197062	0.07710086424904483
swh-x-bible-union1997.txt.clean.txt	294	325	41220	0.007884522076661815	7.701277992843496	9.036740147303766	0.07706077566860037
swh-x-bible-union1997.txt.clean.txt	295	326	41181	0.007916272067215463	7.70066099608361	9.04701271046923	0.07762465685495235
swh-x-bible-union1997.txt.clean.txt	296	327	41142	0.007948082251713577	7.703063658380283	9.052149766007721	0.07782494198873813
swh-x-bible-union1997.txt.clean.txt	297	328	41103	0.007979952801498673	7.70592379996441	9.056312581774886	0.077968788503333
swh-x-bible-union1997.txt.clean.txt	298	329	41064	0.008011883888564192	7.710814503877166	9.05964049588587	0.0778681712621967
swh-x-bible-union1997.txt.clean.txt	299	330	41025	0.008043875685557587	7.7149541061168545	9.063115031336954	0.07785596722773114
swh-x-bible-union1997.txt.clean.txt	300	331	40986	0.008075928365783438	7.719340628288021	9.06606602072037	0.0778128183343112
swh-x-bible-union1997.txt.clean.txt	301	332	40947	0.008108042103206585	7.72643272614792	9.068165199246865	0.07744521211104216
swh-x-bible-union1997.txt.clean.txt	302	333	40908	0.008140217072455266	7.731160385712814	9.070892519209412	0.07735871958065199
swh-x-bible-union1997.txt.clean.txt	303	334	40869	0.008172453448824292	7.734957097527053	9.074623335855945	0.07738192716665493
swh-x-bible-union1997.txt.clean.txt	304	335	40830	0.008204751408278227	7.738317368483649	9.078005059237531	0.07745571983937005
swh-x-bible-union1997.txt.clean.txt	305	336	40792	0.008236909197881937	7.744560789445326	9.08029987919795	0.0771844772667043
swh-x-bible-union1997.txt.clean.txt	306	337	40754	0.00826912695686313	7.747880092032462	9.083728931912413	0.07726035773450868
swh-x-bible-union1997.txt.clean.txt	307	338	40716	0.008301404853128991	7.753275682611665	9.086291737274621	0.07708761428876254
swh-x-bible-union1997.txt.clean.txt	308	339	40678	0.00833374305521412	7.757708993078811	9.08931423789122	0.07702814674768677
swh-x-bible-union1997.txt.clean.txt	309	340	40640	0.008366141732283465	7.760855127005454	9.093128813965656	0.07712042573086875
swh-x-bible-union1997.txt.clean.txt	310	341	40603	0.008398394207324581	7.765262700898404	9.095944159928429	0.07706131452391995
swh-x-bible-union1997.txt.clean.txt	311	342	40566	0.008430705516935364	7.76987009532356	9.099009520683197	0.07697716471231386
swh-x-bible-union1997.txt.clean.txt	312	343	40529	0.008463075822250733	7.7736849336134215	9.102137133244073	0.0769858521111837
swh-x-bible-union1997.txt.clean.txt	313	344	40492	0.008495505284994567	7.775516958940443	9.106988632119252	0.07722850096758693
swh-x-bible-union1997.txt.clean.txt	314	345	40455	0.008527994067482388	7.779116302908587	9.110186107632522	0.07725993886630267
swh-x-bible-union1997.txt.clean.txt	315	346	40418	0.008560542332624078	7.785029181253751	9.112453095757452	0.07701572954389524
swh-x-bible-union1997.txt.clean.txt	316	347	40382	0.008592937447377545	7.786437898935631	9.118123836295837	0.07730418821069973
swh-x-bible-union1997.txt.clean.txt	317	348	40346	0.008625390373271204	7.790626297021138	9.120961304074733	0.07726182215341437
swh-x-bible-union1997.txt.clean.txt	318	349	40310	0.00865790126519474	7.791035164337545	9.12792597906874	0.0776656325388767
swh-x-bible-union1997.txt.clean.txt	319	350	40274	0.008690470278591647	7.798095163202966	9.129889142706432	0.07728075183389416
swh-x-bible-union1997.txt.clean.txt	320	351	40238	0.008723097569461703	7.801640543258976	9.134398920712579	0.07731063032969632
swh-x-bible-union1997.txt.clean.txt	321	352	40202	0.008755783294363464	7.806203299968448	9.137274987955216	0.07721893717181849
swh-x-bible-union1997.txt.clean.txt	322	353	40166	0.00878852761041677	7.808800022003297	9.140998487548892	0.07735835833776072
swh-x-bible-union1997.txt.clean.txt	323	354	40131	0.008821110861927188	7.808852113751421	9.153020813484412	0.0777968969427395
swh-x-bible-union1997.txt.clean.txt	324	355	40096	0.008853750997605747	7.809223953087303	9.161072659216533	0.07819601726224601
swh-x-bible-union1997.txt.clean.txt	325	356	40061	0.008886448166546016	7.8125814515209795	9.164235667513767	0.07824125013448036
swh-x-bible-union1997.txt.clean.txt	326	357	40026	0.008919202518363064	7.817039331905065	9.167148118251365	0.07815543699113947
swh-x-bible-union1997.txt.clean.txt	327	358	39991	0.008952014203195718	7.821983557946006	9.169611565261352	0.07801114930994746
swh-x-bible-union1997.txt.clean.txt	328	359	39957	0.008984658507895989	7.827130976180149	9.172130877758033	0.07784183667576838
swh-x-bible-union1997.txt.clean.txt	329	360	39923	0.009017358414948776	7.830333309342018	9.175335958827395	0.07790052176874984
swh-x-bible-union1997.txt.clean.txt	330	361	39889	0.009050114066534633	7.832388098852528	9.17947881629119	0.07809301429166837
swh-x-bible-union1997.txt.clean.txt	331	362	39855	0.009082925605319283	7.837892086273932	9.181765688208438	0.07787832974892073
swh-x-bible-union1997.txt.clean.txt	332	363	39821	0.00911579317445569	7.841601000017856	9.184874744390873	0.07787374275780645
swh-x-bible-union1997.txt.clean.txt	333	364	39787	0.009148716917586145	7.843109909644487	9.194308915601313	0.07812656025024667
swh-x-bible-union1997.txt.clean.txt	334	365	39753	0.009181696978844365	7.8478240630909655	9.196795403511697	0.07800139614989321
swh-x-bible-union1997.txt.clean.txt	335	366	39719	0.009214733502857574	7.852237286648948	9.199247257040707	0.07791051401933702
swh-x-bible-union1997.txt.clean.txt	336	367	39685	0.009247826634748645	7.855910504202166	9.202226854983772	0.07790540921504074
swh-x-bible-union1997.txt.clean.txt	337	368	39651	0.009280976520138207	7.860311277032048	9.204745548797238	0.0778137922202401
swh-x-bible-union1997.txt.clean.txt	338	369	39618	0.0093139482053612	7.863106870879034	9.208101372471397	0.07790934349153922
swh-x-bible-union1997.txt.clean.txt	339	370	39585	0.009346974864216243	7.866299788754313	9.21303617333335	0.07795708993203887
swh-x-bible-union1997.txt.clean.txt	340	371	39552	0.009380056634304208	7.868445242242889	9.216930091371408	0.0781263761219052
swh-x-bible-union1997.txt.clean.txt	341	372	39519	0.00941319365368557	7.868589741457443	9.230389657315047	0.0785287034102573
swh-x-bible-union1997.txt.clean.txt	342	373	39486	0.009446386060882338	7.873954933313992	9.232578738838058	0.07831843554121931
swh-x-bible-union1997.txt.clean.txt	343	374	39453	0.009479633994879983	7.873531943516843	9.241046217065655	0.07878446604565259
swh-x-bible-union1997.txt.clean.txt	344	374	39420	0.009487569761542365	7.872663725964145	9.241403057587663	0.07888604885526529
swh-x-bible-union1997.txt.clean.txt	345	375	39387	0.009520907913778657	7.874479599251298	9.245642560068793	0.07908866945843429
swh-x-bible-union1997.txt.clean.txt	346	376	39354	0.009554301976927377	7.879313862673477	9.247857626395659	0.07893716468579692
swh-x-bible-union1997.txt.clean.txt	347	377	39322	0.009587508265093332	7.883630871527638	9.250384020312602	0.07884513560952389
swh-x-bible-union1997.txt.clean.txt	348	378	39290	0.009620768643420718	7.884523786354723	9.257829788022997	0.07915200297870595
swh-x-bible-union1997.txt.clean.txt	349	379	39258	0.00965408324417953	7.889240175217107	9.260274882641825	0.07901115962356098
swh-x-bible-union1997.txt.clean.txt	350	380	39226	0.00968745220007138	7.888788785489809	9.268717976830276	0.07947238016228153
