file	merge_min	min_redundancy	merge_max	max_redundancy	initial_redundancy	final_redundancy
aey-x-bible.txt.clean.txt.measures.txt	192.0	0.06804758646748232	0.0	0.22383187223568113	0.22383187223568113	0.07781802205990385
amp-x-bible.txt.clean.txt.measures.txt	275.0	0.07463850743333134	0.0	0.21141428667925255	0.21141428667925255	0.07934240656973368
ape-x-bible.txt.clean.txt.measures.txt	199.0	0.07627051066018264	0.0	0.2300049591339104	0.2300049591339104	0.0855060613084131
apu-x-bible.txt.clean.txt.measures.txt	152.0	0.07051878526459321	0.0	0.2173469406051014	0.2173469406051014	0.07753638814142871
arn-x-bible.txt.clean.txt.measures.txt	93.0	0.06579769300190874	1.0	0.1525308030980599	0.1494553387078874	0.08611766158932788
arz-x-bible.txt.clean.txt.measures.txt	205.0	0.05471064980121887	0.0	0.16968166797431172	0.16968166797431172	0.05963878834460801
bsn-x-bible.txt.clean.txt.measures.txt	188.0	0.06824739459220741	0.0	0.2142362735133757	0.2142362735133757	0.07613266493893533
cha-x-bible-2003.txt.clean.txt.measures.txt	147.0	0.07930648980665944	0.0	0.16986744941085175	0.16986744941085175	0.09374359992188697
deu-x-bible-neue.txt.clean.txt.measures.txt	220.0	0.0706390786713158	0.0	0.18532921252135304	0.18532921252135304	0.07698788137330603
dgz-x-bible.txt.clean.txt.measures.txt	144.0	0.06450815925601416	0.0	0.21804860585141395	0.21804860585141395	0.0758962426503591
ell-x-bible-modern2009.txt.clean.txt.measures.txt	118.0	0.0629704014762218	0.0	0.16302482321035916	0.16302482321035916	0.08905540407862123
eng-x-bible-kingjames.txt.clean.txt.measures.txt	135.0	0.06732979582343246	0.0	0.14925237105154265	0.14925237105154265	0.08855662280934484
eus-x-bible-batua.txt.clean.txt.measures.txt	69.0	0.05574751983010551	0.0	0.15149709843485926	0.15149709843485926	0.06930369106709633
fij-x-bible-1974.txt.clean.txt.measures.txt	26.0	0.055224391688290964	350.0	0.1572735561662505	0.1295064737414069	0.1572735561662505
fin-x-bible-1992.txt.clean.txt.measures.txt	161.0	0.06786902245279147	0.0	0.1741709033989457	0.1741709033989457	0.06931399284225159
fra-x-bible-perret.txt.clean.txt.measures.txt	133.0	0.0744408425170614	0.0	0.2083299048301861	0.2083299048301861	0.08768228692269309
gug-x-bible.txt.clean.txt.measures.txt	263.0	0.0786810814169302	0.0	0.22637901698847918	0.22637901698847918	0.08409678007053212
hae-x-bible.txt.clean.txt.measures.txt	244.0	0.07741527363574352	0.0	0.1814145541833465	0.1814145541833465	0.07891035182878914
hau-x-bible.txt.clean.txt.measures.txt	73.0	0.05833902158250259	0.0	0.1923612229980849	0.1923612229980849	0.0954436401536094
hin-x-bible-bsi.txt.clean.txt.measures.txt	87.0	0.07232894420805447	0.0	0.15853703145307874	0.15853703145307874	0.0885901122383157
ind-x-bible-suciinjil.txt.clean.txt.measures.txt	100.0	0.051575221593405995	0.0	0.16836198036576355	0.16836198036576355	0.07812547972914374
jac-x-bible.txt.clean.txt.measures.txt	94.0	0.0626734011049066	0.0	0.16286933797227798	0.16286933797227798	0.09015422662321759
kal-x-bible.txt.clean.txt.measures.txt	342.0	0.06793146266995542	0.0	0.26802054525366537	0.26802054525366537	0.06855402874642968
kat-x-bible.txt.clean.txt.measures.txt	168.0	0.08390343272532896	0.0	0.19075681280714296	0.19075681280714296	0.09645524778592218
kew-x-bible.txt.clean.txt.measures.txt	310.0	0.06268814520642119	0.0	0.2465657151403996	0.2465657151403996	0.06569693082087413
khk-x-bible.txt.clean.txt.measures.txt	81.0	0.05649912512806132	0.0	0.1408524301251184	0.1408524301251184	0.06745205329197723
kor-x-bible-revised.txt.clean.txt.measures.txt	350.0	0.11207074724657728	0.0	0.22090523742728252	0.22090523742728252	0.11207074724657728
laj-x-bible.txt.clean.txt.measures.txt	131.0	0.06859872268528	0.0	0.12980780327595853	0.12980780327595853	0.08748415421350697
mig-x-bible.txt.clean.txt.measures.txt	90.0	0.07462885432350075	0.0	0.15525624096474577	0.15525624096474577	0.08958241901174313
mya-x-bible-common.txt.clean.txt.measures.txt	346.0	0.07208958736513604	0.0	0.2873455565130554	0.2873455565130554	0.07241140424412573
mzh-x-bible.txt.clean.txt.measures.txt	132.0	0.0860571739996061	0.0	0.19015314606410616	0.19015314606410616	0.11016527655576558
naq-x-bible.txt.clean.txt.measures.txt	59.0	0.056337588022392304	0.0	0.11979633926464273	0.11979633926464273	0.10383847581836414
pes-x-bible-2007.txt.clean.txt.measures.txt	245.0	0.08799727506287425	0.0	0.19692509361173693	0.19692509361173693	0.09361174405816919
plt-x-bible-romancatholic.txt.clean.txt.measures.txt	107.0	0.06134040530406559	0.0	0.2152771836907047	0.2152771836907047	0.08203261720148125
qvi-x-bible.txt.clean.txt.measures.txt	350.0	0.067618367598973	0.0	0.27087802499021485	0.27087802499021485	0.067618367598973
rus-x-bible-kulakov.txt.clean.txt.measures.txt	174.0	0.07024586033723546	0.0	0.16240513113563904	0.16240513113563904	0.07865965443453293
sag-x-bible.txt.clean.txt.measures.txt	73.0	0.11549529881789233	0.0	0.21723141297010018	0.21723141297010018	0.19096537050800544
spa-x-bible-reinavaleracontemporanea.txt.clean.txt.measures.txt	81.0	0.07250509032198715	0.0	0.16841357270094737	0.16841357270094737	0.09488165972305307
swh-x-bible-union1997.txt.clean.txt.measures.txt	62.0	0.06133297400247606	0.0	0.1439736354229133	0.1439736354229133	0.07947238016228153
tgl-x-bible-1996.txt.clean.txt.measures.txt	65.0	0.08236593248636781	0.0	0.23800743338322117	0.23800743338322117	0.10556817462751589
tha-x-bible-standard2011.txt.clean.txt.measures.txt	239.0	0.07792260495962633	0.0	0.15351533184589394	0.15351533184589394	0.08516650202569931
tur-x-bible-2009.txt.clean.txt.measures.txt	290.0	0.05608466677294355	0.0	0.16272176800980953	0.16272176800980953	0.05964102432569429
vie-x-bible-2002.txt.clean.txt.measures.txt	272.0	0.08423317722861956	0.0	0.19254347440344566	0.19254347440344566	0.08681388199713003
xsu-x-bible.txt.clean.txt.measures.txt	89.0	0.11923100112625296	0.0	0.27127731053913284	0.27127731053913284	0.1612646569833598
yad-x-bible.txt.clean.txt.measures.txt	222.0	0.05795234341636535	0.0	0.21390446230467663	0.21390446230467663	0.0631635198891759
yaq-x-bible.txt.clean.txt.measures.txt	52.0	0.060942381406943635	0.0	0.13418874609900777	0.13418874609900777	0.07571188330982082
yor-x-bible-2010.txt.clean.txt.measures.txt	96.0	0.094908027274624	0.0	0.17815601867390496	0.17815601867390496	0.12422697784989056
