file	merge	types	tokens	TTR	H	Hcross	R
bsn-x-bible.txt.clean.txt	0	68	190071	0.0003577610471876299	4.78330748698972	9.115804671517854	0.2142362735133757
bsn-x-bible.txt.clean.txt	50	117	116987	0.001000111123458162	6.097125179952721	8.443182531876976	0.11254708755513787
bsn-x-bible.txt.clean.txt	100	167	95174	0.0017546809002458655	6.802662423245476	8.419246997621013	0.0786924619693683
bsn-x-bible.txt.clean.txt	150	216	84433	0.0025582414458801654	7.192094486748201	8.62406687132022	0.07257268596846289
bsn-x-bible.txt.clean.txt	200	265	77583	0.00341569673768738	7.481795213684808	8.86024245938333	0.07056695940006563
bsn-x-bible.txt.clean.txt	250	315	72564	0.004340995534976021	7.70250504762414	9.065005194932638	0.07189878473236444
bsn-x-bible.txt.clean.txt	300	365	68731	0.005310558554364115	7.87999779791325	9.248653234011863	0.074221477238828
bsn-x-bible.txt.clean.txt	350	412	65723	0.006268733928761621	8.025174093055293	9.401969177845277	0.07613266493893533
bsn-x-bible.txt.clean.txt	400	462	63234	0.007306196033779296	8.147680090129631	9.566123289629289	0.07954009405284646
bsn-x-bible.txt.clean.txt	450	506	61172	0.008271758320800366	8.230763533060358	9.719028444102548	0.08373934984803222
bsn-x-bible.txt.clean.txt	500	550	59412	0.009257389079647209	8.303650979318814	9.881451040515131	0.0878404424777488
bsn-x-bible.txt.clean.txt	550	599	57877	0.010349534357344023	8.371451746006548	10.042984913900682	0.0926644538437662
bsn-x-bible.txt.clean.txt	600	648	56540	0.011460912628227803	8.43228456976405	10.190711254094012	0.09717130712380517
bsn-x-bible.txt.clean.txt	650	693	55351	0.012520099004534697	8.485935088794305	10.302728451059881	0.10075294228264375
bsn-x-bible.txt.clean.txt	700	741	54275	0.013652694610778443	8.537745815052066	10.415013984743746	0.10443191887929859
bsn-x-bible.txt.clean.txt	750	791	53286	0.014844424426678677	8.588004407343053	10.527725166007798	0.10797463707775501
bsn-x-bible.txt.clean.txt	800	841	52395	0.01605114991888539	8.633811450919309	10.633355308249083	0.11137863038381624
bsn-x-bible.txt.clean.txt	850	884	51588	0.017135768008063892	8.657204101614465	10.744750790860143	0.11551999531217938
bsn-x-bible.txt.clean.txt	900	930	50852	0.018288366239282625	8.692924052863944	10.83014051432217	0.11846187588319745
bsn-x-bible.txt.clean.txt	950	977	50177	0.019471072403690934	8.724700573289876	10.914688479209149	0.12157552054935183
bsn-x-bible.txt.clean.txt	1000	1024	49543	0.02066891387279737	8.759746821958329	10.986295093254636	0.12402531780416715
bsn-x-bible.txt.clean.txt	1050	1070	48962	0.021853682447612433	8.788499921100874	11.061513097237729	0.1266863866408393
bsn-x-bible.txt.clean.txt	1100	1119	48421	0.02310980772805188	8.816597930120807	11.13251239796692	0.1294823386837327
bsn-x-bible.txt.clean.txt	1150	1166	47921	0.024331712610337848	8.84602444645466	11.19892380123232	0.13166597336656494
bsn-x-bible.txt.clean.txt	1200	1215	47451	0.025605361320098628	8.871693826979858	11.27196398419272	0.1341935768058281
bsn-x-bible.txt.clean.txt	1250	1262	47001	0.026850492542711858	8.893610133830691	11.33395491058392	0.13666811446647753
bsn-x-bible.txt.clean.txt	1300	1306	46601	0.02802514967489968	8.907115347239007	11.40312454319319	0.13948722999758922
bsn-x-bible.txt.clean.txt	1350	1350	46201	0.029220146750070345	8.916978384386091	11.47383956489941	0.14249464660821154
bsn-x-bible.txt.clean.txt	1400	1391	45843	0.030342691359640513	8.93019500265899	11.531692222254973	0.14477353079832178
bsn-x-bible.txt.clean.txt	1450	1435	45493	0.03154331435605478	8.94404390729781	11.591563182756481	0.14711694339550008
bsn-x-bible.txt.clean.txt	1500	1480	45143	0.03278470637751146	8.957404286218088	11.646983734265058	0.14945590758432736
bsn-x-bible.txt.clean.txt	1550	1521	44841	0.03391985013715127	8.970994469369034	11.693584834261609	0.15134231058576308
bsn-x-bible.txt.clean.txt	1600	1564	44541	0.03511371545317797	8.98173084471176	11.745299057528442	0.15354727594351125
bsn-x-bible.txt.clean.txt	1650	1607	44241	0.03632377206663502	8.989546386510522	11.796984557870532	0.1559233597793641
bsn-x-bible.txt.clean.txt	1700	1653	43959	0.03760322118337542	9.00096955814213	11.849829468053967	0.15806957634053886
bsn-x-bible.txt.clean.txt	1750	1702	43709	0.03893934887551763	9.015094397333742	11.90215539474071	0.16005948681366144
bsn-x-bible.txt.clean.txt	1800	1750	43459	0.04026783865252307	9.02521044916091	11.954718116485317	0.16224878598695902
bsn-x-bible.txt.clean.txt	1850	1792	43209	0.04147284130620935	9.032347830795155	12.00114262965484	0.16424065870546112
bsn-x-bible.txt.clean.txt	1900	1837	42971	0.04274976146703591	9.041655857921105	12.044434190852076	0.1661401339942814
bsn-x-bible.txt.clean.txt	1950	1879	42771	0.04393163592153562	9.050704628170987	12.08690920360936	0.1678086414349711
bsn-x-bible.txt.clean.txt	2000	1925	42571	0.04521857602593315	9.059359628694388	12.135368183592881	0.16967681441948868
bsn-x-bible.txt.clean.txt	2050	1970	42371	0.04649406433645654	9.066908848978397	12.176887031865443	0.17151631125575784
bsn-x-bible.txt.clean.txt	2100	2015	42171	0.04778165089753622	9.073438742474899	12.216877852997005	0.1733807919803121
bsn-x-bible.txt.clean.txt	2150	2057	41971	0.04901003073550785	9.078191554688317	12.255488387867434	0.175184208616053
bsn-x-bible.txt.clean.txt	2200	2103	41771	0.05034593378181035	9.085988285329986	12.290667689997088	0.17686207797686926
bsn-x-bible.txt.clean.txt	2250	2148	41598	0.05163709793740084	9.092051789261845	12.333610806767963	0.17858578779692968
bsn-x-bible.txt.clean.txt	2300	2187	41448	0.052764910248986684	9.096221920052582	12.369650933559274	0.1801318493642764
bsn-x-bible.txt.clean.txt	2350	2235	41298	0.0541188435275316	9.104390150044209	12.409979491333186	0.18170575447566484
bsn-x-bible.txt.clean.txt	2400	2279	41148	0.05538543793136969	9.109982761911676	12.449328823962734	0.18326775187985855
bsn-x-bible.txt.clean.txt	2450	2322	40998	0.056636909117517925	9.113337441438691	12.486528976877922	0.18493754202811918
bsn-x-bible.txt.clean.txt	2500	2365	40848	0.057897571484528	9.115410626767412	12.526127159637403	0.18667772527449522
bsn-x-bible.txt.clean.txt	2550	2408	40698	0.05916752665978672	9.11742907340682	12.56320466466013	0.18838011827397827
bsn-x-bible.txt.clean.txt	2600	2443	40548	0.0602495807438098	9.118058818089743	12.591886385388356	0.18982549835297047
bsn-x-bible.txt.clean.txt	2650	2482	40398	0.06143868508341997	9.117687036779218	12.624825737185816	0.19149998459081352
bsn-x-bible.txt.clean.txt	2700	2524	40248	0.06271119061816736	9.12308768476911	12.653912103941247	0.19275399227056078
bsn-x-bible.txt.clean.txt	2750	2569	40098	0.06406803331837	9.127033741682002	12.686447504992218	0.1942225785514553
bsn-x-bible.txt.clean.txt	2800	2613	39952	0.06540348418101723	9.132705649159158	12.713494383399098	0.19546204812692303
bsn-x-bible.txt.clean.txt	2850	2646	39852	0.06639566395663957	9.13104380324613	12.74505710824463	0.19688943019299077
bsn-x-bible.txt.clean.txt	2900	2680	39752	0.06741799154759509	9.132727595696231	12.772740864701259	0.1980405924173616
bsn-x-bible.txt.clean.txt	2950	2716	39652	0.06849591445576515	9.133619043022113	12.801600061240109	0.19931580183900033
bsn-x-bible.txt.clean.txt	3000	2753	39552	0.06960457119741101	9.134303115670033	12.83066855320466	0.20062379729530022
bsn-x-bible.txt.clean.txt	3050	2786	39452	0.07061745919091554	9.13320649455814	12.858801448720909	0.20192041059152988
bsn-x-bible.txt.clean.txt	3100	2828	39352	0.07186420004065867	9.134161700180583	12.889956568722223	0.20333968879643616
bsn-x-bible.txt.clean.txt	3150	2875	39252	0.07324467543055131	9.139912841066653	12.922151012974894	0.2044879970042054
bsn-x-bible.txt.clean.txt	3200	2913	39152	0.07440232938291785	9.14083827965334	12.949813642989163	0.20571707085398228
bsn-x-bible.txt.clean.txt	3250	2954	39052	0.07564273276656765	9.141171897999627	12.979274940627793	0.2070773921488761
bsn-x-bible.txt.clean.txt	3300	2996	38952	0.0769151776545492	9.141730583944838	13.008467834949125	0.20842743472828829
bsn-x-bible.txt.clean.txt	3350	3036	38852	0.07814269535673839	9.141327537058093	13.036001024389295	0.20977158994530676
bsn-x-bible.txt.clean.txt	3400	3072	38752	0.07927332782824112	9.140886862809724	13.060570009579493	0.21096966328197353
bsn-x-bible.txt.clean.txt	3450	3108	38652	0.08040981061782056	9.139546486565862	13.085137721811009	0.21222831813761223
bsn-x-bible.txt.clean.txt	3500	3147	38552	0.08163000622535796	9.138953680777682	13.110245148063123	0.21349902838853385
bsn-x-bible.txt.clean.txt	3550	3181	38452	0.08272651617601165	9.136549186634905	13.13335953974331	0.2147536427974781
bsn-x-bible.txt.clean.txt	3600	3220	38352	0.08395911556111807	9.137926997566906	13.154601753939167	0.21582008352996962
bsn-x-bible.txt.clean.txt	3650	3262	38252	0.08527658684513229	9.138472905105422	13.177321103325157	0.21702945199164514
bsn-x-bible.txt.clean.txt	3700	3296	38152	0.08639127699727406	9.135765255145047	13.199225595464872	0.2182633942560538
bsn-x-bible.txt.clean.txt	3750	3323	38052	0.08732786712919163	9.132333754309606	13.216071023030628	0.2193432615822315
bsn-x-bible.txt.clean.txt	3800	3364	37952	0.08863827993254637	9.132107412596566	13.2393676445202	0.22054139299937314
bsn-x-bible.txt.clean.txt	3850	3394	37852	0.08966501109584699	9.130061948614554	13.256429350339452	0.2215670281451052
bsn-x-bible.txt.clean.txt	3900	3436	37752	0.09101504556050011	9.132409221071562	13.274115367117927	0.22254304797148916
bsn-x-bible.txt.clean.txt	3950	3473	37652	0.09223945607139063	9.1322126098373	13.292137425766555	0.22358115387091426
bsn-x-bible.txt.clean.txt	4000	3507	37552	0.09339049850873456	9.130128093830084	13.309595068126342	0.22468484564661184
bsn-x-bible.txt.clean.txt	4050	3542	37452	0.0945743885506782	9.128738611694637	13.327423816858893	0.22574480184283918
bsn-x-bible.txt.clean.txt	4100	3581	37352	0.09587170700364103	9.129662427977614	13.343504162431028	0.22670261685973103
bsn-x-bible.txt.clean.txt	4150	3617	37266	0.09705898137712661	9.130727198982608	13.35846399276994	0.22755661443760367
bsn-x-bible.txt.clean.txt	4200	3617	37266	0.09705898137712661	9.130727198982608	13.35846399276994	0.22755661443760367
bsn-x-bible.txt.clean.txt	4250	3617	37266	0.09705898137712661	9.130727198982608	13.35846399276994	0.22755661443760367
bsn-x-bible.txt.clean.txt	4300	3617	37266	0.09705898137712661	9.130727198982608	13.35846399276994	0.22755661443760367
bsn-x-bible.txt.clean.txt	4350	3617	37266	0.09705898137712661	9.130727198982608	13.35846399276994	0.22755661443760367
bsn-x-bible.txt.clean.txt	4400	3617	37266	0.09705898137712661	9.130727198982608	13.35846399276994	0.22755661443760367
bsn-x-bible.txt.clean.txt	4450	3617	37266	0.09705898137712661	9.130727198982608	13.35846399276994	0.22755661443760367
bsn-x-bible.txt.clean.txt	4500	3617	37266	0.09705898137712661	9.130727198982608	13.35846399276994	0.22755661443760367
bsn-x-bible.txt.clean.txt	4550	3617	37266	0.09705898137712661	9.130727198982608	13.35846399276994	0.22755661443760367
bsn-x-bible.txt.clean.txt	4600	3617	37266	0.09705898137712661	9.130727198982608	13.35846399276994	0.22755661443760367
bsn-x-bible.txt.clean.txt	4650	3617	37266	0.09705898137712661	9.130727198982608	13.35846399276994	0.22755661443760367
bsn-x-bible.txt.clean.txt	4700	3617	37266	0.09705898137712661	9.130727198982608	13.35846399276994	0.22755661443760367
bsn-x-bible.txt.clean.txt	4750	3617	37266	0.09705898137712661	9.130727198982608	13.35846399276994	0.22755661443760367
bsn-x-bible.txt.clean.txt	4800	3617	37266	0.09705898137712661	9.130727198982608	13.35846399276994	0.22755661443760367
bsn-x-bible.txt.clean.txt	4850	3617	37266	0.09705898137712661	9.130727198982608	13.35846399276994	0.22755661443760367
bsn-x-bible.txt.clean.txt	4900	3617	37266	0.09705898137712661	9.130727198982608	13.35846399276994	0.22755661443760367
bsn-x-bible.txt.clean.txt	4950	3617	37266	0.09705898137712661	9.130727198982608	13.35846399276994	0.22755661443760367
bsn-x-bible.txt.clean.txt	5000	3617	37266	0.09705898137712661	9.130727198982608	13.35846399276994	0.22755661443760367
