file	merge	types	tokens	TTR	H	Hcross	R
ell-x-bible-modern2009.txt.clean.txt	0	45	108746	0.00041380832398433046	4.596544716203266	7.378743182497497	0.16302482321035916
ell-x-bible-modern2009.txt.clean.txt	50	94	73443	0.001279904143349264	6.030268558999972	7.323067267921837	0.07999285760593
ell-x-bible-modern2009.txt.clean.txt	100	144	62032	0.002321382512251741	6.704891210743295	7.763121031088087	0.06485894770244749
ell-x-bible-modern2009.txt.clean.txt	150	194	56494	0.003433992990406061	7.103150541386386	8.178939205840877	0.06536421023715089
ell-x-bible-modern2009.txt.clean.txt	200	244	52958	0.004607424751690018	7.362721922905482	8.55533855546086	0.0716220182916757
ell-x-bible-modern2009.txt.clean.txt	250	294	50410	0.005832176155524698	7.564182565915646	8.872135368362255	0.07750185034172852
ell-x-bible-modern2009.txt.clean.txt	300	343	48412	0.00708502024291498	7.7175638741025585	9.156527862399363	0.08364942702647926
ell-x-bible-modern2009.txt.clean.txt	350	388	46778	0.00829449741331395	7.834044128985228	9.386676692441199	0.08905540407862123
ell-x-bible-modern2009.txt.clean.txt	400	435	45361	0.009589735676021251	7.944300563885632	9.576106757746015	0.09362042767605971
ell-x-bible-modern2009.txt.clean.txt	450	479	44158	0.010847411567552877	8.037515730166579	9.726630744373768	0.09730206785981554
ell-x-bible-modern2009.txt.clean.txt	500	525	43083	0.012185780934475315	8.125167027123466	9.898436910342031	0.10081773818117057
ell-x-bible-modern2009.txt.clean.txt	550	573	42129	0.01360108238980275	8.206607933153228	10.045529982359469	0.10431593252340954
ell-x-bible-modern2009.txt.clean.txt	600	620	41257	0.015027752866180284	8.275651386536964	10.189337708964736	0.1078546357321839
ell-x-bible-modern2009.txt.clean.txt	650	662	40462	0.016361030102318225	8.34088430714772	10.296535122966812	0.10989621731607546
ell-x-bible-modern2009.txt.clean.txt	700	708	39738	0.01781669938094519	8.402488946005837	10.404551131812275	0.11250115971168895
ell-x-bible-modern2009.txt.clean.txt	750	750	39063	0.019199754243145687	8.453505748652454	10.49729441836051	0.11488536565643648
ell-x-bible-modern2009.txt.clean.txt	800	793	38430	0.020634920634920634	8.49794444920664	10.59620305810612	0.11766293984037934
ell-x-bible-modern2009.txt.clean.txt	850	837	37847	0.02211535920944857	8.549366701423715	10.6819147570091	0.11944660624183023
ell-x-bible-modern2009.txt.clean.txt	900	878	37301	0.023538242942548457	8.59190526279454	10.766991351879307	0.1213093178778375
ell-x-bible-modern2009.txt.clean.txt	950	927	36801	0.025189532893127906	8.63776400815078	10.862223329093581	0.123641325847332
ell-x-bible-modern2009.txt.clean.txt	1000	967	36327	0.026619318963856085	8.677423321635965	10.923934473979916	0.1250279557834525
ell-x-bible-modern2009.txt.clean.txt	1050	1015	35877	0.02829110572232907	8.719495390105276	10.994564274815772	0.12693853095650542
ell-x-bible-modern2009.txt.clean.txt	1100	1055	35459	0.02975267210017203	8.75276239083181	11.057456844678883	0.1284737018359401
ell-x-bible-modern2009.txt.clean.txt	1150	1104	35059	0.0314897743803303	8.787810220414018	11.139176596038993	0.13065351347877074
ell-x-bible-modern2009.txt.clean.txt	1200	1148	34698	0.03308548043114877	8.818376768013433	11.206594214608039	0.13246851824373973
ell-x-bible-modern2009.txt.clean.txt	1250	1197	34348	0.03484919063700943	8.854634713087485	11.271242859652684	0.13403862291381607
ell-x-bible-modern2009.txt.clean.txt	1300	1236	33998	0.03635507971057121	8.8900105563796	11.311389831231207	0.13449422616542517
ell-x-bible-modern2009.txt.clean.txt	1350	1279	33695	0.037958154028787654	8.910567544046081	11.373469809412754	0.13663988545814587
ell-x-bible-modern2009.txt.clean.txt	1400	1322	33395	0.039586764485701455	8.935308809261837	11.429201675582297	0.1382260461105459
ell-x-bible-modern2009.txt.clean.txt	1450	1361	33095	0.041124036863574555	8.955218259867621	11.48182752944385	0.13978578281585607
ell-x-bible-modern2009.txt.clean.txt	1500	1398	32807	0.042612857012223004	8.97572172089468	11.527758304274283	0.14100927974958644
ell-x-bible-modern2009.txt.clean.txt	1550	1443	32557	0.04432226556500906	8.995200584217892	11.584637782885585	0.1428942959910211
ell-x-bible-modern2009.txt.clean.txt	1600	1491	32307	0.04615098894976321	9.020239589915146	11.634604528228826	0.14435739282987403
ell-x-bible-modern2009.txt.clean.txt	1650	1532	32057	0.0477898742864273	9.036566094209046	11.677866472386384	0.14597913306307508
ell-x-bible-modern2009.txt.clean.txt	1700	1571	31807	0.04939164334894834	9.059481672321457	11.71364453542537	0.14673798606545285
ell-x-bible-modern2009.txt.clean.txt	1750	1613	31595	0.051052381705966134	9.07869124207784	11.758379570897446	0.14798319502295243
ell-x-bible-modern2009.txt.clean.txt	1800	1659	31395	0.05284280936454849	9.097528862024648	11.80788830387272	0.14945350008772018
ell-x-bible-modern2009.txt.clean.txt	1850	1701	31195	0.054527969225837476	9.10611388981685	11.858306260183026	0.15151212903725486
ell-x-bible-modern2009.txt.clean.txt	1900	1745	30995	0.056299403129537025	9.12408817764339	11.90019774596201	0.1527459758753471
ell-x-bible-modern2009.txt.clean.txt	1950	1788	30795	0.058061373599610326	9.13822230573515	11.94371856448845	0.15419182830917855
ell-x-bible-modern2009.txt.clean.txt	2000	1822	30595	0.05955221441411995	9.152960360873996	11.97085328482908	0.1549533075879136
ell-x-bible-modern2009.txt.clean.txt	2050	1855	30395	0.06102977463398585	9.165883732209162	11.999532061493332	0.15577857997572042
ell-x-bible-modern2009.txt.clean.txt	2100	1897	30239	0.06273355600383611	9.17776705587616	12.042351086743952	0.15719144905835192
ell-x-bible-modern2009.txt.clean.txt	2150	1939	30089	0.06444215494034365	9.190555093568687	12.080389637170022	0.1584586219293561
ell-x-bible-modern2009.txt.clean.txt	2200	1979	29939	0.06610107218009953	9.201474204564411	12.11825510760578	0.1597253791430523
ell-x-bible-modern2009.txt.clean.txt	2250	2025	29789	0.06797811272617409	9.212824459484377	12.160411278074513	0.16122806838719805
ell-x-bible-modern2009.txt.clean.txt	2300	2070	29639	0.06984041296939843	9.224128242355778	12.198382645302573	0.16261637001529006
ell-x-bible-modern2009.txt.clean.txt	2350	2111	29489	0.07158601512428363	9.234058960568575	12.233920361499624	0.16386266583496079
ell-x-bible-modern2009.txt.clean.txt	2400	2156	29339	0.07348580387879614	9.244750490242295	12.266588580447445	0.16519483507261534
ell-x-bible-modern2009.txt.clean.txt	2450	2196	29189	0.07523382095995067	9.256784180256517	12.295420882373637	0.1661052379072656
ell-x-bible-modern2009.txt.clean.txt	2500	2236	29039	0.07699989669065739	9.270250973166679	12.322387164971367	0.1668466619390795
ell-x-bible-modern2009.txt.clean.txt	2550	2272	28889	0.07864585136211015	9.278979882109908	12.347069408131858	0.16778562036821154
ell-x-bible-modern2009.txt.clean.txt	2600	2318	28739	0.08065694700581091	9.290376525800232	12.38048437054459	0.16891894965759058
ell-x-bible-modern2009.txt.clean.txt	2650	2355	28589	0.08237433978103466	9.299072750726573	12.403265195383426	0.1698376705843051
ell-x-bible-modern2009.txt.clean.txt	2700	2371	28441	0.08336556379874126	9.301935022817432	12.415944481784264	0.1703057040417053
ell-x-bible-modern2009.txt.clean.txt	2750	2409	28341	0.08500052926855087	9.306528321788596	12.451970739975517	0.1715909589853325
ell-x-bible-modern2009.txt.clean.txt	2800	2446	28241	0.08661166389292164	9.311023818519503	12.482596064077015	0.17280995083099915
ell-x-bible-modern2009.txt.clean.txt	2850	2484	28141	0.08826978430048683	9.315843976182451	12.511529706761674	0.17401376752258735
ell-x-bible-modern2009.txt.clean.txt	2900	2514	28041	0.08965443457793945	9.315963472074797	12.539088173391146	0.17526964953336122
ell-x-bible-modern2009.txt.clean.txt	2950	2547	27941	0.09115636519809599	9.31940190007959	12.56658339657916	0.17633714836154268
ell-x-bible-modern2009.txt.clean.txt	3000	2588	27841	0.09295643116267376	9.324965167824814	12.598188831803409	0.17752018470592879
ell-x-bible-modern2009.txt.clean.txt	3050	2629	27741	0.09476947478461482	9.330727268967449	12.629428187994115	0.1786547396409197
ell-x-bible-modern2009.txt.clean.txt	3100	2664	27641	0.09637856806917261	9.337088883338204	12.65129282729561	0.17947285149098058
ell-x-bible-modern2009.txt.clean.txt	3150	2708	27541	0.09832613194873098	9.343823378306311	12.681179068207438	0.18058287064956569
ell-x-bible-modern2009.txt.clean.txt	3200	2742	27441	0.09992347217666994	9.347502833883775	12.70524127271992	0.1815522010244669
ell-x-bible-modern2009.txt.clean.txt	3250	2780	27341	0.10167879741048243	9.352437869282355	12.729772843039806	0.18254131462676537
ell-x-bible-modern2009.txt.clean.txt	3300	2818	27241	0.10344701002165853	9.355434623964118	12.75638657537543	0.1836769227499363
ell-x-bible-modern2009.txt.clean.txt	3350	2855	27141	0.10519140783316754	9.362474074255974	12.774663266205476	0.18440197228623179
ell-x-bible-modern2009.txt.clean.txt	3400	2892	27041	0.10694870751821309	9.366686312278322	12.796557046068017	0.18535336468885266
ell-x-bible-modern2009.txt.clean.txt	3450	2932	26941	0.10883040718607327	9.370098882196125	12.820587324115596	0.1864587733478651
ell-x-bible-modern2009.txt.clean.txt	3500	2963	26841	0.11039082001415744	9.372735012618527	12.839343269692993	0.18730055676815827
ell-x-bible-modern2009.txt.clean.txt	3550	2996	26741	0.11203769492539546	9.37775340589732	12.856310452568374	0.18799047381372003
ell-x-bible-modern2009.txt.clean.txt	3600	3028	26641	0.11365939716977591	9.379694638750207	12.8739346848102	0.18889887692365182
ell-x-bible-modern2009.txt.clean.txt	3650	3063	26541	0.11540635243585397	9.382898589311628	12.89238444928533	0.18978347033460663
ell-x-bible-modern2009.txt.clean.txt	3700	3095	26441	0.11705306153322492	9.3853498029184	12.90859260871952	0.19061974478639687
ell-x-bible-modern2009.txt.clean.txt	3750	3127	26341	0.11871227364185111	9.388504033421828	12.92461192218099	0.1913825689642048
ell-x-bible-modern2009.txt.clean.txt	3800	3164	26241	0.12057467322129492	9.392966826893732	12.94212608004737	0.19217893319262325
ell-x-bible-modern2009.txt.clean.txt	3850	3172	26141	0.12134195325350981	9.390540632693302	12.944711326566205	0.19264055669343105
ell-x-bible-modern2009.txt.clean.txt	3900	3177	26041	0.12199992319803386	9.387616660279596	12.946766273459172	0.19304959707955982
ell-x-bible-modern2009.txt.clean.txt	3950	3180	26005	0.12228417611997693	9.387856214982916	12.946534451246063	0.19312344871777176
ell-x-bible-modern2009.txt.clean.txt	4000	3180	26005	0.12228417611997693	9.387856214982916	12.946534451246063	0.19312344871777176
ell-x-bible-modern2009.txt.clean.txt	4050	3180	26005	0.12228417611997693	9.387856214982916	12.946534451246063	0.19312344871777176
ell-x-bible-modern2009.txt.clean.txt	4100	3180	26005	0.12228417611997693	9.387856214982916	12.946534451246063	0.19312344871777176
ell-x-bible-modern2009.txt.clean.txt	4150	3180	26005	0.12228417611997693	9.387856214982916	12.946534451246063	0.19312344871777176
ell-x-bible-modern2009.txt.clean.txt	4200	3180	26005	0.12228417611997693	9.387856214982916	12.946534451246063	0.19312344871777176
ell-x-bible-modern2009.txt.clean.txt	4250	3180	26005	0.12228417611997693	9.387856214982916	12.946534451246063	0.19312344871777176
ell-x-bible-modern2009.txt.clean.txt	4300	3180	26005	0.12228417611997693	9.387856214982916	12.946534451246063	0.19312344871777176
ell-x-bible-modern2009.txt.clean.txt	4350	3180	26005	0.12228417611997693	9.387856214982916	12.946534451246063	0.19312344871777176
ell-x-bible-modern2009.txt.clean.txt	4400	3180	26005	0.12228417611997693	9.387856214982916	12.946534451246063	0.19312344871777176
ell-x-bible-modern2009.txt.clean.txt	4450	3180	26005	0.12228417611997693	9.387856214982916	12.946534451246063	0.19312344871777176
ell-x-bible-modern2009.txt.clean.txt	4500	3180	26005	0.12228417611997693	9.387856214982916	12.946534451246063	0.19312344871777176
ell-x-bible-modern2009.txt.clean.txt	4550	3180	26005	0.12228417611997693	9.387856214982916	12.946534451246063	0.19312344871777176
ell-x-bible-modern2009.txt.clean.txt	4600	3180	26005	0.12228417611997693	9.387856214982916	12.946534451246063	0.19312344871777176
ell-x-bible-modern2009.txt.clean.txt	4650	3180	26005	0.12228417611997693	9.387856214982916	12.946534451246063	0.19312344871777176
ell-x-bible-modern2009.txt.clean.txt	4700	3180	26005	0.12228417611997693	9.387856214982916	12.946534451246063	0.19312344871777176
ell-x-bible-modern2009.txt.clean.txt	4750	3180	26005	0.12228417611997693	9.387856214982916	12.946534451246063	0.19312344871777176
ell-x-bible-modern2009.txt.clean.txt	4800	3180	26005	0.12228417611997693	9.387856214982916	12.946534451246063	0.19312344871777176
ell-x-bible-modern2009.txt.clean.txt	4850	3180	26005	0.12228417611997693	9.387856214982916	12.946534451246063	0.19312344871777176
ell-x-bible-modern2009.txt.clean.txt	4900	3180	26005	0.12228417611997693	9.387856214982916	12.946534451246063	0.19312344871777176
ell-x-bible-modern2009.txt.clean.txt	4950	3180	26005	0.12228417611997693	9.387856214982916	12.946534451246063	0.19312344871777176
ell-x-bible-modern2009.txt.clean.txt	5000	3180	26005	0.12228417611997693	9.387856214982916	12.946534451246063	0.19312344871777176
