file	merge	types	tokens	TTR	H	Hcross	R
fra-x-bible-perret.txt.clean.txt	0	69	113343	0.0006087716047748869	4.835936138044709	8.844990945820332	0.2083299048301861
fra-x-bible-perret.txt.clean.txt	50	118	78679	0.0014997648673724883	6.195940698461543	8.167310753300097	0.09977305897971411
fra-x-bible-perret.txt.clean.txt	100	167	67423	0.0024768995743292346	6.790119707455743	8.299865670674723	0.08039116431346371
fra-x-bible-perret.txt.clean.txt	150	217	61274	0.003541469465025949	7.164610266269532	8.583019094964087	0.07691000784477753
fra-x-bible-perret.txt.clean.txt	200	267	57193	0.004668403475949854	7.429824335619942	8.840621210444972	0.07826515246501009
fra-x-bible-perret.txt.clean.txt	250	316	54088	0.005842331016121876	7.638911445990949	9.091697601569855	0.08006826316218785
fra-x-bible-perret.txt.clean.txt	300	366	51631	0.007088764501946505	7.801697253746774	9.315470767242145	0.08384543820195811
fra-x-bible-perret.txt.clean.txt	350	414	49628	0.008342064963327154	7.931222139733179	9.511093550622299	0.08768228692269309
fra-x-bible-perret.txt.clean.txt	400	463	47939	0.00965810717787188	8.044959865627238	9.695569436751612	0.09146477198510328
fra-x-bible-perret.txt.clean.txt	450	507	46485	0.01090674411100355	8.133431742702546	9.86184828249721	0.09486147211098872
fra-x-bible-perret.txt.clean.txt	500	553	45215	0.01223045449518965	8.223266877724345	10.000972362446252	0.09744875113768225
fra-x-bible-perret.txt.clean.txt	550	597	44072	0.013546015610818661	8.295721435816322	10.13013369383335	0.10040198864612526
fra-x-bible-perret.txt.clean.txt	600	646	43062	0.015001625563141517	8.360924626596862	10.286924350913255	0.10438403656115902
fra-x-bible-perret.txt.clean.txt	650	694	42157	0.016462271983300518	8.429053764430988	10.412844234954374	0.10697747168473237
fra-x-bible-perret.txt.clean.txt	700	742	41348	0.017945245235561576	8.490073790623688	10.517875557797483	0.10961420039947734
fra-x-bible-perret.txt.clean.txt	750	787	40625	0.019372307692307692	8.540444063596782	10.608274808441504	0.11224023790472426
fra-x-bible-perret.txt.clean.txt	800	832	39955	0.02082342635464898	8.584577200192127	10.706074384016691	0.1150321583734144
fra-x-bible-perret.txt.clean.txt	850	881	39336	0.022396786658531623	8.639882835441169	10.790591537364115	0.11684714124110962
fra-x-bible-perret.txt.clean.txt	900	929	38764	0.023965535032504384	8.692526645452432	10.86297634871933	0.11836340823524627
fra-x-bible-perret.txt.clean.txt	950	975	38229	0.025504198383426196	8.731097785516784	10.938144316990568	0.12066969896543
fra-x-bible-perret.txt.clean.txt	1000	1017	37729	0.026955392403721277	8.757000558334523	11.019063975014262	0.12343248979031007
fra-x-bible-perret.txt.clean.txt	1050	1060	37263	0.028446448219413358	8.787845222823147	11.08745760498983	0.12557436267996402
fra-x-bible-perret.txt.clean.txt	1100	1105	36818	0.03001249388885871	8.817631980263979	11.150518785319415	0.12781605530335127
fra-x-bible-perret.txt.clean.txt	1150	1151	36418	0.031605250151024215	8.84733978110679	11.214478024869477	0.1299414831823824
fra-x-bible-perret.txt.clean.txt	1200	1200	36032	0.03330373001776199	8.871413235072197	11.286388041945447	0.1327040293210906
fra-x-bible-perret.txt.clean.txt	1250	1240	35682	0.03475141527941259	8.8918945933144	11.344694623076926	0.13470348911398744
fra-x-bible-perret.txt.clean.txt	1300	1284	35343	0.036329683388506916	8.917846039367054	11.401319487990762	0.13640566175480484
fra-x-bible-perret.txt.clean.txt	1350	1330	35043	0.0379533715720686	8.939491979956754	11.461802877955174	0.1385457629698842
fra-x-bible-perret.txt.clean.txt	1400	1374	34743	0.039547534755202486	8.956307357698432	11.523965244480404	0.14081307707976853
fra-x-bible-perret.txt.clean.txt	1450	1416	34443	0.041111401445867085	8.970701506736871	11.580526996721467	0.143003482141554
fra-x-bible-perret.txt.clean.txt	1500	1455	34176	0.04257373595505618	8.981407532910263	11.63653152798476	0.1451817304774301
fra-x-bible-perret.txt.clean.txt	1550	1496	33926	0.044095973589577314	8.992884535671509	11.690734148599956	0.14734289132468326
fra-x-bible-perret.txt.clean.txt	1600	1533	33676	0.04552203349566457	9.001335562400586	11.736083336642384	0.14938435167455544
fra-x-bible-perret.txt.clean.txt	1650	1571	33426	0.046999341829713395	9.016837515666285	11.775036180490467	0.1507544011658113
fra-x-bible-perret.txt.clean.txt	1700	1614	33176	0.04864962623583313	9.030074454591027	11.82100426793053	0.15261688883024782
fra-x-bible-perret.txt.clean.txt	1750	1657	32973	0.050253237497346316	9.042198437708894	11.869926440939336	0.15448888721843712
fra-x-bible-perret.txt.clean.txt	1800	1701	32773	0.051902480700576695	9.053475110142983	11.921498978418402	0.15641689594836305
fra-x-bible-perret.txt.clean.txt	1850	1740	32573	0.053418475424431275	9.06169863386426	11.964103929400494	0.15821581730129763
fra-x-bible-perret.txt.clean.txt	1900	1779	32373	0.054953201742192564	9.070292663984477	12.003448061985983	0.15991312318954398
fra-x-bible-perret.txt.clean.txt	1950	1816	32173	0.05644484505641376	9.080253835092398	12.03551230495248	0.16129744897447784
fra-x-bible-perret.txt.clean.txt	2000	1857	31973	0.05808025521533794	9.08837521800534	12.076036078916989	0.16303732578227437
fra-x-bible-perret.txt.clean.txt	2050	1894	31783	0.05959160557530756	9.095449070259363	12.109295829978393	0.16457566246644273
fra-x-bible-perret.txt.clean.txt	2100	1936	31633	0.06120190939841305	9.101949369763705	12.152132702165705	0.1664013760432813
fra-x-bible-perret.txt.clean.txt	2150	1979	31483	0.06285932090334466	9.108663379239871	12.196884472052847	0.16820082333027964
fra-x-bible-perret.txt.clean.txt	2200	2021	31333	0.06450068617751252	9.116655399071046	12.236085915715103	0.16976805939982786
fra-x-bible-perret.txt.clean.txt	2250	2063	31183	0.0661578424141359	9.121505688379699	12.276100514015173	0.17156510562802796
fra-x-bible-perret.txt.clean.txt	2300	2097	31033	0.06757322849869493	9.125327526938765	12.307939848685383	0.1729893413148258
fra-x-bible-perret.txt.clean.txt	2350	2138	30883	0.06922902567755723	9.132800292831313	12.342936396155352	0.17440225984148072
fra-x-bible-perret.txt.clean.txt	2400	2175	30733	0.0707708326554518	9.137971434751842	12.375131409522377	0.17577915233723473
fra-x-bible-perret.txt.clean.txt	2450	2221	30583	0.07262204492692019	9.146528916592443	12.408906211617413	0.177247987910103
fra-x-bible-perret.txt.clean.txt	2500	2266	30433	0.07445864686360201	9.15441113993973	12.44284012735762	0.17867693610781243
fra-x-bible-perret.txt.clean.txt	2550	2308	30283	0.07621437770366211	9.159205629451591	12.475108063615238	0.18019556427070238
fra-x-bible-perret.txt.clean.txt	2600	2342	30174	0.07761649101875787	9.15991868523338	12.507969110048224	0.18167705077471463
fra-x-bible-perret.txt.clean.txt	2650	2378	30074	0.0790716233291215	9.160219138623729	12.546600166666616	0.18325601299274297
fra-x-bible-perret.txt.clean.txt	2700	2413	29974	0.08050310268899713	9.161401742752982	12.57880899898277	0.1846829293817689
fra-x-bible-perret.txt.clean.txt	2750	2446	29874	0.08187721764745264	9.163455116532516	12.604033540372738	0.18591993360320858
fra-x-bible-perret.txt.clean.txt	2800	2485	29774	0.08346208101027743	9.164832782132464	12.639590476830907	0.18744496013756373
fra-x-bible-perret.txt.clean.txt	2850	2525	29674	0.08509132573970479	9.167923698852738	12.672827784327632	0.18882774687870052
fra-x-bible-perret.txt.clean.txt	2900	2560	29574	0.08656252113342801	9.170824354783068	12.698632798648623	0.18999447108974898
fra-x-bible-perret.txt.clean.txt	2950	2593	29474	0.08797584311596661	9.173141678557194	12.723453002078767	0.19110997599990154
fra-x-bible-perret.txt.clean.txt	3000	2630	29374	0.08953496289235378	9.176072703019884	12.751509756599097	0.19230734864851295
fra-x-bible-perret.txt.clean.txt	3050	2666	29274	0.09107057457129193	9.176149420624366	12.7785103407281	0.19369264846629242
fra-x-bible-perret.txt.clean.txt	3100	2703	29174	0.09265099060807569	9.177836063342454	12.804747009001625	0.1949510806828162
fra-x-bible-perret.txt.clean.txt	3150	2738	29074	0.09417348834009769	9.17885754876576	12.83031478233852	0.19617019695591975
fra-x-bible-perret.txt.clean.txt	3200	2768	28974	0.0955339269690067	9.178838264243545	12.852734407523663	0.19727707088378166
fra-x-bible-perret.txt.clean.txt	3250	2798	28874	0.09690378887580522	9.178138557197878	12.874362967999481	0.19842846496058175
fra-x-bible-perret.txt.clean.txt	3300	2824	28774	0.09814415792034475	9.175533076708676	12.895330286447532	0.19958881946439422
fra-x-bible-perret.txt.clean.txt	3350	2858	28674	0.09967217688498291	9.176485572518887	12.91521415945084	0.20070958428950203
fra-x-bible-perret.txt.clean.txt	3400	2891	28574	0.10117589416952474	9.176035497766286	12.93744243209606	0.20190016060372895
fra-x-bible-perret.txt.clean.txt	3450	2920	28474	0.10254969445810212	9.173883670850111	12.956775321208733	0.20308540786377716
fra-x-bible-perret.txt.clean.txt	3500	2948	28374	0.10389793472897724	9.169594712504907	12.979059843376977	0.20440951308083577
fra-x-bible-perret.txt.clean.txt	3550	2983	28278	0.10548836551382701	9.169869790025878	12.998800462834694	0.20555932870141713
fra-x-bible-perret.txt.clean.txt	3600	2983	28278	0.10548836551382701	9.169869790025878	12.998800462834694	0.20555932870141713
fra-x-bible-perret.txt.clean.txt	3650	2983	28278	0.10548836551382701	9.169869790025878	12.998800462834694	0.20555932870141713
fra-x-bible-perret.txt.clean.txt	3700	2983	28278	0.10548836551382701	9.169869790025878	12.998800462834694	0.20555932870141713
fra-x-bible-perret.txt.clean.txt	3750	2983	28278	0.10548836551382701	9.169869790025878	12.998800462834694	0.20555932870141713
fra-x-bible-perret.txt.clean.txt	3800	2983	28278	0.10548836551382701	9.169869790025878	12.998800462834694	0.20555932870141713
fra-x-bible-perret.txt.clean.txt	3850	2983	28278	0.10548836551382701	9.169869790025878	12.998800462834694	0.20555932870141713
fra-x-bible-perret.txt.clean.txt	3900	2983	28278	0.10548836551382701	9.169869790025878	12.998800462834694	0.20555932870141713
fra-x-bible-perret.txt.clean.txt	3950	2983	28278	0.10548836551382701	9.169869790025878	12.998800462834694	0.20555932870141713
fra-x-bible-perret.txt.clean.txt	4000	2983	28278	0.10548836551382701	9.169869790025878	12.998800462834694	0.20555932870141713
fra-x-bible-perret.txt.clean.txt	4050	2983	28278	0.10548836551382701	9.169869790025878	12.998800462834694	0.20555932870141713
fra-x-bible-perret.txt.clean.txt	4100	2983	28278	0.10548836551382701	9.169869790025878	12.998800462834694	0.20555932870141713
fra-x-bible-perret.txt.clean.txt	4150	2983	28278	0.10548836551382701	9.169869790025878	12.998800462834694	0.20555932870141713
fra-x-bible-perret.txt.clean.txt	4200	2983	28278	0.10548836551382701	9.169869790025878	12.998800462834694	0.20555932870141713
fra-x-bible-perret.txt.clean.txt	4250	2983	28278	0.10548836551382701	9.169869790025878	12.998800462834694	0.20555932870141713
fra-x-bible-perret.txt.clean.txt	4300	2983	28278	0.10548836551382701	9.169869790025878	12.998800462834694	0.20555932870141713
fra-x-bible-perret.txt.clean.txt	4350	2983	28278	0.10548836551382701	9.169869790025878	12.998800462834694	0.20555932870141713
fra-x-bible-perret.txt.clean.txt	4400	2983	28278	0.10548836551382701	9.169869790025878	12.998800462834694	0.20555932870141713
fra-x-bible-perret.txt.clean.txt	4450	2983	28278	0.10548836551382701	9.169869790025878	12.998800462834694	0.20555932870141713
fra-x-bible-perret.txt.clean.txt	4500	2983	28278	0.10548836551382701	9.169869790025878	12.998800462834694	0.20555932870141713
fra-x-bible-perret.txt.clean.txt	4550	2983	28278	0.10548836551382701	9.169869790025878	12.998800462834694	0.20555932870141713
fra-x-bible-perret.txt.clean.txt	4600	2983	28278	0.10548836551382701	9.169869790025878	12.998800462834694	0.20555932870141713
fra-x-bible-perret.txt.clean.txt	4650	2983	28278	0.10548836551382701	9.169869790025878	12.998800462834694	0.20555932870141713
fra-x-bible-perret.txt.clean.txt	4700	2983	28278	0.10548836551382701	9.169869790025878	12.998800462834694	0.20555932870141713
fra-x-bible-perret.txt.clean.txt	4750	2983	28278	0.10548836551382701	9.169869790025878	12.998800462834694	0.20555932870141713
fra-x-bible-perret.txt.clean.txt	4800	2983	28278	0.10548836551382701	9.169869790025878	12.998800462834694	0.20555932870141713
fra-x-bible-perret.txt.clean.txt	4850	2983	28278	0.10548836551382701	9.169869790025878	12.998800462834694	0.20555932870141713
fra-x-bible-perret.txt.clean.txt	4900	2983	28278	0.10548836551382701	9.169869790025878	12.998800462834694	0.20555932870141713
fra-x-bible-perret.txt.clean.txt	4950	2983	28278	0.10548836551382701	9.169869790025878	12.998800462834694	0.20555932870141713
fra-x-bible-perret.txt.clean.txt	5000	2983	28278	0.10548836551382701	9.169869790025878	12.998800462834694	0.20555932870141713
