file	merge	types	tokens	TTR	H	Hcross	R
yad-x-bible.txt.clean.txt	0	46	171476	0.00026825911497818937	4.34204740584007	8.689716192814817	0.21390446230467663
yad-x-bible.txt.clean.txt	50	95	102563	0.000926259957294541	6.051237247135807	7.776734962062991	0.07893908056936638
yad-x-bible.txt.clean.txt	100	143	83361	0.0017154304770816088	6.68035550306104	8.09294750635733	0.06697268863676376
yad-x-bible.txt.clean.txt	150	193	73746	0.002617091096466249	7.123756282644404	8.355113481904423	0.06173242104934251
yad-x-bible.txt.clean.txt	200	243	67428	0.003603844100373732	7.4571130389098155	8.60039016251503	0.05901710160122564
yad-x-bible.txt.clean.txt	250	293	63051	0.004647031767933895	7.710508456877811	8.82517125703055	0.059092466823236545
yad-x-bible.txt.clean.txt	300	342	59798	0.005719254824576072	7.905636711962739	9.030251046878298	0.0608487499653112
yad-x-bible.txt.clean.txt	350	392	57143	0.006859982850042875	8.070574447536957	9.253641915931553	0.0631635198891759
yad-x-bible.txt.clean.txt	400	442	54921	0.008047923380856139	8.213683513875045	9.426960374810921	0.06534199049609757
yad-x-bible.txt.clean.txt	450	492	53023	0.009278992135488374	8.33974119494683	9.585480036939519	0.06740534891305083
yad-x-bible.txt.clean.txt	500	538	51337	0.010479770925453376	8.445629318026949	9.716083545437908	0.06898921249046497
yad-x-bible.txt.clean.txt	550	587	49835	0.01177887027189726	8.531619745495941	9.875111812935813	0.0723693884599601
yad-x-bible.txt.clean.txt	600	635	48476	0.013099265615974916	8.626554614431974	9.997151294953696	0.07347079974961945
yad-x-bible.txt.clean.txt	650	685	47269	0.014491527216569	8.723714237590787	10.106800120682458	0.07391177108098645
yad-x-bible.txt.clean.txt	700	732	46192	0.0158468998960859	8.787268168879187	10.223679671171485	0.07655050934605911
yad-x-bible.txt.clean.txt	750	780	45223	0.01724786060190611	8.854792891035197	10.312470695417154	0.07832950446571119
yad-x-bible.txt.clean.txt	800	830	44350	0.01871476888387824	8.934681005965638	10.399974925101283	0.07861081500029266
yad-x-bible.txt.clean.txt	850	877	43539	0.02014286042398769	8.994454472009437	10.488778859198428	0.07998608059198775
yad-x-bible.txt.clean.txt	900	925	42791	0.021616695099436797	9.055927551774342	10.569336104562428	0.08092529714465713
yad-x-bible.txt.clean.txt	950	973	42098	0.023112736947123378	9.106192636056493	10.656998977536844	0.08261927300533856
yad-x-bible.txt.clean.txt	1000	1023	41448	0.024681528662420384	9.156609207010792	10.739304705464935	0.0842099922634778
yad-x-bible.txt.clean.txt	1050	1073	40848	0.026268115942028984	9.210036446931477	10.814101017113728	0.08516548338941587
yad-x-bible.txt.clean.txt	1100	1122	40293	0.027846027846027847	9.255835012984425	10.885457450469794	0.08646213137731962
yad-x-bible.txt.clean.txt	1150	1171	39764	0.029448747610904335	9.297651267569254	10.95568303323581	0.08788658106481739
yad-x-bible.txt.clean.txt	1200	1217	39264	0.03099531377343113	9.343006094137015	11.011975428224655	0.08840836456316103
yad-x-bible.txt.clean.txt	1250	1266	38804	0.032625502525512835	9.385992162476269	11.075700484226374	0.08927459922890368
yad-x-bible.txt.clean.txt	1300	1315	38354	0.0342858632737133	9.420873719424252	11.142772436044385	0.09072360175942462
yad-x-bible.txt.clean.txt	1350	1362	37939	0.03589973378317826	9.454891445782419	11.196566320445129	0.09188095208573621
yad-x-bible.txt.clean.txt	1400	1411	37539	0.03758757558805509	9.493952198396382	11.245095431849432	0.09257346368637343
yad-x-bible.txt.clean.txt	1450	1458	37139	0.03925792293815127	9.527153390559631	11.294160961629965	0.09349597050010627
yad-x-bible.txt.clean.txt	1500	1506	36782	0.04094393997063781	9.556011038554274	11.344963162450025	0.09477520411925222
yad-x-bible.txt.clean.txt	1550	1555	36432	0.0426822573561704	9.589536690086838	11.398552164017131	0.0955570074968276
yad-x-bible.txt.clean.txt	1600	1602	36082	0.04439886924228147	9.617108958898687	11.448782769165566	0.09661680205507983
yad-x-bible.txt.clean.txt	1650	1645	35751	0.04601269894548404	9.644494403931668	11.487714948938631	0.09728471826243779
yad-x-bible.txt.clean.txt	1700	1694	35451	0.04778426560604779	9.673076577690866	11.536184671673531	0.09818386741696661
yad-x-bible.txt.clean.txt	1750	1739	35151	0.04947227674888339	9.699721370246506	11.575405050304868	0.09887743150513195
yad-x-bible.txt.clean.txt	1800	1787	34851	0.05127542968637916	9.722241504820976	11.61995269752953	0.10006942514377848
yad-x-bible.txt.clean.txt	1850	1831	34553	0.05299105721645009	9.748772880146165	11.652867999147507	0.10053528006591239
yad-x-bible.txt.clean.txt	1900	1879	34303	0.054776550155963034	9.77062435392611	11.696474479472588	0.10161368764439649
yad-x-bible.txt.clean.txt	1950	1926	34053	0.05655889348956039	9.800367389399923	11.731297965691333	0.10182244388995865
yad-x-bible.txt.clean.txt	2000	1973	33803	0.05836760050883058	9.822876208380604	11.77086422487412	0.1026202310523856
yad-x-bible.txt.clean.txt	2050	2017	33553	0.060113849730277474	9.84408418504957	11.801691992658267	0.10328945727243988
yad-x-bible.txt.clean.txt	2100	2063	33303	0.061946371197789986	9.867324892094642	11.836582142320047	0.10382819087312078
yad-x-bible.txt.clean.txt	2150	2105	33057	0.06367788970565992	9.884967663957095	11.865471875292606	0.10459041826352311
yad-x-bible.txt.clean.txt	2200	2153	32857	0.06552637185379066	9.904148453089425	11.903227634669385	0.10548863465004144
yad-x-bible.txt.clean.txt	2250	2201	32657	0.06739749517714426	9.925243409243725	11.93649258267043	0.10615147925509061
yad-x-bible.txt.clean.txt	2300	2250	32457	0.069322488215177	9.944896652056203	11.973318576319377	0.1069363974447628
yad-x-bible.txt.clean.txt	2350	2298	32257	0.07124035093158074	9.970887597775425	12.004295723815215	0.10704442305059336
yad-x-bible.txt.clean.txt	2400	2341	32057	0.07302617213089185	9.987278189781343	12.031713695562448	0.10771382182498557
yad-x-bible.txt.clean.txt	2450	2388	31857	0.07495997739900179	10.002355302752845	12.065089077140673	0.10865056834977715
yad-x-bible.txt.clean.txt	2500	2431	31657	0.07679186277916417	10.019892442343744	12.088863147188558	0.10913179214348834
yad-x-bible.txt.clean.txt	2550	2478	31471	0.07873915668393124	10.030998223641145	12.122488914854497	0.11032963277992636
yad-x-bible.txt.clean.txt	2600	2524	31321	0.08058491108202165	10.047118476882824	12.152709757055298	0.11099218160659319
yad-x-bible.txt.clean.txt	2650	2571	31171	0.08248051073112829	10.061068033763906	12.183515669291435	0.1118496753151117
yad-x-bible.txt.clean.txt	2700	2615	31021	0.08429773379323684	10.074264214503899	12.21132860830662	0.1126025363015325
yad-x-bible.txt.clean.txt	2750	2662	30871	0.08622979495319232	10.090776236430196	12.238931740164109	0.11315567365638546
yad-x-bible.txt.clean.txt	2800	2706	30721	0.08808307021255818	10.105144930387057	12.266262836277932	0.11373507465208121
yad-x-bible.txt.clean.txt	2850	2751	30571	0.08998724281181512	10.11990197766028	12.290286679105886	0.11428917498220514
yad-x-bible.txt.clean.txt	2900	2793	30421	0.09181157752868084	10.132978529947765	12.315142886874764	0.11483816211319886
yad-x-bible.txt.clean.txt	2950	2837	30271	0.09372006210564567	10.14989437080531	12.337162518267519	0.11510363982749883
yad-x-bible.txt.clean.txt	3000	2879	30121	0.09558115600411674	10.160377171888706	12.361490957805557	0.11582404691408932
yad-x-bible.txt.clean.txt	3050	2928	29971	0.09769443795669147	10.17336642541405	12.38856519663642	0.11656550897648388
yad-x-bible.txt.clean.txt	3100	2967	29821	0.09949364541765869	10.180142999691723	12.411083055011195	0.11744004913763828
yad-x-bible.txt.clean.txt	3150	3010	29671	0.1014458562232483	10.192951518646169	12.433190524990076	0.11791706286258374
yad-x-bible.txt.clean.txt	3200	3052	29521	0.10338403170624301	10.207173730968368	12.450531725627869	0.11821181602752195
yad-x-bible.txt.clean.txt	3250	3092	29371	0.10527390963875932	10.216092508876027	12.471323953726978	0.11887127039571321
yad-x-bible.txt.clean.txt	3300	3132	29261	0.10703666997026759	10.221917876350865	12.495891466985722	0.1197766616632786
yad-x-bible.txt.clean.txt	3350	3173	29161	0.10880971160111107	10.232720843833565	12.519744828031094	0.12026781671101128
yad-x-bible.txt.clean.txt	3400	3214	29061	0.11059495543856027	10.237929349019064	12.54636205367339	0.1212194138167153
yad-x-bible.txt.clean.txt	3450	3249	28961	0.11218535271572114	10.242523982424268	12.568202408584705	0.12200264726824461
yad-x-bible.txt.clean.txt	3500	3286	28861	0.11385606874328678	10.247573170025126	12.589514210999102	0.12279825855096893
yad-x-bible.txt.clean.txt	3550	3325	28761	0.11560794130941206	10.255587431213021	12.609820491852314	0.12338952809261616
yad-x-bible.txt.clean.txt	3600	3370	28661	0.11758138236628171	10.26424136401723	12.633389765570001	0.12410184170936989
yad-x-bible.txt.clean.txt	3650	3408	28561	0.11932355309688036	10.26994689617281	12.653900602899512	0.12482309076727183
yad-x-bible.txt.clean.txt	3700	3448	28461	0.1211482379396367	10.277244502017492	12.674029850642583	0.1254558166704337
yad-x-bible.txt.clean.txt	3750	3491	28361	0.12309156940869503	10.284858902281512	12.694864446559796	0.12613749477862168
yad-x-bible.txt.clean.txt	3800	3529	28261	0.12487173136123987	10.293817298129351	12.714981462015103	0.12653550150011006
yad-x-bible.txt.clean.txt	3850	3569	28161	0.1267355562657576	10.297939246386466	12.735703937817282	0.12738972879283694
yad-x-bible.txt.clean.txt	3900	3604	28061	0.12843448202131072	10.30805624810316	12.749556245715041	0.12757326698359917
yad-x-bible.txt.clean.txt	3950	3647	27961	0.13043167268695682	10.3146984583614	12.768989712842151	0.12827354603747965
yad-x-bible.txt.clean.txt	4000	3681	27861	0.13212016797674167	10.316205381291986	12.787422634656817	0.12913151157946778
yad-x-bible.txt.clean.txt	4050	3714	27761	0.1337848060228378	10.321052340769608	12.802833302929058	0.12966836377024904
yad-x-bible.txt.clean.txt	4100	3742	27661	0.1352807201475001	10.322963056949742	12.818316459782642	0.13030191316712836
yad-x-bible.txt.clean.txt	4150	3779	27561	0.1371140379521788	10.33002589978781	12.833406786085146	0.13074642516752932
yad-x-bible.txt.clean.txt	4200	3814	27461	0.13888787735333746	10.33377815905243	12.851667667661737	0.1314028122677462
yad-x-bible.txt.clean.txt	4250	3851	27361	0.14074777968641497	10.343630110149668	12.865039564593356	0.13159138669559
yad-x-bible.txt.clean.txt	4300	3886	27261	0.14254796229045155	10.34909823479445	12.878347714069777	0.13208341835280635
yad-x-bible.txt.clean.txt	4350	3919	27161	0.14428776554618755	10.352305627088171	12.892580058239647	0.13270177780918813
yad-x-bible.txt.clean.txt	4400	3953	27061	0.14607738073241935	10.359108865357051	12.903670323902036	0.13303699024780902
yad-x-bible.txt.clean.txt	4450	3985	26961	0.1478060902785505	10.362457103717144	12.915817843469688	0.13360019009242607
yad-x-bible.txt.clean.txt	4500	4026	26861	0.14988272960798182	10.369103009015767	12.930870540791364	0.13411363822459976
yad-x-bible.txt.clean.txt	4550	4069	26761	0.15204962445349576	10.374061852158817	12.947313124434132	0.13480691369245867
yad-x-bible.txt.clean.txt	4600	4107	26661	0.15404523461235511	10.379655589861002	12.96101861017384	0.13530750883148968
yad-x-bible.txt.clean.txt	4650	4142	26561	0.15594292383569897	10.388189370751553	12.971582572158145	0.13547830524437277
yad-x-bible.txt.clean.txt	4700	4176	26461	0.15781716488416916	10.39278287312046	12.981903305238198	0.13594412226997188
yad-x-bible.txt.clean.txt	4750	4215	26361	0.15989529987481507	10.39906831209362	12.994111876362481	0.13638446817863703
yad-x-bible.txt.clean.txt	4800	4254	26261	0.1619892616427402	10.40468403606054	13.005365934243704	0.13687054658789954
yad-x-bible.txt.clean.txt	4850	4284	26161	0.16375520813424563	10.407224172617372	13.01621368573617	0.13738532386912405
yad-x-bible.txt.clean.txt	4900	4309	26099	0.1651021111919997	10.41033999778092	13.02382416087121	0.13772703254877394
yad-x-bible.txt.clean.txt	4950	4309	26099	0.1651021111919997	10.41033999778092	13.02382416087121	0.13772703254877394
yad-x-bible.txt.clean.txt	5000	4309	26099	0.1651021111919997	10.41033999778092	13.02382416087121	0.13772703254877394
