file	merge	types	tokens	TTR	H	Hcross	R
yor-x-bible-2010.txt.clean.txt	0	70	91117	0.0007682430281945191	5.03731435732047	8.336961776621347	0.17815601867390496
yor-x-bible-2010.txt.clean.txt	1000	955	32196	0.02966206982233818	8.022434411269316	11.35939626480248	0.18960044841979207
yor-x-bible-2010.txt.clean.txt	2000	1611	29472	0.05466205211726385	8.032706384176489	12.580190023528846	0.24602010213808578
yor-x-bible-2010.txt.clean.txt	3000	1611	29472	0.05466205211726385	8.032706384176489	12.580190023528846	0.24602010213808578
yor-x-bible-2010.txt.clean.txt	4000	1611	29472	0.05466205211726385	8.032706384176489	12.580190023528846	0.24602010213808578
yor-x-bible-2010.txt.clean.txt	5000	1611	29472	0.05466205211726385	8.032706384176489	12.580190023528846	0.24602010213808578
yor-x-bible-2010.txt.clean.txt	6000	1611	29472	0.05466205211726385	8.032706384176489	12.580190023528846	0.24602010213808578
yor-x-bible-2010.txt.clean.txt	7000	1611	29472	0.05466205211726385	8.032706384176489	12.580190023528846	0.24602010213808578
yor-x-bible-2010.txt.clean.txt	8000	1611	29472	0.05466205211726385	8.032706384176489	12.580190023528846	0.24602010213808578
yor-x-bible-2010.txt.clean.txt	9000	1611	29472	0.05466205211726385	8.032706384176489	12.580190023528846	0.24602010213808578
yor-x-bible-2010.txt.clean.txt	10000	1611	29472	0.05466205211726385	8.032706384176489	12.580190023528846	0.24602010213808578
