file	merge	types	tokens	TTR	H	Hcross	R
arn-x-bible.txt.clean.txt	0	50	140926	0.0003547961341413224	4.800351751313336	7.615526401183422	0.1494553387078874
arn-x-bible.txt.clean.txt	50	99	88786	0.0011150406595634447	6.029617570291057	7.7292536925888005	0.0904671575476883
arn-x-bible.txt.clean.txt	100	149	72823	0.002046056877634813	6.720047709993379	7.99779375603628	0.06913826835515258
arn-x-bible.txt.clean.txt	150	198	64745	0.0030581512085875355	7.081595426481561	8.431331110843908	0.07179651193082293
arn-x-bible.txt.clean.txt	200	247	59330	0.004163155233440081	7.359526396837479	8.741885909511998	0.07408324472066452
arn-x-bible.txt.clean.txt	250	297	55281	0.005372551147772291	7.587600244784877	8.99271472864552	0.07629590070695891
arn-x-bible.txt.clean.txt	300	346	52272	0.006619222528313437	7.744003362848364	9.244818092370615	0.08187970425601865
arn-x-bible.txt.clean.txt	350	395	49954	0.0079072746927173	7.882882967949367	9.425689564333346	0.08611766158932788
arn-x-bible.txt.clean.txt	400	441	48073	0.009173548561562623	7.955189661158479	9.65617027850271	0.09441999570630999
arn-x-bible.txt.clean.txt	450	488	46506	0.010493269685631962	8.041229597329195	9.81791670510546	0.09960070558702938
arn-x-bible.txt.clean.txt	500	534	45192	0.011816250663834307	8.103730716335777	9.980871309929682	0.10561718686585952
arn-x-bible.txt.clean.txt	550	579	44055	0.013142662580864828	8.164033888819773	10.123872527135262	0.11042163267949445
arn-x-bible.txt.clean.txt	600	629	43053	0.014609899426288528	8.222695851108668	10.26591076419647	0.11554587907071245
arn-x-bible.txt.clean.txt	650	671	42185	0.015906127770534552	8.269631422358195	10.3738791679301	0.1193309235508605
arn-x-bible.txt.clean.txt	700	716	41403	0.0172934328430307	8.313991728418197	10.481705029480583	0.12334951208673861
arn-x-bible.txt.clean.txt	750	755	40688	0.018555839559575304	8.337035449155648	10.593922283457047	0.12795552270723498
arn-x-bible.txt.clean.txt	800	801	40040	0.020004995004995006	8.369140580890004	10.701833147865703	0.13234118338979317
arn-x-bible.txt.clean.txt	850	846	39461	0.02143888902967487	8.400579795637062	10.793296544136307	0.13614398390292026
arn-x-bible.txt.clean.txt	900	892	38944	0.02290468364831553	8.426174638180493	10.890901293067094	0.14026520786637053
arn-x-bible.txt.clean.txt	950	939	38462	0.024413707035515573	8.454784918852281	10.97982394797079	0.1438176315278733
arn-x-bible.txt.clean.txt	1000	988	38020	0.025986322987901104	8.481858050237342	11.072087545768756	0.1474120473449526
arn-x-bible.txt.clean.txt	1050	1031	37620	0.02740563530037214	8.50274609678167	11.15109248706235	0.15056027212808532
arn-x-bible.txt.clean.txt	1100	1071	37230	0.028767123287671233	8.515753981229613	11.231342583391573	0.15390247120330447
arn-x-bible.txt.clean.txt	1150	1111	36880	0.03012472885032538	8.522957730296842	11.308219596922687	0.15761431344354393
arn-x-bible.txt.clean.txt	1200	1153	36530	0.0315630988228853	8.54205307878959	11.368536827865471	0.16017062246310565
arn-x-bible.txt.clean.txt	1250	1199	36229	0.03309503436473543	8.560519998168704	11.436769235369846	0.162999466783752
arn-x-bible.txt.clean.txt	1300	1240	35929	0.03451251078515962	8.57338116122619	11.494387606759808	0.16569897141125633
arn-x-bible.txt.clean.txt	1350	1281	35646	0.035936710991415585	8.587575099230852	11.550894689446128	0.16811687057769298
arn-x-bible.txt.clean.txt	1400	1327	35396	0.03749011187704825	8.594949050247203	11.626601471547046	0.17148753847474596
arn-x-bible.txt.clean.txt	1450	1370	35146	0.03898025379844079	8.605091875520582	11.683782293243446	0.1741722877392171
arn-x-bible.txt.clean.txt	1500	1415	34896	0.04054906006419074	8.617079872917461	11.742461051804032	0.1767057954833443
arn-x-bible.txt.clean.txt	1550	1460	34681	0.042097978720336784	8.62922435419204	11.796503508064912	0.17908795626965668
arn-x-bible.txt.clean.txt	1600	1502	34481	0.043560221571300135	8.635888057303525	11.853197564170415	0.18163945277714177
arn-x-bible.txt.clean.txt	1650	1543	34281	0.045010355590560366	8.64512234025902	11.9001802495232	0.18376961711664697
arn-x-bible.txt.clean.txt	1700	1585	34081	0.04650685132478507	8.649198208796864	11.952462720067716	0.1863611603480676
arn-x-bible.txt.clean.txt	1750	1632	33885	0.04816290393979637	8.657047823684115	12.006966917155243	0.18883969235760267
arn-x-bible.txt.clean.txt	1800	1676	33735	0.04968133985475026	8.661519583614233	12.065312776198152	0.19132890345562203
arn-x-bible.txt.clean.txt	1850	1716	33585	0.05109423849933006	8.66310463356772	12.120045315037988	0.1937423356577722
arn-x-bible.txt.clean.txt	1900	1757	33435	0.052549723343801404	8.667444890505303	12.16736182191776	0.1958876957791872
arn-x-bible.txt.clean.txt	1950	1798	33285	0.05401832657353162	8.670774088013076	12.211804323073578	0.19805476334625116
arn-x-bible.txt.clean.txt	2000	1841	33135	0.055560585483627585	8.675038841271444	12.255078562719241	0.20018257770591685
arn-x-bible.txt.clean.txt	2050	1883	32985	0.05708655449446718	8.677584140981294	12.298509117671047	0.20234121835524443
arn-x-bible.txt.clean.txt	2100	1919	32835	0.058443733820618245	8.678938669050556	12.335246505581347	0.20421528901491048
arn-x-bible.txt.clean.txt	2150	1958	32685	0.05990515527000153	8.681427726214077	12.369564360453806	0.20609998232000137
arn-x-bible.txt.clean.txt	2200	2003	32563	0.061511531492798574	8.684556097970138	12.414975445612246	0.20818760968563388
arn-x-bible.txt.clean.txt	2250	2042	32463	0.06290238117241168	8.686505267337157	12.455089795203726	0.21001371271819758
arn-x-bible.txt.clean.txt	2300	2087	32363	0.06448722306337484	8.686541775843649	12.507497735611288	0.21226330797871795
arn-x-bible.txt.clean.txt	2350	2127	32263	0.06592691318228311	8.688459743527943	12.547277798578449	0.21404154381069973
arn-x-bible.txt.clean.txt	2400	2159	32163	0.06712682274663433	8.686410111433592	12.581685277152808	0.2157552895122523
arn-x-bible.txt.clean.txt	2450	2196	32063	0.0684901599975049	8.685081527310441	12.620537610907089	0.21760690830194496
arn-x-bible.txt.clean.txt	2500	2239	31963	0.07004974501767669	8.686262685781443	12.660344950923344	0.21946764273186992
arn-x-bible.txt.clean.txt	2550	2278	31863	0.07149358189749867	8.686675209650465	12.694895882528545	0.2211740990712764
arn-x-bible.txt.clean.txt	2600	2323	31763	0.07313540912382331	8.689080824360857	12.731539044142805	0.22292462175959593
arn-x-bible.txt.clean.txt	2650	2364	31663	0.07466127656886587	8.689389983438156	12.765860554944595	0.22464719548065082
arn-x-bible.txt.clean.txt	2700	2401	31563	0.076070082058106	8.687112780020133	12.799813845920808	0.22639699813471947
arn-x-bible.txt.clean.txt	2750	2443	31463	0.07764675968598035	8.689546660718522	12.828547176369925	0.22790044725099212
arn-x-bible.txt.clean.txt	2800	2480	31363	0.07907406816949909	8.688935151887007	12.855702018572833	0.22943958051554603
arn-x-bible.txt.clean.txt	2850	2518	31263	0.0805424943223619	8.689397280905098	12.882513301716422	0.23089492301692804
arn-x-bible.txt.clean.txt	2900	2550	31163	0.08182780861919584	8.686598891537406	12.908964262134921	0.2323804540238429
arn-x-bible.txt.clean.txt	2950	2580	31063	0.08305701316679007	8.685746400826488	12.93158011710113	0.23359857582924315
arn-x-bible.txt.clean.txt	3000	2623	30963	0.08471401349998385	8.687224757041687	12.9599179921251	0.23507764756349103
arn-x-bible.txt.clean.txt	3050	2654	30863	0.0859929365259372	8.684467621164774	12.981309862743133	0.23646001664474858
arn-x-bible.txt.clean.txt	3100	2693	30763	0.08754022689594643	8.682659352382977	13.007835718924674	0.2380289175700091
arn-x-bible.txt.clean.txt	3150	2698	30749	0.08774269081921364	8.682361526670757	13.010993203363572	0.23823395505852707
arn-x-bible.txt.clean.txt	3200	2698	30749	0.08774269081921364	8.682361526670757	13.010993203363572	0.23823395505852707
arn-x-bible.txt.clean.txt	3250	2698	30749	0.08774269081921364	8.682361526670757	13.010993203363572	0.23823395505852707
arn-x-bible.txt.clean.txt	3300	2698	30749	0.08774269081921364	8.682361526670757	13.010993203363572	0.23823395505852707
arn-x-bible.txt.clean.txt	3350	2698	30749	0.08774269081921364	8.682361526670757	13.010993203363572	0.23823395505852707
arn-x-bible.txt.clean.txt	3400	2698	30749	0.08774269081921364	8.682361526670757	13.010993203363572	0.23823395505852707
arn-x-bible.txt.clean.txt	3450	2698	30749	0.08774269081921364	8.682361526670757	13.010993203363572	0.23823395505852707
arn-x-bible.txt.clean.txt	3500	2698	30749	0.08774269081921364	8.682361526670757	13.010993203363572	0.23823395505852707
arn-x-bible.txt.clean.txt	3550	2698	30749	0.08774269081921364	8.682361526670757	13.010993203363572	0.23823395505852707
arn-x-bible.txt.clean.txt	3600	2698	30749	0.08774269081921364	8.682361526670757	13.010993203363572	0.23823395505852707
arn-x-bible.txt.clean.txt	3650	2698	30749	0.08774269081921364	8.682361526670757	13.010993203363572	0.23823395505852707
arn-x-bible.txt.clean.txt	3700	2698	30749	0.08774269081921364	8.682361526670757	13.010993203363572	0.23823395505852707
arn-x-bible.txt.clean.txt	3750	2698	30749	0.08774269081921364	8.682361526670757	13.010993203363572	0.23823395505852707
arn-x-bible.txt.clean.txt	3800	2698	30749	0.08774269081921364	8.682361526670757	13.010993203363572	0.23823395505852707
arn-x-bible.txt.clean.txt	3850	2698	30749	0.08774269081921364	8.682361526670757	13.010993203363572	0.23823395505852707
arn-x-bible.txt.clean.txt	3900	2698	30749	0.08774269081921364	8.682361526670757	13.010993203363572	0.23823395505852707
arn-x-bible.txt.clean.txt	3950	2698	30749	0.08774269081921364	8.682361526670757	13.010993203363572	0.23823395505852707
arn-x-bible.txt.clean.txt	4000	2698	30749	0.08774269081921364	8.682361526670757	13.010993203363572	0.23823395505852707
arn-x-bible.txt.clean.txt	4050	2698	30749	0.08774269081921364	8.682361526670757	13.010993203363572	0.23823395505852707
arn-x-bible.txt.clean.txt	4100	2698	30749	0.08774269081921364	8.682361526670757	13.010993203363572	0.23823395505852707
arn-x-bible.txt.clean.txt	4150	2698	30749	0.08774269081921364	8.682361526670757	13.010993203363572	0.23823395505852707
arn-x-bible.txt.clean.txt	4200	2698	30749	0.08774269081921364	8.682361526670757	13.010993203363572	0.23823395505852707
arn-x-bible.txt.clean.txt	4250	2698	30749	0.08774269081921364	8.682361526670757	13.010993203363572	0.23823395505852707
arn-x-bible.txt.clean.txt	4300	2698	30749	0.08774269081921364	8.682361526670757	13.010993203363572	0.23823395505852707
arn-x-bible.txt.clean.txt	4350	2698	30749	0.08774269081921364	8.682361526670757	13.010993203363572	0.23823395505852707
arn-x-bible.txt.clean.txt	4400	2698	30749	0.08774269081921364	8.682361526670757	13.010993203363572	0.23823395505852707
arn-x-bible.txt.clean.txt	4450	2698	30749	0.08774269081921364	8.682361526670757	13.010993203363572	0.23823395505852707
arn-x-bible.txt.clean.txt	4500	2698	30749	0.08774269081921364	8.682361526670757	13.010993203363572	0.23823395505852707
arn-x-bible.txt.clean.txt	4550	2698	30749	0.08774269081921364	8.682361526670757	13.010993203363572	0.23823395505852707
arn-x-bible.txt.clean.txt	4600	2698	30749	0.08774269081921364	8.682361526670757	13.010993203363572	0.23823395505852707
arn-x-bible.txt.clean.txt	4650	2698	30749	0.08774269081921364	8.682361526670757	13.010993203363572	0.23823395505852707
arn-x-bible.txt.clean.txt	4700	2698	30749	0.08774269081921364	8.682361526670757	13.010993203363572	0.23823395505852707
arn-x-bible.txt.clean.txt	4750	2698	30749	0.08774269081921364	8.682361526670757	13.010993203363572	0.23823395505852707
arn-x-bible.txt.clean.txt	4800	2698	30749	0.08774269081921364	8.682361526670757	13.010993203363572	0.23823395505852707
arn-x-bible.txt.clean.txt	4850	2698	30749	0.08774269081921364	8.682361526670757	13.010993203363572	0.23823395505852707
arn-x-bible.txt.clean.txt	4900	2698	30749	0.08774269081921364	8.682361526670757	13.010993203363572	0.23823395505852707
arn-x-bible.txt.clean.txt	4950	2698	30749	0.08774269081921364	8.682361526670757	13.010993203363572	0.23823395505852707
arn-x-bible.txt.clean.txt	5000	2698	30749	0.08774269081921364	8.682361526670757	13.010993203363572	0.23823395505852707
