file	merge	types	tokens	TTR	H	Hcross	R
qvi-x-bible.txt.clean.txt	0	54	174561	0.00030934744874284634	4.196014941536557	9.342890576206083	0.27087802499021485
qvi-x-bible.txt.clean.txt	50	103	93563	0.0011008625204407725	5.971386418147541	8.191738555097839	0.10694893481701839
qvi-x-bible.txt.clean.txt	100	153	74346	0.0020579452828665967	6.6920746018634905	8.252784046128944	0.0778948642517936
qvi-x-bible.txt.clean.txt	150	203	64921	0.0031268772816191986	7.068988303482383	8.581344277282195	0.07779797521538767
qvi-x-bible.txt.clean.txt	200	252	58906	0.004278002240858316	7.405737785956195	8.800915752565766	0.0716462432087962
qvi-x-bible.txt.clean.txt	250	301	54874	0.005485293581659802	7.660755838836606	9.00456778568888	0.06957618403726695
qvi-x-bible.txt.clean.txt	300	350	51774	0.006760149882180245	7.861075561093259	9.193712205498237	0.06982851841351312
qvi-x-bible.txt.clean.txt	350	398	49264	0.008078921727833713	8.052630162137389	9.335831115017747	0.067618367598973
qvi-x-bible.txt.clean.txt	400	445	47269	0.009414203812223656	8.1890473143612	9.506163892098854	0.06917908920501437
qvi-x-bible.txt.clean.txt	450	494	45603	0.01083262066092143	8.337071372704775	9.63753931734141	0.06831367589857473
qvi-x-bible.txt.clean.txt	500	538	44185	0.012176077854475501	8.439070919487213	9.75632336676944	0.06971218286476832
qvi-x-bible.txt.clean.txt	550	585	42935	0.013625247467101432	8.540962607655207	9.881498454641186	0.07085612044366318
qvi-x-bible.txt.clean.txt	600	634	41850	0.015149342891278375	8.63246648894781	10.024525224591581	0.07260936016653408
qvi-x-bible.txt.clean.txt	650	684	40890	0.01672780630961115	8.729007967191208	10.127882830060546	0.07314242250087255
qvi-x-bible.txt.clean.txt	700	732	40032	0.01828537170263789	8.803737389592694	10.244261036982563	0.0748197674149983
qvi-x-bible.txt.clean.txt	750	778	39256	0.019818626452007337	8.879931143824178	10.328321181236099	0.07535645132006175
qvi-x-bible.txt.clean.txt	800	822	38533	0.021332364466820648	8.935933241780868	10.415066375880809	0.07715189092017094
qvi-x-bible.txt.clean.txt	850	869	37859	0.02295359095591537	8.993974267177412	10.508490291948794	0.07878944662226783
qvi-x-bible.txt.clean.txt	900	917	37250	0.024617449664429532	9.067747804637996	10.57486085288753	0.07855376119235224
qvi-x-bible.txt.clean.txt	950	964	36683	0.02627920290052613	9.129404519088187	10.646244690282174	0.07903697807643906
qvi-x-bible.txt.clean.txt	1000	1013	36153	0.028019804718833845	9.191194844399533	10.71031090321647	0.07944615078731887
qvi-x-bible.txt.clean.txt	1050	1062	35662	0.02977959733049184	9.244288274840308	10.782882214305781	0.0804053025932201
qvi-x-bible.txt.clean.txt	1100	1108	35212	0.03146654549585368	9.290057808877345	10.848060718529918	0.0814420956801597
qvi-x-bible.txt.clean.txt	1150	1156	34784	0.033233670653173876	9.328466823404668	10.928474000025023	0.0831906674809223
qvi-x-bible.txt.clean.txt	1200	1204	34384	0.03501628664495114	9.375504120328102	10.985061247773448	0.08385259405138523
qvi-x-bible.txt.clean.txt	1250	1249	34017	0.03671693564982215	9.411945029412655	11.051235433952789	0.0850248209813762
qvi-x-bible.txt.clean.txt	1300	1292	33667	0.038375857664775595	9.447680512586453	11.100016905767113	0.08589030618512716
qvi-x-bible.txt.clean.txt	1350	1337	33317	0.04012966353513221	9.480068759942698	11.159378406793005	0.08711929029263821
qvi-x-bible.txt.clean.txt	1400	1384	33017	0.04191779992125269	9.513080659681016	11.216086846688682	0.088316281888696
qvi-x-bible.txt.clean.txt	1450	1431	32717	0.04373872910107895	9.546629269568676	11.272358968928835	0.08930609918855359
qvi-x-bible.txt.clean.txt	1500	1479	32417	0.04562420951969646	9.583118766016698	11.322234112310806	0.08995736163998114
qvi-x-bible.txt.clean.txt	1550	1519	32146	0.04725315746904747	9.608411696744408	11.36436834692337	0.09087926827210302
qvi-x-bible.txt.clean.txt	1600	1565	31896	0.04906571356909958	9.63487997716302	11.414351214398746	0.09207235675166214
qvi-x-bible.txt.clean.txt	1650	1610	31646	0.050875308095809896	9.66246884828669	11.45837758148253	0.0929682284145924
qvi-x-bible.txt.clean.txt	1700	1654	31396	0.05268187030194929	9.68353658932406	11.505937962779537	0.09429771000767162
qvi-x-bible.txt.clean.txt	1750	1701	31146	0.05461375457522635	9.711879924386391	11.549310161007039	0.09506816850780975
qvi-x-bible.txt.clean.txt	1800	1743	30944	0.056327559462254394	9.733365898039619	11.591742190800433	0.09603015578422813
qvi-x-bible.txt.clean.txt	1850	1789	30744	0.05819021597710122	9.757056213232913	11.633448754049336	0.09698172174833086
qvi-x-bible.txt.clean.txt	1900	1835	30544	0.06007726558407543	9.783039067520601	11.674122716547338	0.09763584352396071
qvi-x-bible.txt.clean.txt	1950	1880	30344	0.06195623517005009	9.805658548565196	11.712004329812606	0.09845600418413358
qvi-x-bible.txt.clean.txt	2000	1927	30144	0.06392648619957537	9.828346821139597	11.75169559264255	0.0993200188147162
qvi-x-bible.txt.clean.txt	2050	1973	29944	0.06588966069997329	9.852113620262081	11.785483023516573	0.09994921480803542
qvi-x-bible.txt.clean.txt	2100	2013	29774	0.06760932357090078	9.867485640025428	11.823300037666588	0.100923239165157
qvi-x-bible.txt.clean.txt	2150	2062	29624	0.06960572508776668	9.88974246041148	11.862732372139815	0.10173511285994796
qvi-x-bible.txt.clean.txt	2200	2108	29474	0.07152066227861845	9.904225818026077	11.903922456070951	0.10301290032508226
qvi-x-bible.txt.clean.txt	2250	2154	29324	0.07345519028781886	9.923510736522388	11.941018574932649	0.10379412027229185
qvi-x-bible.txt.clean.txt	2300	2193	29174	0.07516967162541989	9.938529683912277	11.970114021873002	0.1045312917701009
qvi-x-bible.txt.clean.txt	2350	2235	29024	0.07700523704520397	9.95249429491687	12.002999332136167	0.10547893094138716
qvi-x-bible.txt.clean.txt	2400	2281	28874	0.07899840687123363	9.968558346835064	12.037217982067823	0.10639573541798686
qvi-x-bible.txt.clean.txt	2450	2317	28724	0.0806642528895697	9.979006728934275	12.064164297279305	0.10726704772214923
qvi-x-bible.txt.clean.txt	2500	2362	28574	0.08266256036956673	9.99505545200599	12.093563028870594	0.10804570193692453
qvi-x-bible.txt.clean.txt	2550	2403	28424	0.084541232761047	10.007540899559446	12.121825077698638	0.10890582460693554
qvi-x-bible.txt.clean.txt	2600	2451	28274	0.0866874160005659	10.029798741092392	12.147125741027919	0.10918723945191611
qvi-x-bible.txt.clean.txt	2650	2494	28141	0.0886251376994421	10.044567905190235	12.177099427686315	0.10985916756183267
qvi-x-bible.txt.clean.txt	2700	2532	28041	0.09029635177062159	10.053479647630914	12.208027208058411	0.11078853770704666
qvi-x-bible.txt.clean.txt	2750	2577	27941	0.09223005618982857	10.066513146308177	12.24064985471021	0.11163272849935968
qvi-x-bible.txt.clean.txt	2800	2620	27841	0.09410581516468518	10.077888770599339	12.272151079408793	0.11249870787594385
qvi-x-bible.txt.clean.txt	2850	2663	27741	0.09599509750910205	10.088604558260617	12.301349740789894	0.11338875734564868
qvi-x-bible.txt.clean.txt	2900	2703	27641	0.09778951557468978	10.09578056404689	12.331138779284982	0.11443207563794644
qvi-x-bible.txt.clean.txt	2950	2748	27541	0.09977851203659997	10.10578574254311	12.360871972003556	0.11540277976918212
qvi-x-bible.txt.clean.txt	3000	2790	27441	0.10167267956707117	10.117199201193552	12.386433916951933	0.11609684340024151
qvi-x-bible.txt.clean.txt	3050	2838	27341	0.10380015361544932	10.130915172332099	12.414233714003	0.11679744960057303
qvi-x-bible.txt.clean.txt	3100	2881	27241	0.10575970045152527	10.14113414367091	12.440023414248664	0.11757554700601958
qvi-x-bible.txt.clean.txt	3150	2922	27141	0.10765999778932243	10.151162972893012	12.462791383776514	0.11826701855302002
qvi-x-bible.txt.clean.txt	3200	2967	27041	0.10972227358455679	10.162291827745072	12.48829536298527	0.11898764325655675
qvi-x-bible.txt.clean.txt	3250	3008	26941	0.11165138636279277	10.171184267538898	12.512223872211326	0.11972772046647773
qvi-x-bible.txt.clean.txt	3300	3050	26841	0.11363212995044894	10.181249041979715	12.534953732554783	0.12037956080850754
qvi-x-bible.txt.clean.txt	3350	3086	26741	0.11540331326427583	10.187742389226381	12.554603773609417	0.12110402028079181
qvi-x-bible.txt.clean.txt	3400	3122	26641	0.11718779325100409	10.19534828076203	12.573063847048541	0.12171567241449788
qvi-x-bible.txt.clean.txt	3450	3167	26541	0.11932481820579481	10.204881199344708	12.596280253926018	0.12245524612057768
qvi-x-bible.txt.clean.txt	3500	3205	26441	0.12121326727430884	10.210916197142335	12.616366885441629	0.12323364726727859
qvi-x-bible.txt.clean.txt	3550	3243	26341	0.12311605481948293	10.217961117764501	12.636032894277228	0.12390792685204932
qvi-x-bible.txt.clean.txt	3600	3289	26241	0.12533821119621966	10.230726851781574	12.652830394328449	0.12433900246981922
qvi-x-bible.txt.clean.txt	3650	3337	26141	0.12765387705137524	10.242925076189872	12.672543256981339	0.12486064126923913
qvi-x-bible.txt.clean.txt	3700	3382	26041	0.129872124726393	10.255802147314272	12.68894649477637	0.12520481478062606
qvi-x-bible.txt.clean.txt	3750	3421	25941	0.1318761805635866	10.263633367401404	12.705849557401816	0.12577032085742923
qvi-x-bible.txt.clean.txt	3800	3443	25881	0.133031953943047	10.268142559325248	12.714691394630833	0.1260746543496165
qvi-x-bible.txt.clean.txt	3850	3443	25881	0.133031953943047	10.268142559325248	12.714691394630833	0.1260746543496165
qvi-x-bible.txt.clean.txt	3900	3443	25881	0.133031953943047	10.268142559325248	12.714691394630833	0.1260746543496165
qvi-x-bible.txt.clean.txt	3950	3443	25881	0.133031953943047	10.268142559325248	12.714691394630833	0.1260746543496165
qvi-x-bible.txt.clean.txt	4000	3443	25881	0.133031953943047	10.268142559325248	12.714691394630833	0.1260746543496165
qvi-x-bible.txt.clean.txt	4050	3443	25881	0.133031953943047	10.268142559325248	12.714691394630833	0.1260746543496165
qvi-x-bible.txt.clean.txt	4100	3443	25881	0.133031953943047	10.268142559325248	12.714691394630833	0.1260746543496165
qvi-x-bible.txt.clean.txt	4150	3443	25881	0.133031953943047	10.268142559325248	12.714691394630833	0.1260746543496165
qvi-x-bible.txt.clean.txt	4200	3443	25881	0.133031953943047	10.268142559325248	12.714691394630833	0.1260746543496165
qvi-x-bible.txt.clean.txt	4250	3443	25881	0.133031953943047	10.268142559325248	12.714691394630833	0.1260746543496165
qvi-x-bible.txt.clean.txt	4300	3443	25881	0.133031953943047	10.268142559325248	12.714691394630833	0.1260746543496165
qvi-x-bible.txt.clean.txt	4350	3443	25881	0.133031953943047	10.268142559325248	12.714691394630833	0.1260746543496165
qvi-x-bible.txt.clean.txt	4400	3443	25881	0.133031953943047	10.268142559325248	12.714691394630833	0.1260746543496165
qvi-x-bible.txt.clean.txt	4450	3443	25881	0.133031953943047	10.268142559325248	12.714691394630833	0.1260746543496165
qvi-x-bible.txt.clean.txt	4500	3443	25881	0.133031953943047	10.268142559325248	12.714691394630833	0.1260746543496165
qvi-x-bible.txt.clean.txt	4550	3443	25881	0.133031953943047	10.268142559325248	12.714691394630833	0.1260746543496165
qvi-x-bible.txt.clean.txt	4600	3443	25881	0.133031953943047	10.268142559325248	12.714691394630833	0.1260746543496165
qvi-x-bible.txt.clean.txt	4650	3443	25881	0.133031953943047	10.268142559325248	12.714691394630833	0.1260746543496165
qvi-x-bible.txt.clean.txt	4700	3443	25881	0.133031953943047	10.268142559325248	12.714691394630833	0.1260746543496165
qvi-x-bible.txt.clean.txt	4750	3443	25881	0.133031953943047	10.268142559325248	12.714691394630833	0.1260746543496165
qvi-x-bible.txt.clean.txt	4800	3443	25881	0.133031953943047	10.268142559325248	12.714691394630833	0.1260746543496165
qvi-x-bible.txt.clean.txt	4850	3443	25881	0.133031953943047	10.268142559325248	12.714691394630833	0.1260746543496165
qvi-x-bible.txt.clean.txt	4900	3443	25881	0.133031953943047	10.268142559325248	12.714691394630833	0.1260746543496165
qvi-x-bible.txt.clean.txt	4950	3443	25881	0.133031953943047	10.268142559325248	12.714691394630833	0.1260746543496165
qvi-x-bible.txt.clean.txt	5000	3443	25881	0.133031953943047	10.268142559325248	12.714691394630833	0.1260746543496165
