file	merge	types	tokens	TTR	H	Hcross	R
tgl-x-bible-1996.txt.clean.txt	0	52	127995	0.0004062658697605375	4.343692691670558	8.370009888702716	0.23800743338322117
tgl-x-bible-1996.txt.clean.txt	50	102	76918	0.0013260875217764373	6.087452250054237	7.821418566174853	0.08767023412575448
tgl-x-bible-1996.txt.clean.txt	100	152	65289	0.002328110401445879	6.6174167749934725	8.237451139009622	0.08699186592037933
tgl-x-bible-1996.txt.clean.txt	150	201	59216	0.0033943528776006486	6.965376316492414	8.570186672733263	0.08961844754977222
tgl-x-bible-1996.txt.clean.txt	200	250	55109	0.004536464098423125	7.224839658762409	8.86680967545203	0.09301590394888648
tgl-x-bible-1996.txt.clean.txt	250	299	52046	0.005744917957191715	7.423793553814665	9.10281622433923	0.09730155125016626
tgl-x-bible-1996.txt.clean.txt	300	348	49723	0.006998773203547654	7.588586295056377	9.342359766063733	0.10119186527926272
tgl-x-bible-1996.txt.clean.txt	350	397	47867	0.008293814109929597	7.721625652612463	9.552689378333124	0.10556817462751589
tgl-x-bible-1996.txt.clean.txt	400	446	46282	0.009636575774599197	7.824018509959341	9.752693422125468	0.1109978980637889
tgl-x-bible-1996.txt.clean.txt	450	492	44906	0.010956219658842916	7.924061342832037	9.898241538527964	0.11388890248924088
tgl-x-bible-1996.txt.clean.txt	500	540	43699	0.012357262179912584	8.011248843099821	10.041644640656372	0.11739433753586737
tgl-x-bible-1996.txt.clean.txt	550	588	42655	0.013785019341226116	8.075150757476177	10.19708456087438	0.12223496068219908
tgl-x-bible-1996.txt.clean.txt	600	635	41721	0.015220152920591548	8.13857453354429	10.317700567314398	0.12588196669761342
tgl-x-bible-1996.txt.clean.txt	650	685	40888	0.01675308158873019	8.195243619437935	10.46398415846419	0.13001292312148138
tgl-x-bible-1996.txt.clean.txt	700	734	40123	0.018293746728808912	8.264502618573065	10.56163785246095	0.13184680600535337
tgl-x-bible-1996.txt.clean.txt	750	780	39427	0.01978339716437974	8.30787544424853	10.67084967574598	0.13525660376653792
tgl-x-bible-1996.txt.clean.txt	800	827	38787	0.02132157681697476	8.356433934885217	10.764483663731689	0.13777805630583162
tgl-x-bible-1996.txt.clean.txt	850	869	38188	0.02275583953074264	8.393193718401928	10.846815271471826	0.14032457729478742
tgl-x-bible-1996.txt.clean.txt	900	913	37638	0.024257399436739466	8.42405809765992	10.930792291722735	0.14341523251792632
tgl-x-bible-1996.txt.clean.txt	950	957	37137	0.025769448259148557	8.45870814663232	11.00412099234894	0.1457899696954308
tgl-x-bible-1996.txt.clean.txt	1000	999	36661	0.027249665857450697	8.478278512195818	11.084586015680904	0.14913804889995042
tgl-x-bible-1996.txt.clean.txt	1050	1047	36218	0.028908277651996245	8.504317334150365	11.169611230162815	0.1522848314655595
tgl-x-bible-1996.txt.clean.txt	1100	1093	35818	0.03051538332681892	8.530290290890449	11.246429574189055	0.15492127596770766
tgl-x-bible-1996.txt.clean.txt	1150	1136	35424	0.032068654019873535	8.552047363165167	11.312150658193072	0.15741276482339428
tgl-x-bible-1996.txt.clean.txt	1200	1177	35074	0.03355762102982266	8.568898123440782	11.374373592577818	0.15998595268769578
tgl-x-bible-1996.txt.clean.txt	1250	1221	34724	0.035162999654417694	8.587824617928563	11.439225747238755	0.1624778279078224
tgl-x-bible-1996.txt.clean.txt	1300	1264	34409	0.0367345752564736	8.59919586705982	11.51344320737808	0.16543295347378684
tgl-x-bible-1996.txt.clean.txt	1350	1311	34109	0.03843560350640594	8.614477312699059	11.580011384542793	0.1682018767171859
tgl-x-bible-1996.txt.clean.txt	1400	1354	33809	0.04004850779378272	8.631834991295765	11.630694657401012	0.1702561746795489
tgl-x-bible-1996.txt.clean.txt	1450	1395	33535	0.04159833010287759	8.642885665304387	11.683334150427141	0.172616811505101
tgl-x-bible-1996.txt.clean.txt	1500	1434	33285	0.04308246958089229	8.652435233350747	11.735277077534896	0.17484492846261313
tgl-x-bible-1996.txt.clean.txt	1550	1482	33035	0.04486151051914636	8.674653896509735	11.782902864929316	0.17645662701467713
tgl-x-bible-1996.txt.clean.txt	1600	1518	32785	0.046301662345584874	8.682413621845942	11.825139800258675	0.17842073151268245
tgl-x-bible-1996.txt.clean.txt	1650	1557	32560	0.04781941031941032	8.68781504631052	11.872739742012298	0.1807467171283158
tgl-x-bible-1996.txt.clean.txt	1700	1599	32360	0.04941285537700865	8.693184312139552	11.92343878824104	0.18319818636814444
tgl-x-bible-1996.txt.clean.txt	1750	1640	32160	0.05099502487562189	8.697662438141846	11.975056568072777	0.18557248507400426
tgl-x-bible-1996.txt.clean.txt	1800	1681	31960	0.052596996245306636	8.70635128646416	12.021076214279308	0.18746926964409394
tgl-x-bible-1996.txt.clean.txt	1850	1715	31760	0.05399874055415617	8.707275690546886	12.059382997126706	0.18956799365485744
tgl-x-bible-1996.txt.clean.txt	1900	1754	31560	0.05557667934093789	8.713899433656849	12.09695329898715	0.19139297693199497
tgl-x-bible-1996.txt.clean.txt	1950	1802	31401	0.05738670742969969	8.720737883646935	12.146731413071457	0.1936727857788828
tgl-x-bible-1996.txt.clean.txt	2000	1837	31251	0.05878211897219289	8.722973883397646	12.185913218239811	0.19553033781870222
tgl-x-bible-1996.txt.clean.txt	2050	1871	31101	0.06015883733642005	8.719516591697676	12.233494197197444	0.19780658620286218
tgl-x-bible-1996.txt.clean.txt	2100	1909	30951	0.06167813640916287	8.721837959945502	12.271675923566447	0.19972869454370823
tgl-x-bible-1996.txt.clean.txt	2150	1949	30801	0.06327716632576864	8.726854637261917	12.313062762662513	0.20146040500609186
tgl-x-bible-1996.txt.clean.txt	2200	1989	30651	0.064891846921797	8.729610197937465	12.350779099299295	0.203344809956723
tgl-x-bible-1996.txt.clean.txt	2250	2028	30501	0.06648962329103963	8.730470363288434	12.387702993556223	0.2052980178167496
tgl-x-bible-1996.txt.clean.txt	2300	2064	30351	0.0680043491153504	8.73054073979	12.42195885486978	0.20712373495969483
tgl-x-bible-1996.txt.clean.txt	2350	2097	30201	0.06943478692758517	8.731553709588164	12.44850294277254	0.20867629535551457
tgl-x-bible-1996.txt.clean.txt	2400	2129	30084	0.07076851482515623	8.730790406145553	12.483094177574998	0.21030917070966915
tgl-x-bible-1996.txt.clean.txt	2450	2157	29984	0.07193836712913554	8.727184825691296	12.515219897581929	0.2119788545097291
tgl-x-bible-1996.txt.clean.txt	2500	2183	29884	0.07304912327666979	8.72440503771437	12.542962804794648	0.21345751864151896
tgl-x-bible-1996.txt.clean.txt	2550	2213	29784	0.07430163846360462	8.722433037514715	12.574472964611008	0.21502882840247628
tgl-x-bible-1996.txt.clean.txt	2600	2243	29684	0.07556259264250101	8.719141780829961	12.604167949144127	0.21669443645801678
tgl-x-bible-1996.txt.clean.txt	2650	2276	29584	0.07693347755543536	8.715198477188181	12.640012316995948	0.21852798772438342
tgl-x-bible-1996.txt.clean.txt	2700	2308	29484	0.07827974494641161	8.716890052895975	12.667519718340202	0.21978549011388582
tgl-x-bible-1996.txt.clean.txt	2750	2342	29384	0.07970323985842635	8.713579413987121	12.702145493977698	0.22155182274077134
tgl-x-bible-1996.txt.clean.txt	2800	2384	29284	0.08140964349132632	8.712679552700674	12.739467865479588	0.22341129498055134
tgl-x-bible-1996.txt.clean.txt	2850	2416	29184	0.08278508771929824	8.713561102299193	12.765990644281395	0.22466210245934903
tgl-x-bible-1996.txt.clean.txt	2900	2453	29084	0.08434190620272315	8.711223684414612	12.79829924042114	0.226379465821404
tgl-x-bible-1996.txt.clean.txt	2950	2492	28984	0.08597847088048578	8.71451055438253	12.829055505828602	0.22764846984053466
tgl-x-bible-1996.txt.clean.txt	3000	2526	28884	0.08745326132114666	8.715426623136102	12.852986782568413	0.22890338425360113
tgl-x-bible-1996.txt.clean.txt	3050	2548	28784	0.08852140077821012	8.710162257644065	12.87131346761625	0.23022119948830688
tgl-x-bible-1996.txt.clean.txt	3100	2571	28684	0.08963185050899457	8.705685434443623	12.891016445748704	0.23149735999617982
tgl-x-bible-1996.txt.clean.txt	3150	2601	28584	0.09099496221662469	8.702847072368103	12.914148566950917	0.23288130317257194
tgl-x-bible-1996.txt.clean.txt	3200	2631	28484	0.09236764499368066	8.701747260750846	12.933818655464432	0.234095209928311
tgl-x-bible-1996.txt.clean.txt	3250	2655	28384	0.09353861330326944	8.696539660825898	12.953398953099263	0.23543517449605766
tgl-x-bible-1996.txt.clean.txt	3300	2671	28318	0.09432163288367823	8.693524752423738	12.96537404620598	0.23628223634728673
tgl-x-bible-1996.txt.clean.txt	3350	2671	28318	0.09432163288367823	8.693524752423738	12.96537404620598	0.23628223634728673
tgl-x-bible-1996.txt.clean.txt	3400	2671	28318	0.09432163288367823	8.693524752423738	12.96537404620598	0.23628223634728673
tgl-x-bible-1996.txt.clean.txt	3450	2671	28318	0.09432163288367823	8.693524752423738	12.96537404620598	0.23628223634728673
tgl-x-bible-1996.txt.clean.txt	3500	2671	28318	0.09432163288367823	8.693524752423738	12.96537404620598	0.23628223634728673
tgl-x-bible-1996.txt.clean.txt	3550	2671	28318	0.09432163288367823	8.693524752423738	12.96537404620598	0.23628223634728673
tgl-x-bible-1996.txt.clean.txt	3600	2671	28318	0.09432163288367823	8.693524752423738	12.96537404620598	0.23628223634728673
tgl-x-bible-1996.txt.clean.txt	3650	2671	28318	0.09432163288367823	8.693524752423738	12.96537404620598	0.23628223634728673
tgl-x-bible-1996.txt.clean.txt	3700	2671	28318	0.09432163288367823	8.693524752423738	12.96537404620598	0.23628223634728673
tgl-x-bible-1996.txt.clean.txt	3750	2671	28318	0.09432163288367823	8.693524752423738	12.96537404620598	0.23628223634728673
tgl-x-bible-1996.txt.clean.txt	3800	2671	28318	0.09432163288367823	8.693524752423738	12.96537404620598	0.23628223634728673
tgl-x-bible-1996.txt.clean.txt	3850	2671	28318	0.09432163288367823	8.693524752423738	12.96537404620598	0.23628223634728673
tgl-x-bible-1996.txt.clean.txt	3900	2671	28318	0.09432163288367823	8.693524752423738	12.96537404620598	0.23628223634728673
tgl-x-bible-1996.txt.clean.txt	3950	2671	28318	0.09432163288367823	8.693524752423738	12.96537404620598	0.23628223634728673
tgl-x-bible-1996.txt.clean.txt	4000	2671	28318	0.09432163288367823	8.693524752423738	12.96537404620598	0.23628223634728673
tgl-x-bible-1996.txt.clean.txt	4050	2671	28318	0.09432163288367823	8.693524752423738	12.96537404620598	0.23628223634728673
tgl-x-bible-1996.txt.clean.txt	4100	2671	28318	0.09432163288367823	8.693524752423738	12.96537404620598	0.23628223634728673
tgl-x-bible-1996.txt.clean.txt	4150	2671	28318	0.09432163288367823	8.693524752423738	12.96537404620598	0.23628223634728673
tgl-x-bible-1996.txt.clean.txt	4200	2671	28318	0.09432163288367823	8.693524752423738	12.96537404620598	0.23628223634728673
tgl-x-bible-1996.txt.clean.txt	4250	2671	28318	0.09432163288367823	8.693524752423738	12.96537404620598	0.23628223634728673
tgl-x-bible-1996.txt.clean.txt	4300	2671	28318	0.09432163288367823	8.693524752423738	12.96537404620598	0.23628223634728673
tgl-x-bible-1996.txt.clean.txt	4350	2671	28318	0.09432163288367823	8.693524752423738	12.96537404620598	0.23628223634728673
tgl-x-bible-1996.txt.clean.txt	4400	2671	28318	0.09432163288367823	8.693524752423738	12.96537404620598	0.23628223634728673
tgl-x-bible-1996.txt.clean.txt	4450	2671	28318	0.09432163288367823	8.693524752423738	12.96537404620598	0.23628223634728673
tgl-x-bible-1996.txt.clean.txt	4500	2671	28318	0.09432163288367823	8.693524752423738	12.96537404620598	0.23628223634728673
tgl-x-bible-1996.txt.clean.txt	4550	2671	28318	0.09432163288367823	8.693524752423738	12.96537404620598	0.23628223634728673
tgl-x-bible-1996.txt.clean.txt	4600	2671	28318	0.09432163288367823	8.693524752423738	12.96537404620598	0.23628223634728673
tgl-x-bible-1996.txt.clean.txt	4650	2671	28318	0.09432163288367823	8.693524752423738	12.96537404620598	0.23628223634728673
tgl-x-bible-1996.txt.clean.txt	4700	2671	28318	0.09432163288367823	8.693524752423738	12.96537404620598	0.23628223634728673
tgl-x-bible-1996.txt.clean.txt	4750	2671	28318	0.09432163288367823	8.693524752423738	12.96537404620598	0.23628223634728673
tgl-x-bible-1996.txt.clean.txt	4800	2671	28318	0.09432163288367823	8.693524752423738	12.96537404620598	0.23628223634728673
tgl-x-bible-1996.txt.clean.txt	4850	2671	28318	0.09432163288367823	8.693524752423738	12.96537404620598	0.23628223634728673
tgl-x-bible-1996.txt.clean.txt	4900	2671	28318	0.09432163288367823	8.693524752423738	12.96537404620598	0.23628223634728673
tgl-x-bible-1996.txt.clean.txt	4950	2671	28318	0.09432163288367823	8.693524752423738	12.96537404620598	0.23628223634728673
tgl-x-bible-1996.txt.clean.txt	5000	2671	28318	0.09432163288367823	8.693524752423738	12.96537404620598	0.23628223634728673
